3130 stocks, 1178 trades. 500 earns, 678 losses
profit_sum: 1739810.4800000002
profit_avg: 1476.9189134125638
profit_per_week_avg: 5.47097623089983
max_earn: 51980.77
max_loss: -10543.25
total_cache_use(weeks): 29029