date,open,high,low,close,volume,turnover,pre-close,changeamount,change
2017-05-12,40.1,40.1,40.1,40.1,9500.0,0.0005588235294117,40.1,0.0,0.0
2017-05-15,44.11,44.11,44.11,44.11,2700.0,0.0001588235294117,40.1,4.01,0.1
2017-05-16,48.52,48.52,48.52,48.52,4900.0,0.0002882352941176,44.11,4.41,0.1
2017-05-17,53.37,53.37,53.37,53.37,13570.0,0.0007982352941176,48.52,4.85,0.1
2017-05-18,58.72,58.72,58.72,58.72,46003.0,0.0027060588235294,53.37,5.34,0.1001
2017-05-19,64.59,64.59,64.59,64.59,127600.0,0.0075058823529411,58.71,5.87,0.1
2017-05-22,71.01,71.01,64.71,68.02,11032662.0,0.6489801176470589,64.58,3.43,0.0531
2017-05-23,69.51,74.51,67.89,72.34,9079225.0,0.5340720588235294,68.01,4.32,0.0635
2017-05-24,70.01,75.51,68.01,74.14,7455031.0,0.4385312352941176,72.33,1.8,0.0249
2017-05-25,75.01,79.01,73.02,77.97,6425908.0,0.3779945882352941,74.13,3.83,0.0517
2017-05-26,75.01,77.71,73.11,75.06,5731322.0,0.3371365882352941,77.96,-2.91,-0.0373
2017-05-31,76.32,79.39,69.81,70.0,7066378.0,0.4156692941176471,75.05,-5.06,-0.0674
2017-06-01,68.21,69.79,65.63,65.75,4526397.0,0.2662586470588235,69.99,-4.25,-0.0607
2017-06-02,64.96,68.01,64.06,66.66,2770924.0,0.1629955294117647,65.74,0.91,0.0138
2017-06-05,67.79,68.88,66.22,66.37,2476474.0,0.1456749411764706,66.65,-0.29,-0.0044
2017-06-06,65.16,65.51,62.53,63.93,2792008.0,0.1642357647058823,66.36,-2.44,-0.0368
2017-06-07,63.2,67.51,63.2,66.71,2840054.0,0.167062,63.92,2.79,0.0436
2017-06-08,66.51,69.45,66.51,68.18,3364655.0,0.1979208823529411,66.71,1.47,0.022
2017-06-09,67.2,67.98,65.85,67.59,1577376.0,0.0927868235294117,68.18,-0.59,-0.0087
2017-06-12,66.65,66.69,64.85,65.1,1322842.0,0.0778142352941176,67.59,-2.49,-0.0368
2017-06-13,65.0,67.39,65.0,66.65,1052713.0,0.061924294117647,65.1,1.55,0.0238
2017-06-14,66.7,67.67,66.2,66.41,1013664.0,0.059627294117647,66.65,-0.24,-0.0036
2017-06-15,66.08,68.33,66.01,67.28,1619293.0,0.0952525294117647,66.41,0.87,0.0131
2017-06-16,67.15,68.2,65.57,66.88,1223221.0,0.0719541764705882,67.28,-0.4,-0.0059
2017-06-19,66.7,68.13,66.25,66.95,1100945.0,0.0647614705882353,66.88,0.07,0.001
2017-06-20,67.17,67.17,65.63,65.69,903400.0,0.0531411764705882,66.95,-1.26,-0.0188
2017-06-21,65.75,66.11,65.2,65.65,461700.0,0.0271588235294117,65.69,-0.04,-0.0006
2017-06-22,65.97,66.84,64.2,64.29,918200.0,0.0540117647058823,65.65,-1.36,-0.0207
2017-06-23,64.3,65.28,63.2,64.64,638997.0,0.0375880588235294,64.29,0.35,0.0054
2017-06-26,64.58,65.7,64.16,65.19,1424040.0,0.0837670588235294,64.64,0.55,0.0085
2017-06-27,65.21,66.16,65.0,65.2,751200.0,0.0441882352941176,65.19,0.01,0.0002
2017-06-28,65.08,65.49,64.4,64.78,499700.0,0.0293941176470588,65.2,-0.42,-0.0064
2017-06-29,65.21,65.56,64.61,65.08,504100.0,0.0296529411764705,64.78,0.29,0.0045
2017-06-30,64.89,66.56,64.61,66.1,822097.0,0.0483586470588235,65.07,1.03,0.0158
2017-07-03,67.29,70.31,66.51,70.28,2136965.0,0.1257038235294117,66.1,4.17,0.0631
2017-07-04,75.06,76.81,71.41,74.08,4336749.0,0.2551028823529411,70.27,3.8,0.0541
2017-07-05,73.82,80.52,72.5,79.58,3646074.0,0.2144749411764706,74.07,5.5,0.0743
2017-07-06,78.01,79.01,76.52,78.26,1842644.0,0.1083908235294117,79.57,-1.32,-0.0166
2017-07-07,78.04,80.98,77.51,78.52,1660079.0,0.0976517058823529,78.25,0.26,0.0033
2017-07-10,77.52,78.75,74.71,76.37,1708438.0,0.1004963529411764,78.51,-2.15,-0.0274
2017-07-11,76.16,76.16,74.02,75.05,1036500.0,0.0609705882352941,76.36,-1.32,-0.0173
2017-07-12,75.08,78.51,74.51,78.32,1201765.0,0.0706920588235294,75.04,3.27,0.0436
2017-07-13,77.78,80.17,73.54,73.88,1546706.0,0.0909827058823529,78.31,-4.44,-0.0567
2017-07-14,73.31,74.51,71.91,73.91,1045076.0,0.0614750588235294,73.87,0.03,0.0004
2017-07-17,72.91,72.91,69.01,70.84,1423565.0,0.0837391176470588,73.9,-3.07,-0.0415
2017-07-18,70.51,72.56,70.03,71.3,744675.0,0.0438044117647058,70.83,0.46,0.0065
2017-07-19,70.52,72.01,69.23,71.86,851848.0,0.0501087058823529,71.29,0.56,0.0079
2017-07-20,71.61,73.13,70.71,70.91,608698.0,0.0358057647058823,71.85,-0.95,-0.0132
2017-07-21,70.51,71.9,68.53,69.82,883218.0,0.051954,70.9,-1.09,-0.0154
2017-07-24,69.42,73.32,68.83,73.13,799722.0,0.0470424705882353,69.81,3.3,0.0473
2017-07-25,72.91,73.8,72.72,73.16,511196.0,0.0300703529411764,73.11,0.04,0.0005
2017-07-26,73.31,73.61,71.58,73.25,518888.0,0.0305228235294117,73.15,0.09,0.0012
2017-07-27,73.06,77.71,72.6,76.55,1239341.0,0.0729024117647058,73.24,3.3,0.0451
2017-07-28,76.26,77.95,75.81,77.0,737500.0,0.0433823529411764,76.54,0.45,0.0059
2017-07-31,77.0,78.6,76.32,76.57,476900.0,0.0280529411764705,76.99,-0.43,-0.0056
2017-08-01,76.26,77.26,74.11,75.37,600659.0,0.0353328823529411,76.56,-1.2,-0.0157
2017-08-02,75.03,75.87,73.18,73.56,522518.0,0.0307363529411764,75.36,-1.81,-0.024
2017-08-03,72.91,75.36,72.63,74.0,450200.0,0.0264823529411764,73.55,0.44,0.006
2017-08-04,74.02,74.52,73.32,73.94,409300.0,0.0240764705882352,73.99,-0.07,-0.0009
2017-08-07,75.79,78.99,75.2,77.0,1024742.0,0.0602789411764705,73.92,3.06,0.0414
2017-08-08,75.52,77.68,75.27,77.16,800260.0,0.0470741176470588,76.98,0.16,0.0021
2017-08-09,77.72,79.66,76.68,77.43,801419.0,0.047142294117647,77.14,0.27,0.0035
2017-08-10,74.81,75.24,73.54,73.57,1189721.0,0.0699835882352941,77.41,-3.86,-0.0499
2017-08-11,72.71,74.21,72.23,72.96,527368.0,0.0310216470588235,73.55,-0.6,-0.0082
2017-08-14,73.67,74.39,72.91,73.89,410500.0,0.0241470588235294,72.95,0.93,0.0127
2017-08-15,73.7,74.88,73.28,74.17,395600.0,0.0232705882352941,73.88,0.28,0.0038
2017-08-16,74.17,74.99,73.51,74.23,830122.0,0.0488307058823529,74.16,0.06,0.0008
2017-08-17,74.01,74.51,73.01,73.35,555585.0,0.0326814705882352,74.22,-0.88,-0.0119
2017-08-18,73.11,73.39,71.01,71.45,583600.0,0.0343294117647058,73.34,-1.9,-0.0259
2017-08-21,71.57,72.51,70.92,72.47,264632.0,0.0155665882352941,71.44,1.02,0.0143
2017-08-22,72.44,72.77,70.98,71.15,526400.0,0.0309647058823529,72.46,-1.32,-0.0182
2017-08-23,71.21,72.2,71.21,71.75,379400.0,0.0223176470588235,71.14,0.6,0.0084
2017-08-24,71.97,71.97,70.54,71.26,374495.0,0.0220291176470588,71.74,-0.49,-0.0068
2017-08-25,71.41,72.01,70.82,71.73,338948.0,0.0199381176470588,71.25,0.47,0.0066
2017-08-28,71.92,74.36,71.92,73.9,900275.0,0.0529573529411764,71.72,2.17,0.0303
2017-08-29,74.07,77.51,73.73,75.91,1366225.0,0.0803661764705882,73.89,2.0,0.0271
2017-08-30,75.42,76.34,74.05,74.9,677550.0,0.0398558823529411,75.89,-1.01,-0.0133
2017-08-31,74.81,78.89,74.19,77.5,1236708.0,0.0727475294117647,74.88,2.6,0.0347
2017-09-01,77.02,80.66,76.7,79.41,1235772.0,0.0726924705882352,77.48,1.91,0.0247
2017-09-04,79.02,82.02,77.02,77.94,1249816.0,0.0735185882352941,79.39,-1.47,-0.0185
2017-09-05,77.92,78.72,77.13,78.26,585248.0,0.0344263529411764,77.92,0.32,0.0041
2017-09-06,77.92,80.52,77.63,80.49,838735.0,0.0493373529411764,78.24,2.23,0.0285
2017-09-07,80.14,88.02,80.14,85.03,1504068.0,0.0884745882352941,80.47,4.54,0.0564
2017-09-08,81.52,86.12,81.52,85.32,841244.0,0.0494849411764705,85.01,0.29,0.0034
2017-09-11,84.94,89.72,84.32,88.95,851075.0,0.0500632352941176,85.3,3.63,0.0426
2017-09-12,87.91,88.87,85.42,85.98,726327.0,0.0427251176470588,88.93,-2.97,-0.0334
2017-09-13,85.58,86.86,84.37,86.22,306100.0,0.0180058823529411,85.96,0.24,0.0028
2017-09-14,85.54,86.15,83.63,84.77,499600.0,0.0293882352941176,86.2,-1.46,-0.0169
2017-09-15,84.54,87.52,83.73,86.76,623829.0,0.0366958235294117,84.74,1.99,0.0235
2017-09-18,86.03,87.96,85.72,86.76,314029.0,0.018472294117647,86.73,0.0,0.0
2017-09-19,86.5,89.02,86.04,87.98,475046.0,0.0279438823529411,86.73,1.22,0.0141
2017-09-20,88.03,88.43,86.16,87.3,399714.0,0.0235125882352941,87.95,-0.68,-0.0077
2017-09-21,87.04,91.04,84.18,84.82,721580.0,0.0424458823529411,87.27,-2.48,-0.0284
2017-09-22,84.24,85.47,84.24,84.76,242388.0,0.0142581176470588,84.79,-0.07,-0.0008
2017-09-25,83.97,85.03,82.23,83.1,310432.0,0.0182607058823529,84.72,-1.65,-0.0195
2017-09-26,83.1,83.89,81.04,81.7,477932.0,0.0281136470588235,83.07,-1.4,-0.0169
2017-09-27,82.37,83.2,81.31,82.8,266100.0,0.0156529411764705,81.67,1.1,0.0135
2017-09-28,83.05,83.32,82.31,82.58,197200.0,0.0116,82.77,-0.22,-0.0027
2017-09-29,82.73,84.58,82.72,83.9,259427.0,0.0152604117647058,82.55,1.32,0.016
2017-10-09,84.98,85.77,84.03,84.99,396527.0,0.0233251176470588,83.87,1.09,0.013
2017-10-10,89.91,93.49,88.53,93.49,1033570.0,0.0607982352941176,84.96,8.5,0.1
2017-10-11,94.22,98.91,92.56,95.25,1671941.0,0.0983494705882352,93.46,1.76,0.0188
2017-10-12,94.52,97.8,93.1,96.61,786027.0,0.0462368823529411,95.22,1.36,0.0143
2017-10-13,95.68,97.8,94.71,95.21,480982.0,0.0282930588235294,96.58,-1.4,-0.0145
2017-10-16,95.29,101.91,95.28,98.45,924517.0,0.0543833529411764,95.18,3.24,0.034
2017-10-17,98.04,100.43,96.53,99.02,559500.0,0.0329117647058823,98.42,0.57,0.0058
2017-10-18,99.41,102.78,98.04,101.97,775127.0,0.0455957058823529,98.99,2.95,0.0298
2017-10-19,102.23,107.63,100.13,101.46,905171.0,0.0532453529411764,101.94,-0.51,-0.005
2017-10-20,100.68,103.18,98.78,102.15,514453.0,0.0302619411764705,101.43,0.69,0.0068
2017-10-23,101.93,112.36,101.93,112.36,960227.0,0.0564839411764705,102.12,10.21,0.1
2017-10-24,113.26,117.0,110.03,113.99,1195999.0,0.0703528823529411,112.33,1.63,0.0145
2017-10-25,113.25,121.03,111.03,118.49,1199505.0,0.0705591176470588,113.96,4.5,0.0395
2017-10-26,116.44,118.44,114.04,114.97,1247929.0,0.0734075882352941,118.46,-3.52,-0.0297
2017-10-27,114.83,119.72,113.81,116.52,800619.0,0.0470952352941176,114.94,1.54,0.0134
2017-10-30,116.51,118.52,111.08,112.95,1257267.0,0.0739568823529411,116.48,-3.56,-0.0306
2017-10-31,113.02,114.6,111.15,113.7,692208.0,0.0407181176470588,112.92,0.74,0.0066
2017-11-01,113.49,118.36,112.4,118.17,1044777.0,0.0614574705882352,113.66,4.48,0.0394
2017-11-02,117.04,118.32,111.53,112.36,955700.0,0.0562176470588235,118.14,-5.81,-0.0492
2017-11-03,111.97,113.53,107.23,109.11,941095.0,0.0553585294117647,112.33,-3.25,-0.0289
2017-11-06,111.04,112.04,108.48,110.44,877795.0,0.051635,109.08,1.33,0.0122
2017-11-07,110.86,115.11,109.49,113.7,868588.0,0.0510934117647058,110.41,3.26,0.0295
2017-11-08,113.66,116.93,112.38,112.71,678295.0,0.0398997058823529,113.67,-0.99,-0.0087
2017-11-09,113.43,118.83,112.71,118.62,1174100.0,0.0690647058823529,112.68,5.91,0.0524
2017-11-10,119.03,119.53,116.69,118.88,670254.0,0.0394267058823529,118.59,0.26,0.0022
2017-11-13,119.04,129.73,119.04,129.09,1224012.0,0.0720007058823529,118.85,10.21,0.0859
2017-11-14,128.03,128.04,122.24,124.97,1032317.0,0.0607245294117647,129.06,-4.12,-0.0319
2017-11-15,122.25,126.9,121.73,125.65,702138.0,0.0413022352941176,124.94,0.68,0.0054
2017-11-16,125.44,130.9,123.83,125.02,1235474.0,0.0726749411764706,125.62,-0.63,-0.005
2017-11-17,124.23,126.83,120.21,121.93,1310300.0,0.0770764705882352,124.99,-3.09,-0.0247
2017-11-20,124.81,129.01,123.03,126.51,1412414.0,0.0830831764705882,121.9,4.57,0.0375
2017-11-21,126.94,126.94,120.04,124.66,1168317.0,0.0687245294117647,126.47,-1.85,-0.0146
2017-11-22,124.04,125.04,120.54,121.11,861877.0,0.0506986470588235,124.62,-3.55,-0.0285
2017-11-23,121.03,122.03,111.51,111.72,1080643.0,0.0635672352941176,121.07,-9.38,-0.0775
2017-11-24,110.03,115.54,109.23,113.38,708917.0,0.041701,111.69,1.66,0.0149
2017-11-27,112.53,115.67,112.52,113.71,493900.0,0.0290529411764705,113.35,0.33,0.0029
2017-11-28,114.05,119.39,114.05,119.24,583103.0,0.0343001764705882,113.68,5.52,0.0486
2017-11-29,120.04,122.65,118.04,121.26,592000.0,0.0348235294117647,119.2,2.01,0.0169
2017-11-30,122.34,122.39,118.05,119.0,440700.0,0.0259235294117647,121.21,-2.25,-0.0186
2017-12-01,118.04,122.09,118.04,120.8,377300.0,0.0221941176470588,118.96,1.8,0.0151
2017-12-04,117.54,119.54,113.59,114.6,654800.0,0.0385176470588235,120.76,-6.2,-0.0513
2017-12-05,113.64,116.03,113.55,114.79,331696.0,0.0195115294117647,114.56,0.19,0.0017
2017-12-06,114.04,116.92,113.23,116.87,347300.0,0.0204294117647058,114.75,2.08,0.0181
2017-12-07,117.44,118.68,116.15,116.64,241500.0,0.0142058823529411,116.83,-0.23,-0.002
2017-12-08,116.36,119.83,114.04,119.02,333600.0,0.0196235294117647,116.6,2.38,0.0204
2017-12-11,119.18,124.47,119.04,124.18,749103.0,0.0440648823529411,118.98,5.16,0.0434
2017-12-12,124.54,128.26,123.54,123.59,822200.0,0.0483647058823529,124.14,-0.59,-0.0048
2017-12-13,124.0,130.04,123.63,130.03,885800.0,0.0521058823529411,123.55,6.44,0.0521
2017-12-14,130.45,132.79,129.04,129.83,694000.0,0.0408235294117647,129.99,-0.2,-0.0015
2017-12-15,129.64,130.48,126.1,126.85,587800.0,0.0345764705882352,129.79,-2.98,-0.023
2017-12-18,126.67,129.54,125.07,128.89,394313.0,0.0231948823529411,126.81,2.04,0.0161
2017-12-19,129.13,141.78,129.13,139.06,1093281.0,0.0643106470588235,128.85,10.17,0.0789
2017-12-20,139.04,140.3,136.26,137.93,566825.0,0.0333426470588235,139.02,-1.13,-0.0081
2017-12-21,138.74,144.46,136.64,138.07,883200.0,0.0519529411764705,137.89,0.14,0.001
2017-12-22,138.06,139.52,137.03,138.19,558500.0,0.0328529411764705,138.03,0.13,0.0009
2017-12-25,137.54,139.54,134.39,136.44,663083.0,0.0390048823529411,138.16,-1.76,-0.0127
2017-12-26,136.19,142.04,135.1,140.99,548383.0,0.0322578235294117,136.4,4.55,0.0334
2017-12-27,140.15,141.82,129.84,132.39,1089423.0,0.0640837058823529,140.95,-8.6,-0.061
2017-12-28,132.04,133.48,129.54,133.24,774612.0,0.0455654117647058,132.35,0.85,0.0064
2017-12-29,133.24,133.67,129.54,132.11,507023.0,0.0298248823529411,133.2,-1.13,-0.0085
2018-01-02,133.62,136.24,131.34,134.22,524509.0,0.0308534705882352,132.07,2.11,0.016
2018-01-03,134.54,135.03,131.17,133.59,712233.0,0.0418960588235294,134.18,-0.63,-0.0047
2018-01-04,132.36,138.26,132.36,138.15,720485.0,0.0423814705882352,133.55,4.56,0.0341
2018-01-05,138.39,144.94,138.39,142.0,875000.0,0.0514705882352941,138.11,3.85,0.0279
2018-01-08,142.83,145.23,140.94,144.15,613014.0,0.0360596470588235,141.96,2.14,0.0151
2018-01-09,142.69,145.65,142.18,143.14,462300.0,0.0271941176470588,144.1,-1.01,-0.007
2018-01-10,134.84,138.53,130.04,134.12,1611952.0,0.0948207058823529,143.09,-9.01,-0.063
2018-01-11,133.43,135.68,131.64,133.81,565543.0,0.0332672352941176,134.08,-0.31,-0.0023
2018-01-12,134.0,134.0,129.54,131.95,738778.0,0.0434575294117647,133.77,-1.86,-0.0139
2018-01-15,131.26,134.84,131.26,133.43,485925.0,0.0285838235294117,131.91,1.48,0.0112
2018-01-16,133.04,137.04,132.84,136.8,572314.0,0.0336655294117647,133.39,3.37,0.0253
2018-01-17,136.8,139.33,136.16,137.69,513525.0,0.0302073529411764,136.76,0.89,0.0065
2018-01-18,137.71,141.55,137.71,140.05,426625.0,0.0250955882352941,137.65,2.35,0.0171
2018-01-19,140.05,140.92,137.84,138.66,368308.0,0.0216651764705882,140.0,-1.38,-0.0099
2018-01-22,138.67,141.37,135.74,140.08,388119.0,0.0228305294117647,138.62,1.41,0.0102
2018-01-23,139.65,144.05,139.65,141.78,338600.0,0.0199176470588235,140.03,1.71,0.0122
2018-01-24,141.04,141.54,138.04,139.29,350881.0,0.0206400588235294,141.74,-2.49,-0.0176
2018-01-25,138.96,141.51,138.14,139.37,255500.0,0.0150294117647058,139.25,0.09,0.0006
2018-01-26,139.24,144.02,139.03,143.37,454296.0,0.026723294117647,139.34,4.0,0.0287
2018-01-29,143.53,151.23,143.03,148.45,931703.0,0.0548060588235294,143.34,5.08,0.0354
2018-01-30,149.63,153.01,148.18,149.59,448288.0,0.0263698823529411,148.42,1.14,0.0077
2018-01-31,148.58,156.92,148.53,156.35,655997.0,0.0385880588235294,149.56,6.76,0.0452
2018-02-01,156.24,156.84,150.02,153.19,649227.0,0.0381898235294117,156.32,-3.16,-0.0202
2018-02-02,151.43,155.04,148.06,152.73,404058.0,0.0237681176470588,153.16,-0.46,-0.003
2018-02-05,152.02,155.03,149.04,154.98,342153.0,0.0201266470588235,152.7,2.25,0.0147
2018-02-06,150.18,152.87,140.13,143.79,805653.0,0.0473913529411764,154.95,-11.19,-0.0722
2018-02-07,146.83,152.13,144.12,145.3,692950.0,0.0407617647058823,143.76,1.51,0.0105
2018-02-08,144.03,150.26,143.18,148.28,444400.0,0.0261411764705882,145.27,2.98,0.0205
2018-02-09,141.52,145.76,141.46,142.11,804195.0,0.0473055882352941,148.25,-6.16,-0.0416
2018-02-12,143.02,152.74,143.02,151.01,629200.0,0.0370117647058823,142.09,8.9,0.0626
2018-02-13,152.68,156.92,151.74,154.56,592070.0,0.0348276470588235,150.99,3.55,0.0235
2018-02-14,154.62,162.92,153.67,161.57,557127.0,0.0327721764705882,154.54,7.01,0.0454
2018-02-22,161.58,163.83,159.12,160.96,674800.0,0.0396941176470588,161.55,-0.62,-0.0038
2018-02-23,159.85,164.22,159.02,160.28,473600.0,0.0278588235294117,160.93,-0.67,-0.0042
2018-02-26,160.13,162.82,157.02,160.47,531550.0,0.0312676470588235,160.26,0.19,0.0012
2018-02-27,159.57,160.91,152.12,153.77,1080000.0,0.0635294117647058,160.45,-6.7,-0.0418
2018-02-28,150.52,156.52,150.02,155.17,663803.0,0.0390472352941176,153.75,1.4,0.0091
2018-03-01,154.52,156.67,150.27,151.94,799400.0,0.0470235294117647,155.15,-3.23,-0.0208
2018-03-02,150.92,154.82,150.92,153.58,750957.0,0.0441739411764705,151.92,1.64,0.0108
2018-03-05,154.46,161.3,153.74,160.81,789630.0,0.0464488235294117,153.56,7.23,0.0471
2018-03-06,160.79,163.03,159.12,162.15,550500.0,0.0323823529411764,160.79,1.33,0.0083
2018-03-07,162.15,162.15,156.53,158.3,429450.0,0.0252617647058823,162.12,-3.84,-0.0237
2018-03-08,159.9,161.57,157.18,161.5,420950.0,0.0247617647058823,158.28,3.2,0.0202
2018-03-09,163.03,163.51,159.54,161.74,368000.0,0.0216470588235294,161.48,0.24,0.0015
2018-03-12,161.02,161.63,158.11,160.21,456199.0,0.0268352352941176,161.72,-1.53,-0.0095
2018-03-13,160.32,162.72,159.52,160.27,395000.0,0.023235294117647,160.19,0.06,0.0004
2018-03-14,160.02,168.9,159.02,168.75,906050.0,0.0532970588235294,160.25,8.48,0.0529
2018-03-15,167.02,168.01,163.22,165.93,592980.0,0.0348811764705882,168.73,-2.81,-0.0167
2018-03-16,165.82,171.67,164.56,168.7,697527.0,0.041031,165.92,2.77,0.0167
2018-03-19,169.26,177.87,169.21,175.82,719027.0,0.0422957058823529,168.69,7.12,0.0422
2018-03-20,174.02,179.91,173.59,177.41,539500.0,0.031735294117647,175.81,1.59,0.009
2018-03-21,175.08,176.99,170.22,171.8,687350.0,0.0404323529411764,177.4,-5.61,-0.0316
2018-03-22,171.92,174.84,170.01,173.02,466950.0,0.0274676470588235,171.79,1.22,0.0071
2018-03-23,168.01,173.89,165.92,167.88,744290.0,0.0437817647058823,173.01,-5.14,-0.0297
2018-03-26,165.01,170.71,163.62,170.47,794700.0,0.0467470588235294,167.87,2.59,0.0154
2018-03-27,172.0,174.0,161.12,166.12,1358380.0,0.0799047058823529,170.46,-4.34,-0.0255
2018-03-28,158.01,162.47,154.86,155.06,1241716.0,0.0730421176470588,166.12,-11.07,-0.0666
2018-03-29,155.21,160.01,152.31,159.77,1037246.0,0.0610144705882352,155.05,4.71,0.0304
2018-03-30,159.82,161.82,157.33,159.9,570999.0,0.0335881764705882,159.76,0.12,0.0008
2018-04-02,162.01,162.35,156.75,157.71,734630.0,0.0432135294117647,159.88,-2.19,-0.0137
2018-04-03,155.74,160.09,155.31,157.99,548300.0,0.0322529411764705,157.69,0.29,0.0018
2018-04-04,158.98,159.2,154.29,154.42,589670.0,0.0346864705882352,157.98,-3.57,-0.0226
2018-04-09,154.23,156.41,145.68,151.02,998051.0,0.0587088823529411,154.41,-3.39,-0.022
2018-04-10,151.03,159.98,151.01,159.68,692670.0,0.040745294117647,151.02,8.65,0.0573
2018-04-11,160.91,161.43,158.45,160.04,442290.0,0.0260170588235294,159.67,0.36,0.0023
2018-04-12,160.01,164.01,159.01,161.34,432600.0,0.0254470588235294,160.03,1.3,0.0081
2018-04-13,161.01,165.01,160.34,163.0,372900.0,0.021935294117647,161.33,1.66,0.0103
2018-04-16,165.02,165.02,162.02,164.24,527400.0,0.0310235294117647,162.99,1.24,0.0076
2018-04-17,164.24,165.02,156.18,158.38,579610.0,0.0340947058823529,164.23,-5.87,-0.0357
2018-04-18,159.91,160.31,155.96,160.21,464900.0,0.0273470588235294,158.36,1.84,0.0116
2018-04-19,160.81,160.95,158.01,158.72,369900.0,0.0217588235294117,160.2,-1.49,-0.0093
2018-04-20,157.03,158.19,152.37,153.6,562900.0,0.0331117647058823,158.71,-5.12,-0.0323
2018-04-23,149.08,151.57,144.0,146.73,797790.0,0.0469288235294117,153.59,-6.86,-0.0447
2018-04-24,147.02,151.98,146.99,151.81,516173.0,0.0303631176470588,146.73,5.08,0.0346
2018-04-25,151.8,157.5,150.55,156.99,494890.0,0.0291111764705882,151.81,5.18,0.0341
2018-04-26,147.0,150.0,141.29,141.32,2278341.0,0.1340200588235294,156.99,-15.67,-0.0998
2018-04-27,140.0,142.88,138.1,139.64,1093800.0,0.0643411764705882,141.32,-1.68,-0.0119
2018-05-02,138.88,142.54,133.5,142.22,942116.0,0.0554185882352941,139.64,2.59,0.0185
2018-05-03,140.99,144.24,139.99,143.54,575000.0,0.0338235294117647,142.23,1.32,0.0093
2018-05-04,141.53,144.68,139.5,139.57,593569.0,0.0349158235294117,143.55,-3.98,-0.0277
2018-05-07,137.75,139.49,134.61,139.19,952900.0,0.0560529411764705,139.57,-0.37,-0.0027
2018-05-08,138.99,140.99,137.9,140.33,532099.0,0.0312999411764705,139.2,1.14,0.0082
2018-05-09,140.94,140.94,136.97,137.57,490300.0,0.0288411764705882,140.34,-2.76,-0.0197
2018-05-10,137.57,140.49,136.1,140.11,617006.0,0.0362944705882352,137.58,2.54,0.0185
2018-05-11,139.89,144.89,139.52,141.41,702728.0,0.0413369411764705,140.12,1.3,0.0093
2018-05-14,141.47,141.49,136.0,137.55,699169.0,0.0379643309513532,141.42,-3.86,-0.0273
2018-05-15,137.47,139.54,137.27,137.98,285100.0,0.015480707460186,137.56,0.43,0.0031
2018-05-16,137.99,138.76,133.99,135.1,775308.0,0.0420986192197191,137.99,-2.89,-0.0209
2018-05-17,135.05,135.05,130.34,130.53,825208.0,0.0448081502693974,135.1,-4.57,-0.0338
2018-05-18,130.19,133.99,129.99,132.94,522890.0,0.0283925188490237,130.53,2.42,0.0185
2018-05-21,134.0,134.0,131.78,132.35,400549.0,0.0217494980444407,132.95,-0.6,-0.0045
2018-05-22,132.39,133.2,129.99,133.15,601656.0,0.0326694511668386,132.35,0.81,0.0061
2018-05-23,132.84,132.84,130.49,130.89,498208.0,0.0270523055149925,133.16,-2.26,-0.017
2018-05-24,129.88,130.74,124.2,124.87,897990.0,0.0487601560581286,130.1,-5.98,-0.046
2018-05-25,124.08,126.18,123.24,123.66,560300.0,0.030423852647991,124.12,-1.2,-0.0097
2018-05-28,119.73,120.52,116.02,116.39,1028377.0,0.0558400683822649,122.92,-7.23,-0.0588
2018-05-29,116.17,121.1,115.69,119.34,769075.0,0.0417601721849967,115.69,2.94,0.0254
2018-05-30,116.7,118.68,110.75,112.91,885128.0,0.0480617594977886,118.63,-6.4,-0.0539
2018-05-31,113.7,116.2,108.14,115.38,1205775.0,0.0654726413111393,112.23,2.46,0.0219
2018-06-01,114.48,119.17,113.69,116.46,729642.0,0.0396189910651177,114.69,1.07,0.0093
2018-06-04,116.57,118.18,113.69,115.68,691603.0,0.0375535030571275,115.76,-0.77,-0.0067
2018-06-05,114.74,117.07,114.7,116.58,549330.0,0.0298281902108172,114.99,0.9,0.0078
2018-06-06,116.58,116.58,112.47,112.67,722302.0,0.0392204347944837,115.89,-3.88,-0.0335
2018-06-07,111.69,115.59,111.21,115.12,684238.0,0.0371535893060076,112.01,2.43,0.0217
2018-06-08,115.12,115.46,109.23,109.74,697237.0,0.0378594248594098,114.44,-5.35,-0.0467
2018-06-11,109.22,119.52,108.85,118.02,1153469.0,0.0626324663395066,109.09,8.22,0.0754
2018-06-12,118.02,120.7,116.7,117.47,1000233.0,0.0543118711505586,117.31,-0.54,-0.0046
2018-06-13,118.61,120.4,116.71,117.31,704428.0,0.0382498905463484,116.77,-0.16,-0.0014
2018-06-14,116.29,117.3,113.71,114.0,562875.0,0.0305636731380295,116.61,-3.29,-0.0282
2018-06-15,114.0,116.5,114.0,114.38,412903.0,0.022420310601309,113.32,0.37,0.0033
2018-06-19,112.26,113.58,102.94,104.09,923815.0,0.0501624333999711,113.69,-10.22,-0.0899
2018-06-20,100.6,105.63,100.6,103.19,583894.0,0.0317049884312798,103.47,-0.9,-0.0087
2018-06-21,103.35,104.63,97.6,97.75,898223.0,0.0487728077762563,102.57,-5.41,-0.0527
2018-06-22,97.77,100.4,97.11,98.89,567000.0,0.0307876574181883,97.16,1.14,0.0117
2018-06-25,99.59,100.6,96.88,97.02,456923.0,0.0248105622407246,98.3,-1.87,-0.019
2018-06-26,96.4,103.92,95.89,102.26,811487.0,0.044063110679565,96.43,5.22,0.0541
2018-06-27,102.49,104.12,101.12,102.35,611256.0,0.0331907236733899,101.65,0.08,0.0008
2018-06-28,102.59,103.09,97.9,98.43,496248.0,0.0269458790449049,101.73,-3.9,-0.0383
2018-06-29,98.14,103.12,96.78,102.63,616978.0,0.0335014238069823,97.83,4.18,0.0427
2018-07-02,102.73,102.82,97.15,97.57,679571.0,0.0369001748489164,102.01,-5.03,-0.0493
2018-07-03,98.09,100.91,96.59,100.78,589171.0,0.0319915254122247,96.98,3.19,0.0329
2018-07-04,101.09,102.11,96.8,97.13,505506.0,0.0274485812184104,100.17,-3.63,-0.0362
2018-07-05,97.13,98.8,93.81,93.89,486686.0,0.026426669908692,96.54,-3.22,-0.0334
2018-07-06,94.65,96.83,91.68,95.21,599690.0,0.0325626989014344,93.32,1.32,0.0141
2018-07-09,95.17,96.84,94.22,96.55,533250.0,0.0289550587623437,94.64,1.33,0.0141
2018-07-10,96.58,96.58,93.62,95.41,532850.0,0.0289333390745708,95.97,-1.13,-0.0118
2018-07-11,93.68,93.68,86.52,87.98,1164877.0,0.0632519118347918,94.84,-7.39,-0.0779
2018-07-12,87.92,91.96,86.66,91.62,877391.0,0.0476416464370399,87.45,3.62,0.0414
2018-07-13,91.62,99.69,91.36,97.84,1423398.0,0.0772894003416832,91.07,6.18,0.0679
2018-07-16,98.56,98.57,94.88,95.88,716879.0,0.0389259701275016,97.25,-1.95,-0.0201
2018-07-17,95.98,96.82,92.24,93.48,629719.0,0.0341932501617709,95.3,-2.38,-0.025
2018-07-18,94.17,94.56,90.9,91.21,555539.0,0.0301653340642732,92.92,-2.26,-0.0243
2018-07-19,91.64,91.95,87.18,87.34,765533.0,0.0415678443497671,90.66,-3.84,-0.0424
2018-07-20,87.34,90.1,87.34,89.52,746492.0,0.0405339329125542,86.82,2.16,0.0249
2018-07-23,89.47,90.02,86.92,88.95,619618.0,0.0336447737462839,88.98,-0.56,-0.0063
2018-07-24,89.9,94.01,89.64,93.02,845205.0,0.0458939717603877,88.42,4.04,0.0457
2018-07-25,93.41,93.41,91.43,92.07,618999.0,0.0336111625294552,92.46,-0.94,-0.0102
2018-07-26,91.55,93.33,88.87,89.26,574599.0,0.0312002771866553,91.52,-2.79,-0.0305
2018-07-27,88.73,90.53,87.35,87.76,543764.0,0.0295259607554563,88.73,-1.49,-0.0168
2018-07-30,87.38,88.39,81.81,82.76,1005392.0,0.0545920008236105,87.24,-4.97,-0.057
2018-07-31,82.88,84.44,81.84,82.83,420541.0,0.0228350480393339,82.27,0.07,0.0009
2018-08-01,82.88,83.44,79.16,79.21,843501.0,0.0458014458904748,82.34,-3.61,-0.0438
2018-08-02,78.95,78.95,74.0,76.69,944475.0,0.0512842552734451,78.73,-2.5,-0.0318
2018-08-03,77.35,77.35,74.94,75.02,547800.0,0.0297451124050856,76.23,-1.66,-0.0218
2018-08-06,74.63,75.55,70.7,72.22,900334.0,0.0488874334284782,74.57,-2.78,-0.0373
2018-08-07,66.27,68.46,65.0,67.86,2311434.0,0.1255090619695814,71.79,-4.33,-0.0603
2018-08-08,68.61,69.09,62.47,62.62,1739200.0,0.0944372024368838,67.46,-5.21,-0.0772
2018-08-09,63.38,66.38,63.35,65.42,1525830.0,0.082851377986586,62.25,2.78,0.0447
2018-08-10,67.1,70.01,66.85,68.06,1734900.0,0.0942037157933243,65.03,2.62,0.0403
2018-08-13,68.4,69.86,67.91,68.3,1147307.0,0.0622978745493639,67.65,0.24,0.0035
2018-08-14,68.8,69.65,67.41,68.17,850433.0,0.0461778480795805,67.89,-0.12,-0.0018
2018-08-15,68.75,69.05,65.08,65.35,805959.0,0.0437629445945425,67.77,-2.81,-0.0415
2018-08-16,64.29,67.57,63.49,65.91,936221.0,0.0508360695162498,64.96,0.56,0.0086
2018-08-17,66.8,67.89,63.47,63.57,964374.0,0.0523647554409311,65.52,-2.32,-0.0354
2018-08-20,63.43,65.34,62.4,65.34,767595.0,0.0416798093402367,63.2,1.75,0.0277
2018-08-21,65.59,66.29,63.89,64.69,966408.0,0.0524752000532566,64.95,-0.64,-0.0099
2018-08-22,64.18,65.48,61.76,62.31,1119387.0,0.0607818403428105,64.31,-2.36,-0.0367
2018-08-23,62.3,64.68,62.22,64.39,1069463.0,0.0580710061118658,61.95,2.06,0.0333
2018-08-24,64.68,67.09,64.68,65.66,1350378.0,0.0733244713387271,64.01,1.27,0.0198
2018-08-27,66.87,67.38,65.89,66.27,1138888.0,0.0618407294209623,65.28,0.6,0.0092
2018-08-28,66.44,66.87,65.78,66.24,661428.0,0.0359150241107539,65.88,-0.03,-0.0005
2018-08-29,66.39,66.61,63.0,64.0,1282011.0,0.0696121966037901,65.85,-2.22,-0.0337
2018-08-30,64.0,65.32,63.67,63.67,871105.0,0.0473003215436877,63.63,-0.33,-0.0052
2018-08-31,63.4,65.3,62.7,63.48,686554.0,0.0372793462982131,63.3,-0.19,-0.003
2018-09-03,63.48,64.88,61.57,64.56,657800.0,0.035718026542653,63.11,1.08,0.0171
2018-09-04,65.32,65.32,62.67,63.67,997193.0,0.054146801523484,64.19,-0.89,-0.0139
2018-09-05,63.67,63.67,60.23,60.41,1306199.0,0.0709255861234218,63.3,-3.24,-0.0512
2018-09-06,60.43,61.12,59.13,59.39,691360.0,0.0375403083468054,60.06,-1.01,-0.0168
2018-09-07,59.28,60.83,58.85,59.89,736295.0,0.0399802437720017,59.05,0.49,0.0083
2018-09-10,59.87,60.11,58.05,58.33,658726.0,0.0357683076198474,59.54,-1.54,-0.0259
2018-09-11,58.33,58.94,57.63,58.53,620048.0,0.0336681224106399,58.0,0.2,0.0034
2018-09-12,58.42,61.5,58.18,59.84,1195592.0,0.0649197123596589,58.2,1.3,0.0223
2018-09-13,60.11,60.81,58.87,60.35,710761.0,0.038593767503014,59.5,0.51,0.0086
2018-09-14,60.35,60.35,59.05,59.15,545142.0,0.0296007850798342,60.01,-1.2,-0.02
2018-09-17,59.14,59.14,54.33,55.41,902484.0,0.0490041767502579,58.81,-3.71,-0.0631
2018-09-18,55.5,58.12,55.5,57.33,1041137.0,0.0565329264222228,55.1,1.9,0.0345
2018-09-19,57.88,60.53,57.5,59.56,1418065.0,0.0769998226044501,57.0,2.22,0.0389
2018-09-20,60.09,60.09,58.91,59.28,780524.0,0.0423818439482786,59.22,-0.28,-0.0047
2018-09-21,59.8,60.21,59.23,60.08,812414.0,0.0441134460559789,58.94,0.8,0.0136
2018-09-25,59.49,61.29,59.27,59.53,796400.0,0.0432438983559879,59.74,-0.55,-0.0092
2018-09-26,59.84,60.83,56.85,60.43,864464.0,0.0469397204274369,59.19,0.9,0.0152
2018-09-27,60.61,60.7,58.4,58.63,807409.0,0.0438416784627195,60.09,-1.79,-0.0298
2018-09-28,59.59,60.34,58.94,60.23,725087.0,0.039371658120603,58.3,1.59,0.0273
2018-10-08,59.28,59.32,55.43,55.76,870251.0,0.0472539500102924,59.89,-4.45,-0.0743
2018-10-09,55.64,57.33,55.64,56.62,624303.0,0.0338991655893249,55.44,0.86,0.0155
2018-10-10,57.33,58.01,56.04,56.12,613310.0,0.0333022542701041,56.3,-0.5,-0.0089
2018-10-11,53.3,54.21,50.51,50.51,1261939.0,0.0685223026713424,55.8,-5.58,-0.1
2018-10-12,49.16,49.82,46.78,48.02,1218171.0,0.0661457344352237,50.22,-2.47,-0.0492
2018-10-15,48.14,49.74,47.35,47.52,604590.0,0.0328287650766533,47.75,-0.5,-0.0105
2018-10-16,47.27,48.06,44.76,45.63,706130.0,0.0383423078178224,47.25,-1.88,-0.0398
2018-10-17,46.67,46.86,45.16,46.86,848585.0,0.0460775031220693,45.37,1.23,0.0271
2018-10-18,46.68,46.74,45.05,45.35,662412.0,0.0359684545426754,46.6,-1.5,-0.0322
2018-10-19,44.37,46.67,44.25,46.27,689767.0,0.0374538096902495,45.1,0.91,0.0202
2018-10-22,46.69,49.25,46.54,48.65,1214573.0,0.0659503658437059,46.01,2.37,0.0515
2018-10-23,48.54,48.98,46.93,47.26,922979.0,0.0501170392525256,48.38,-1.39,-0.0287
2018-10-24,47.26,48.65,47.26,47.67,771400.0,0.0418864178701771,46.99,0.41,0.0087
2018-10-25,45.87,46.85,44.73,46.22,947933.0,0.0514720219742425,47.4,-1.44,-0.0304
2018-10-26,46.86,50.48,46.86,48.83,1761037.0,0.0956229344916298,45.96,2.6,0.0566
2018-10-29,49.08,49.26,47.17,47.46,979220.0,0.0531708816526249,48.56,-1.37,-0.0282
2018-10-30,46.93,48.88,46.8,48.27,985269.0,0.0534993376309717,47.19,0.81,0.0172
2018-10-31,48.29,50.44,48.27,49.73,1453189.0,0.0789070283877948,48.0,1.45,0.0302
2018-11-01,49.95,51.03,49.15,49.29,1377728.0,0.0748095549902041,49.45,-0.44,-0.0089
2018-11-02,50.26,52.96,49.84,52.63,1750065.0,0.0950271634560171,49.01,3.32,0.0677
2018-11-05,53.08,53.18,51.17,52.22,1631476.0,0.0885878733227446,52.33,-0.41,-0.0078
2018-11-06,52.38,53.79,51.31,52.43,1133451.0,0.0615455045649082,51.92,0.22,0.0042
2018-11-07,51.95,52.75,51.3,51.55,816790.0,0.0443510594402152,52.14,-0.88,-0.0169
2018-11-08,51.89,52.22,50.51,50.95,637575.0,0.0346198248296321,51.26,-0.6,-0.0117
2018-11-09,50.73,51.28,50.34,50.57,548600.0,0.0297885517806315,50.66,-0.37,-0.0073
2018-11-12,50.38,53.41,50.38,53.29,1378122.0,0.0748309488826605,50.29,2.7,0.0537
2018-11-13,52.54,54.83,52.53,54.4,1614837.0,0.0876843886106084,52.99,1.11,0.0209
2018-11-14,54.31,55.41,53.6,54.82,1232682.0,0.0669336704084077,54.1,0.41,0.0076
2018-11-15,56.87,60.3,56.87,60.3,2203917.0,0.1196709727938648,54.51,5.45,0.1
2018-11-16,64.87,66.33,64.51,66.33,1359747.0,0.0738332007255896,59.96,6.0,0.1001
2018-11-19,68.39,70.36,64.93,66.08,4842204.0,0.2629278975325946,65.96,-0.26,-0.0039
2018-11-20,65.47,72.63,63.86,69.31,4093656.0,0.2222823254248873,65.7,3.22,0.049
2018-11-21,67.88,75.28,66.89,74.82,4237912.0,0.230115313623332,68.92,5.48,0.0795
2018-11-22,75.42,76.28,71.11,72.72,2936076.0,0.1594266349942939,74.4,-2.09,-0.0281
2018-11-23,72.41,73.76,68.39,68.39,2746361.0,0.1491252585796703,72.31,-4.3,-0.0595
2018-11-26,68.41,70.24,66.39,67.68,2197899.0,0.1193442000913204,68.01,-0.71,-0.0104
2018-11-27,68.66,68.67,64.37,65.03,2280145.0,0.1238100936927601,67.3,-2.64,-0.0392
2018-11-28,65.37,67.13,64.45,66.61,1979429.0,0.1074814496219172,64.66,1.57,0.0243
2018-11-29,67.39,67.69,61.7,62.29,2366690.0,0.1285094196385398,66.23,-4.3,-0.0649
2018-11-30,62.31,64.34,61.69,64.24,1749400.0,0.0949910544750946,61.93,1.94,0.0313
2018-12-03,66.58,66.87,64.72,65.22,1971256.0,0.107037662101496,63.87,0.98,0.0153
2018-12-04,65.27,67.89,64.73,67.2,1938722.0,0.1052710912964812,64.85,1.97,0.0304
2018-12-05,65.37,65.94,64.53,65.68,1435290.0,0.0779351266591737,66.82,-1.52,-0.0227
2018-12-06,65.36,65.36,62.49,63.16,1275831.0,0.0692766274276977,65.3,-2.5,-0.0383
2018-12-07,63.49,64.35,62.36,62.66,728229.0,0.0395422662680597,62.8,-0.5,-0.008
2018-12-10,61.89,63.53,61.23,62.91,857099.0,0.046539806676317,62.3,0.25,0.004
2018-12-11,62.96,64.05,62.17,63.34,827000.0,0.0449054544706203,62.55,0.43,0.0069
2018-12-12,63.74,63.83,63.04,63.83,690800.0,0.0375099007839232,62.98,0.49,0.0078
2018-12-13,63.84,66.53,62.61,65.46,1804143.0,0.0979635566444841,63.47,1.61,0.0254
2018-12-14,65.28,65.28,62.36,62.48,1205502.0,0.0654578176242343,65.08,-2.96,-0.0455
2018-12-17,61.73,61.73,58.92,59.8,1367480.0,0.0742530965894606,62.12,-2.66,-0.0428
2018-12-18,59.24,60.29,58.53,59.79,786099.0,0.0426845620966144,59.46,-0.01,-0.0002
2018-12-19,59.48,60.05,58.84,59.0,559199.0,0.0303640692073959,59.45,-0.79,-0.0133
2018-12-20,58.71,59.61,58.56,59.51,570686.0,0.0309878043410162,58.66,0.51,0.0087
2018-12-21,59.16,61.32,59.16,60.34,918190.0,0.0498570002906637,59.17,0.83,0.014
2018-12-24,60.23,60.94,59.66,60.8,606226.0,0.0329175985996448,60.0,0.45,0.0075
2018-12-25,59.94,60.14,57.67,59.42,851877.0,0.0462562561524409,60.45,-1.37,-0.0227
2018-12-26,59.43,61.0,59.42,60.04,802200.0,0.043558833828696,59.08,0.62,0.0105
2018-12-27,60.83,61.18,58.13,58.13,625500.0,0.0339641617549855,59.7,-1.9,-0.0318
2018-12-28,58.5,59.18,57.99,58.35,505180.0,0.0274308796728754,57.8,0.22,0.0038
2019-01-02,58.52,58.76,54.91,54.92,1139900.0,0.0618956802310279,58.02,-3.41,-0.0588
2019-01-03,54.64,56.63,54.64,55.74,884600.0,0.0480330895099283,54.61,0.82,0.015
2019-01-04,55.68,57.85,54.6,57.35,819600.0,0.0445036402468203,55.43,1.6,0.0289
2019-01-07,57.95,58.85,57.37,58.35,737700.0,0.0400565341753042,57.03,0.99,0.0174
2019-01-08,58.14,58.14,56.6,57.02,686700.0,0.0372872739842502,58.02,-1.32,-0.0228
2019-01-09,57.13,59.02,56.87,57.64,986200.0,0.0535498902042633,56.7,0.61,0.0108
2019-01-10,57.21,57.69,55.31,56.14,744500.0,0.0404257688674448,57.31,-1.49,-0.026
2019-01-11,56.36,57.83,55.94,57.32,682888.0,0.0370802853597738,55.82,1.18,0.0211
2019-01-14,57.67,57.72,55.9,56.11,547090.0,0.0297065599592886,57.0,-1.2,-0.0211
2019-01-15,56.11,56.87,55.56,56.69,439000.0,0.0238373573308371,55.8,0.57,0.0102
2019-01-16,56.76,62.36,56.76,62.36,2290986.0,0.1243987515306271,56.37,5.64,0.1001
2019-01-17,62.35,62.65,60.63,61.11,1818841.0,0.098761646571702,62.01,-1.24,-0.02
2019-01-18,61.75,65.79,60.75,64.55,2493521.0,0.1353962439383745,60.77,3.42,0.0563
2019-01-21,63.58,67.15,63.58,64.41,1851807.0,0.1005516746395115,64.19,-0.15,-0.0023
2019-01-22,64.41,65.55,62.37,63.36,1370200.0,0.0744007904663168,64.04,-1.04,-0.0162
2019-01-23,62.56,63.34,61.76,62.86,1056800.0,0.0573834150961929,63.0,-0.5,-0.0079
2019-01-24,63.42,63.77,61.88,62.56,872500.0,0.0473760689547959,62.5,-0.3,-0.0048
2019-01-25,62.18,66.49,62.18,65.33,1838336.0,0.0998202098545372,62.2,2.75,0.0442
2019-01-28,65.52,68.18,64.87,66.17,1806808.0,0.0981082640642716,64.95,0.84,0.0129
2019-01-29,65.17,70.4,65.01,68.29,2707472.0,0.1470136162351625,65.79,2.11,0.0321
2019-01-30,68.39,69.26,65.98,66.93,1452887.0,0.0788906300235262,67.9,-1.35,-0.0199
2019-01-31,67.09,67.29,65.13,66.13,1254505.0,0.0681186422740817,66.55,-0.8,-0.012
2019-02-01,66.47,68.07,65.49,67.37,1036400.0,0.0562757110197713,65.75,1.23,0.0187
2019-02-11,66.67,69.1,65.96,69.1,1340259.0,0.0727750175372903,66.98,1.72,0.0257
2019-02-12,68.07,68.89,66.68,67.63,1437014.0,0.0780287385134752,68.7,-1.46,-0.0213
2019-02-13,67.69,68.74,66.65,68.39,1458787.0,0.0792109954181775,67.24,0.76,0.0113
2019-02-14,68.12,70.18,67.38,69.33,1444687.0,0.0784453764241802,68.0,0.94,0.0138
2019-02-15,68.69,69.22,66.56,66.59,1287788.0,0.0699258831944513,68.94,-2.73,-0.0396
2019-02-18,66.73,68.41,66.47,68.09,1355979.0,0.0736286012667682,66.21,1.49,0.0225
2019-02-19,68.17,68.98,66.39,66.93,1297518.0,0.0704542145995288,67.7,-1.15,-0.017
2019-02-20,67.19,67.23,65.2,65.97,1028936.0,0.0558704216459277,66.55,-0.95,-0.0143
2019-02-21,66.25,67.3,65.26,65.31,1039612.0,0.0564501201125883,65.6,-0.66,-0.0101
2019-02-22,64.81,65.45,64.27,65.29,991281.0,0.0538257845381995,64.94,-0.01,-0.0002
2019-02-25,65.68,68.65,65.67,68.46,2062485.0,0.1119913255910972,64.93,3.15,0.0485
2019-02-26,68.55,73.2,68.46,71.2,2543776.0,0.1381250512109513,68.08,2.73,0.0401
2019-02-27,71.05,74.36,70.72,72.3,2474110.0,0.1343422417899716,70.81,1.09,0.0154
2019-02-28,71.89,72.6,70.54,71.4,1250650.0,0.0679093187831696,71.9,-0.9,-0.0125
2019-03-01,71.4,72.49,69.92,71.18,1082721.0,0.058790905163101,71.0,-0.22,-0.0031
2019-03-04,70.89,73.1,70.2,71.13,2010280.0,0.1091566348406271,70.78,-0.04,-0.0006
2019-03-05,70.42,73.17,70.42,72.6,1836054.0,0.0996962990357924,70.74,1.46,0.0206
2019-03-06,73.34,74.28,70.28,72.44,1764749.0,0.0958244931941629,72.2,-0.16,-0.0022
2019-03-07,72.19,73.5,70.69,72.75,2010467.0,0.109166788794661,72.04,0.31,0.0043
2019-03-08,71.49,72.25,68.88,68.88,1736367.0,0.0942833727482317,72.35,-3.85,-0.0532
2019-03-11,68.81,70.48,68.2,70.45,1269540.0,0.0689350310382483,68.5,1.56,0.0228
2019-03-12,70.19,71.69,69.8,70.5,1506228.0,0.0817870046872715,70.06,0.05,0.0007
2019-03-13,71.63,76.3,71.63,73.61,2559713.0,0.138990417871046,70.11,3.09,0.0441
2019-03-14,73.66,74.96,69.84,70.92,1482520.0,0.0804996787929674,73.2,-2.67,-0.0365
2019-03-15,71.44,72.02,70.27,71.79,1126807.0,0.0611847405509991,70.53,0.87,0.0123
2019-03-18,72.16,78.97,72.01,78.97,2591217.0,0.1407010604800452,71.4,7.14,0.1
2019-03-19,79.69,82.42,77.43,78.09,2387465.0,0.1296374859222486,78.54,-0.88,-0.0112
2019-03-20,78.42,82.33,76.68,82.32,2224655.0,0.1207970300064545,77.66,4.21,0.0542
2019-03-21,82.45,85.01,80.54,80.96,1988695.0,0.1079845861891781,81.87,-1.36,-0.0166
2019-03-22,80.83,84.83,80.83,83.43,1864776.0,0.1012558812163307,80.51,2.46,0.0306
2019-03-25,81.33,87.23,80.85,85.68,2015295.0,0.1094289454260808,82.97,2.23,0.0269
2019-03-26,85.56,90.38,85.56,88.02,2294140.0,0.124570011268717,85.2,2.33,0.0273
2019-03-27,88.49,89.29,79.24,87.6,3029470.0,0.1644978562939664,87.53,-0.41,-0.0047
2019-03-28,81.45,84.25,78.84,78.84,4080924.0,0.2215909877630736,87.12,-8.71,-0.1
2019-03-29,76.72,80.3,76.72,79.69,1910469.0,0.1037369754498568,78.41,0.84,0.0107
2019-04-01,80.64,83.55,79.77,82.6,1963369.0,0.1066094041578324,79.25,2.9,0.0366
2019-04-02,83.86,83.86,80.52,81.08,1616400.0,0.0877692582905813,82.15,-1.51,-0.0184
2019-04-03,81.09,81.12,79.43,80.25,1177665.0,0.0639462902528937,80.64,-0.83,-0.0103
2019-04-04,81.14,82.22,80.29,80.4,1197269.0,0.0650107721506471,79.81,0.15,0.0019
2019-04-08,80.29,80.29,77.32,77.83,1511757.0,0.0820872250715134,79.96,-2.56,-0.032
2019-04-09,77.93,78.83,77.43,78.62,802855.0,0.0435943998174243,77.4,0.79,0.0102
2019-04-10,78.35,79.92,77.43,79.01,863595.0,0.0468925344057501,78.19,0.39,0.005
2019-04-11,78.63,80.08,77.43,77.43,781638.0,0.0424423332787264,78.58,-1.57,-0.02
2019-04-12,76.63,76.63,71.4,72.52,1920819.0,0.1042989723709824,77.01,-4.89,-0.0635
2019-04-15,73.76,74.29,71.69,71.69,1193200.0,0.0647898286267765,72.12,-0.82,-0.0114
2019-04-16,71.54,73.17,69.52,72.91,1390731.0,0.075515607740484,71.3,1.21,0.017
2019-04-17,72.91,73.28,72.25,72.46,960681.0,0.0521642284235671,72.51,-0.45,-0.0062
2019-04-18,72.8,72.88,70.89,71.25,799300.0,0.043401366092342,72.06,-1.2,-0.0167
2019-04-19,71.69,72.38,70.88,71.89,632798.0,0.0343604374584034,70.86,0.64,0.009
2019-04-22,71.87,72.19,69.25,69.39,968222.0,0.0525736988373071,71.5,-2.48,-0.0347
2019-04-23,69.44,70.23,68.93,69.73,684315.0,0.0371577703459039,69.02,0.33,0.0048
2019-04-24,69.49,69.63,68.17,69.48,632300.0,0.034333396447126,69.35,-0.24,-0.0035
2019-04-25,69.4,70.8,68.53,69.05,883220.0,0.0479581565871116,69.11,-0.43,-0.0062
2019-04-26,68.18,68.2,65.21,65.27,1264453.0,0.0686588109089955,68.68,-3.76,-0.0547
2019-04-29,64.85,65.11,62.34,62.43,1000100.0,0.0543046493543741,64.92,-2.83,-0.0436
2019-04-30,62.69,63.79,62.67,62.97,562583.0,0.0305478177659552,62.09,0.54,0.0087
2019-05-06,60.35,62.21,57.32,57.64,980488.0,0.0532397330628653,62.63,-5.3,-0.0846
2019-05-07,58.93,60.01,57.66,59.29,927600.0,0.0503679559455228,57.33,1.64,0.0286
2019-05-08,58.82,60.28,58.05,59.14,636393.0,0.0345556431522629,58.97,-0.15,-0.0025
2019-05-09,58.32,59.57,58.1,58.5,620224.0,0.03367767907326,58.82,-0.64,-0.0109
2019-05-10,58.57,60.21,57.84,60.03,973055.0,0.052836126964824,58.18,1.52,0.0261
2019-05-13,59.32,59.91,58.31,58.62,730200.0,0.039649290029561,59.7,-1.4,-0.0235
2019-05-14,57.63,58.55,57.41,57.46,698600.0,0.0379334346954962,58.3,-1.15,-0.0197
2019-05-15,58.12,58.77,57.83,58.72,663411.0,0.0360226994628884,57.15,1.25,0.0219
2019-05-16,58.78,60.21,58.39,59.85,1034616.0,0.0561788412123039,58.4,1.12,0.0192
2019-05-17,59.82,60.23,56.77,56.97,1037558.0,0.0563385895158741,59.52,-2.86,-0.0481
2019-05-20,56.51,56.71,53.87,54.68,782093.0,0.0424670394235681,56.66,-2.28,-0.0402
2019-05-21,54.68,57.45,54.03,57.31,1051446.0,0.0570926970753517,54.38,2.62,0.0482
2019-05-22,57.32,57.61,55.86,56.35,590854.0,0.0320829109985295,57.0,-0.96,-0.0168
2019-05-23,56.37,56.37,54.32,54.78,518436.0,0.0281506701256717,56.04,-1.56,-0.0278
2019-05-24,54.73,55.76,54.28,54.51,515698.0,0.0280019988628657,54.48,-0.27,-0.005
2019-05-27,54.69,56.3,54.12,56.09,595360.0,0.032327583281292,54.21,1.57,0.029
2019-05-28,56.0,56.81,55.39,55.74,578509.0,0.0314125871346361,55.78,-0.35,-0.0063
2019-05-29,55.76,57.09,55.58,56.74,588848.0,0.031973986764348,55.43,0.99,0.0179
2019-05-30,56.31,56.32,54.91,55.86,575257.0,0.0312360060730419,56.42,-0.87,-0.0154
2019-05-31,55.38,56.65,55.38,56.31,468667.0,0.025448252273739,55.55,0.45,0.0081
2019-06-03,56.3,57.1,55.33,55.41,456399.0,0.024782109449742,56.0,-0.9,-0.0161
2019-06-04,55.41,55.7,54.42,54.76,330561.0,0.0179492042748037,55.1,-0.64,-0.0116
2019-06-05,55.61,55.61,54.56,54.74,339681.0,0.0184444131560275,54.46,-0.02,-0.0004
2019-06-06,55.09,55.09,52.49,52.65,557699.0,0.0302826203782472,54.44,-2.08,-0.0382
2019-06-10,53.19,53.75,52.69,53.7,447503.0,0.0242990635936711,52.36,1.04,0.0199
2019-06-11,53.76,56.01,53.76,55.98,714613.0,0.0388029280962677,53.4,2.27,0.0425
2019-06-12,56.37,56.87,55.48,56.5,651555.0,0.0353789279172975,55.67,0.51,0.0092
2019-06-13,56.43,57.43,56.01,57.31,644547.0,0.034998398987515,56.18,0.81,0.0144
2019-06-14,57.3,57.53,54.3,54.91,655651.0,0.0356013375200927,55.99,-2.34,-0.0418
2019-06-17,54.92,57.1,54.3,56.61,640953.0,0.0348032475928748,53.65,1.65,0.0308
2019-06-18,56.76,57.17,55.41,57.01,624061.0,0.0338860251782222,55.3,0.4,0.0072
2019-06-19,58.21,58.55,56.87,57.0,906865.0,0.0492420616305914,55.7,-0.01,-0.0002
2019-06-20,57.0,58.21,56.34,57.95,770337.0,0.0418286977999205,55.69,0.93,0.0167
2019-06-21,58.55,59.16,58.06,58.86,746923.0,0.0405573358761295,56.62,0.89,0.0157
2019-06-24,59.36,59.36,57.93,58.83,550719.0,0.0299036118266089,57.51,-0.03,-0.0005
2019-06-25,58.45,58.76,56.81,57.48,622749.0,0.0338147846023269,57.48,-1.33,-0.0231
2019-06-26,57.32,58.85,57.19,58.09,537951.0,0.0292103193928956,56.15,0.6,0.0107
2019-06-27,58.44,58.84,57.53,57.68,694949.0,0.0377351882453484,56.75,-0.4,-0.007
2019-06-28,58.3,58.34,56.3,56.55,538522.0,0.0292413242471915,56.35,-1.11,-0.0197
2019-07-01,57.7,59.14,57.02,58.98,934399.0,0.050737136338444,55.24,2.38,0.0431
2019-07-02,58.96,59.49,58.43,59.18,682305.0,0.0370486289148447,57.62,0.19,0.0033
2019-07-03,59.06,59.06,57.63,57.79,575275.0,0.0312369834589916,57.81,-1.35,-0.0234
2019-07-04,58.32,58.86,57.71,57.93,520347.0,0.0282544359340071,56.46,0.13,0.0023
2019-07-05,58.35,58.66,57.35,58.54,447674.0,0.024308348760194,56.59,0.6,0.0106
2019-07-08,58.54,58.55,55.38,55.9,751874.0,0.0408261713115395,57.19,-2.58,-0.0451
2019-07-09,55.79,57.53,55.58,57.47,582574.0,0.0316333134616289,54.61,1.53,0.028
2019-07-10,57.43,58.12,55.82,56.35,425700.0,0.0231151777123858,56.14,-1.09,-0.0194
2019-07-11,57.41,57.45,55.48,55.59,489643.0,0.0265872327005537,55.05,-0.75,-0.0136
2019-07-12,55.32,56.1,55.07,55.59,363411.0,0.0197329336331591,54.3,0.0,0.0
2019-07-15,55.49,56.49,53.74,56.2,517480.0,0.0280987600718943,54.3,0.6,0.011
2019-07-16,56.09,56.61,55.48,56.01,241446.0,0.0131103293350827,54.9,-0.18,-0.0033
2019-07-17,55.75,56.48,55.75,56.24,366898.0,0.01992227501132,54.72,0.22,0.004
2019-07-18,55.97,55.97,54.77,54.86,333574.0,0.0181128078229537,54.94,-1.34,-0.0244
2019-07-19,55.57,55.57,54.78,55.04,250154.0,0.0135831669379003,53.6,0.17,0.0032
2019-07-22,55.09,55.58,52.62,52.75,589404.0,0.0320041771303525,53.77,-2.23,-0.0415
2019-07-23,52.59,53.42,52.59,53.06,308200.0,0.0167350194290752,51.54,0.3,0.0058
2019-07-24,53.07,53.9,52.94,53.51,325358.0,0.0176666854360968,51.84,0.44,0.0085
2019-07-25,53.62,54.19,53.43,53.9,237474.0,0.012894652835497,52.28,0.38,0.0073
2019-07-26,53.6,54.35,53.35,54.28,264447.0,0.014359265681248,52.66,0.37,0.007
2019-07-29,54.28,54.57,53.39,53.91,276200.0,0.0149974444072374,53.03,-0.36,-0.0068
2019-07-30,54.13,55.06,53.43,54.83,416692.0,0.0226260503437384,52.67,0.9,0.0171
2019-07-31,54.42,54.69,53.79,53.83,272210.0,0.014780790521702,53.57,-0.98,-0.0183
2019-08-01,53.54,53.73,53.23,53.37,244323.0,0.0132665481893898,52.59,-0.45,-0.0086
2019-08-02,52.71,52.82,51.98,52.42,389101.0,0.0211278805803782,52.14,-0.93,-0.0178
2019-08-05,52.68,52.88,51.67,51.67,283681.0,0.0154036568678114,51.21,-0.73,-0.0143
2019-08-06,50.18,50.88,48.42,49.5,602031.0,0.0326898133741258,50.48,-2.12,-0.042
2019-08-07,49.95,50.13,49.55,49.74,299100.0,0.01624089653224,48.36,0.24,0.005
2019-08-08,49.79,50.5,49.79,50.05,307673.0,0.0167064037404343,48.6,0.3,0.0062
2019-08-09,49.79,50.68,48.93,49.12,287648.0,0.0156190618712998,48.9,-0.91,-0.0186
2019-08-12,49.32,49.64,48.83,49.54,267588.0,0.0145298195294853,47.99,0.41,0.0085
2019-08-13,49.03,49.31,48.87,49.2,202679.0,0.0110053114953456,48.4,-0.33,-0.0068
2019-08-14,49.83,50.05,49.48,49.95,334957.0,0.0181879036434287,48.07,0.73,0.0152
2019-08-15,49.23,50.64,48.63,50.52,387604.0,0.0210465946488879,48.8,0.56,0.0115
2019-08-16,50.5,51.43,50.17,50.94,425162.0,0.0230859647323311,49.36,0.41,0.0083
2019-08-19,51.24,53.19,51.18,53.09,649041.0,0.0352424196796443,49.77,2.1,0.0422
2019-08-20,53.12,54.46,52.83,54.13,709246.0,0.0385115041855738,51.87,1.01,0.0195
2019-08-21,53.51,54.43,53.51,54.2,547008.0,0.0297021074232951,52.88,0.07,0.0013
2019-08-22,54.25,58.14,54.23,57.54,1715605.0,0.0931560123543756,52.95,3.26,0.0616
2019-08-23,57.26,59.78,56.87,57.63,1568684.0,0.0851783167361434,56.21,0.09,0.0016
2019-08-26,56.68,58.54,56.51,57.84,1170708.0,0.0635685305833023,56.3,0.2,0.0036
2019-08-27,58.8,60.13,57.71,59.58,1551184.0,0.0842280803960758,56.5,1.7,0.0301
2019-08-28,59.6,60.09,58.55,59.31,720455.0,0.039120144136192,58.2,-0.26,-0.0045
2019-08-29,59.35,60.11,58.62,59.35,794287.0,0.0431291641053272,57.94,0.04,0.0007
2019-08-30,59.58,60.33,58.4,59.11,832970.0,0.0452296208106319,57.98,-0.23,-0.004
2019-09-02,58.75,60.07,58.75,59.49,779788.0,0.0423418797227764,57.75,0.37,0.0064
2019-09-03,59.83,59.83,57.82,58.57,1057163.0,0.0574031257128469,58.12,-0.9,-0.0155
2019-09-04,58.9,62.41,58.25,61.5,1385749.0,0.0752450890292716,57.22,2.86,0.05
2019-09-05,61.59,62.16,59.84,60.04,1525194.0,0.082816843683027,60.08,-1.43,-0.0238
2019-09-06,60.07,60.29,57.71,58.61,927327.0,0.0503531322586178,58.65,-1.39,-0.0237
2019-09-09,59.17,60.76,58.91,60.6,886064.0,0.0481125835671774,57.26,1.94,0.0339
2019-09-10,60.6,64.31,59.88,63.26,1387360.0,0.0753325650717773,59.2,2.6,0.0439
2019-09-11,63.26,64.86,62.15,62.63,1140700.0,0.0619391196065739,61.8,-0.61,-0.0099
2019-09-12,62.69,63.49,61.93,62.68,612831.0,0.033276244943996,61.19,0.04,0.0007
2019-09-16,62.68,62.84,61.32,61.73,769704.0,0.0417943263940197,61.23,-0.93,-0.0152
2019-09-17,61.72,62.5,60.9,61.42,790994.0,0.0429503567757362,60.3,-0.3,-0.005
2019-09-18,61.91,63.3,61.24,62.13,632171.0,0.0343263918478192,60.0,0.7,0.0117
2019-09-19,62.94,62.94,61.01,61.33,556200.0,0.030201225848318,60.7,-0.79,-0.013
2019-09-20,61.41,61.82,60.94,61.71,480603.0,0.0260963677568845,59.91,0.37,0.0062
2019-09-23,61.22,61.63,60.18,60.49,566404.0,0.0307552950834065,60.28,-1.19,-0.0197
2019-09-24,60.6,64.38,60.6,63.27,1088424.0,0.0591005736115241,59.09,2.71,0.0459
2019-09-25,62.7,64.93,62.67,63.71,1213416.0,0.0658875416468225,61.8,0.43,0.007
2019-09-26,63.74,64.78,62.09,62.09,967980.0,0.0525605584262044,62.23,-1.58,-0.0254
2019-09-27,62.43,68.31,62.43,67.76,1949777.0,0.1058713691673068,60.65,5.53,0.0912
2019-09-30,67.22,68.59,65.01,65.71,1299902.0,0.0705836639386557,66.18,-2.0,-0.0302
2019-10-08,66.55,66.55,63.58,64.13,1034607.0,0.056178352519329,64.18,-1.54,-0.024
2019-10-09,64.26,64.81,62.79,64.63,608953.0,0.033065672571037,62.64,0.48,0.0077
2019-10-10,64.51,65.12,63.79,64.59,644599.0,0.0350012225469255,63.12,-0.04,-0.0006
2019-10-11,64.91,66.03,64.2,64.5,575251.0,0.0312356802777253,63.08,-0.08,-0.0013
2019-10-14,64.5,65.89,64.16,64.68,576975.0,0.0313292921320268,63.0,0.17,0.0027
2019-10-15,64.51,64.51,62.6,62.72,535599.0,0.0290826076287905,63.17,-1.91,-0.0302
2019-10-16,62.73,65.82,62.73,65.02,882690.0,0.0479293780008124,61.26,2.24,0.0366
2019-10-17,65.02,65.63,64.31,64.6,517775.0,0.0281147783416269,63.5,-0.41,-0.0065
2019-10-18,64.9,66.3,63.62,64.49,535000.0,0.0290500823963505,63.09,-0.11,-0.0017
2019-10-21,64.37,64.37,58.87,60.13,1070755.0,0.0581411607033725,62.98,-4.25,-0.0675
2019-10-22,60.2,63.48,60.12,63.37,1144322.0,0.0621357913793581,58.73,3.16,0.0538
2019-10-23,63.36,64.1,62.47,63.17,606334.0,0.0329234629153435,61.89,-0.19,-0.0031
2019-10-24,63.28,63.28,61.55,61.65,426900.0,0.0231803367757047,61.7,-1.49,-0.0241
2019-10-25,62.15,62.75,60.74,62.12,424000.0,0.0230228690393506,60.21,0.46,0.0076
2019-10-28,57.6,62.75,57.6,61.61,708991.0,0.0384976578846186,60.67,-0.5,-0.0082
2019-10-29,61.36,62.06,60.67,60.99,428500.0,0.0232672155267966,60.17,-0.6,-0.01
2019-10-30,61.43,61.43,59.72,60.41,622588.0,0.0338060424279982,59.57,-0.57,-0.0096
2019-10-31,59.83,61.39,58.57,58.86,457300.0,0.0248310330464506,59.0,-1.51,-0.0256
2019-11-01,58.86,59.69,57.91,58.96,555600.0,0.0301686463166586,57.49,0.1,0.0017
2019-11-04,59.43,61.29,59.43,60.42,491100.0,0.0266663466632668,57.59,1.43,0.0248
2019-11-05,60.25,63.24,59.79,62.84,1053701.0,0.0572151418151718,59.02,2.36,0.04
2019-11-06,63.27,63.27,61.44,62.18,687300.0,0.0373198535159097,61.38,-0.65,-0.0106
2019-11-07,62.1,65.93,61.63,65.34,1165931.0,0.0633091432120735,60.73,3.09,0.0509
2019-11-08,65.67,66.52,65.01,65.43,1040500.0,0.0564983378194443,63.82,0.09,0.0014
2019-11-11,65.52,66.34,64.5,65.1,908600.0,0.0493362707763067,63.91,-0.32,-0.005
2019-11-12,64.5,65.82,64.5,65.3,593700.0,0.0322374465770342,63.59,0.19,0.003
2019-11-13,65.84,65.87,64.17,65.01,614600.0,0.033372300263172,63.78,-0.28,-0.0044
2019-11-14,66.78,68.27,65.22,65.89,1369689.0,0.0743730435651868,63.5,0.86,0.0135
2019-11-15,63.91,66.08,63.91,64.16,904900.0,0.0491353636644067,64.36,-1.69,-0.0263
2019-11-18,63.68,67.42,63.51,66.6,1125620.0,0.0611202873775328,62.67,2.39,0.0381
2019-11-19,66.24,67.26,66.24,67.21,1044139.0,0.0566959326789589,65.06,0.59,0.0091
2019-11-20,66.7,67.13,65.69,66.03,944756.0,0.0512995133541056,65.65,-1.15,-0.0175
2019-11-21,65.93,65.94,64.4,64.92,633122.0,0.0343780304054995,64.5,-1.09,-0.0169
2019-11-22,65.41,65.88,62.96,63.21,805400.0,0.0437325913308798,63.41,-1.66,-0.0262
2019-11-25,62.65,63.98,61.63,62.39,497131.0,0.0269938252556638,61.75,-0.81,-0.0131
2019-11-26,62.47,63.68,61.76,63.33,444200.0,0.0241197132718858,60.94,0.92,0.0151
2019-11-27,63.3,63.3,60.43,61.45,628000.0,0.0340999098035666,61.86,-1.84,-0.0297
2019-11-28,60.94,61.86,60.94,61.61,338872.0,0.0184004850875067,60.02,0.16,0.0027
2019-11-29,61.37,62.04,60.71,61.94,474050.0,0.0257405449719438,60.18,0.32,0.0053
2019-12-02,61.94,61.94,61.06,61.17,392800.0,0.0213287333930588,60.5,-0.75,-0.0124
2019-12-03,61.15,61.89,60.42,61.74,315130.0,0.0171113130197419,59.75,0.55,0.0092
2019-12-04,61.74,61.74,61.03,61.48,234389.0,0.012727139743548,60.3,-0.25,-0.0041
2019-12-05,61.32,62.42,61.32,62.02,354889.0,0.0192701956851559,60.05,0.53,0.0088
2019-12-06,62.14,62.54,61.72,62.51,345300.0,0.0187495204700183,60.58,0.48,0.0079
2019-12-09,62.69,62.82,61.8,62.18,364880.0,0.0198126991865053,61.06,-0.33,-0.0054
2019-12-10,62.11,62.16,61.23,61.94,377500.0,0.0204979553357426,60.73,-0.23,-0.0038
2019-12-11,62.95,62.95,62.13,62.25,448000.0,0.024326050305729,60.5,0.3,0.005
2019-12-12,61.89,62.19,60.55,60.72,752300.0,0.0408493027790177,60.8,-1.49,-0.0245
2019-12-13,60.51,61.65,59.9,61.54,679778.0,0.036911414787339,59.31,0.8,0.0135
2019-12-16,61.99,65.42,61.99,65.06,1380116.0,0.0749392215262088,60.11,3.44,0.0572
2019-12-17,65.28,65.47,64.55,65.31,1032589.0,0.0560687766945143,63.55,0.24,0.0038
2019-12-18,65.01,67.06,65.01,65.93,1093012.0,0.0593496984302801,63.79,0.6,0.0094
2019-12-19,65.93,66.96,65.63,66.48,813000.0,0.0441452653985663,64.39,0.54,0.0084
2019-12-20,66.33,67.86,65.92,67.42,1124371.0,0.0610524676524617,64.93,0.92,0.0142
2019-12-23,67.48,67.48,64.82,64.97,1181395.0,0.0641488263413767,65.85,-2.4,-0.0364
2019-12-24,66.32,66.32,64.88,65.72,535800.0,0.0290935217718964,63.45,0.73,0.0115
2019-12-25,65.77,65.78,65.02,65.24,439004.0,0.0238375745277148,64.18,-0.47,-0.0073
2019-12-26,65.61,66.46,65.15,65.87,674517.0,0.0366257465939049,63.71,0.62,0.0097
2019-12-27,65.79,67.87,65.54,66.38,1010254.0,0.054856003628491,64.33,0.5,0.0078
2019-12-30,66.16,69.11,66.07,68.61,1521908.0,0.082638416447972,64.83,2.17,0.0335
2019-12-31,68.61,68.98,66.86,68.38,1169751.0,0.0635165662303054,67.0,-0.22,-0.0033
2020-01-02,68.05,69.49,68.05,69.2,1157539.0,0.0628534641625966,66.78,0.8,0.012
2020-01-03,68.66,69.84,67.83,68.81,843164.0,0.0457831470535261,67.58,-0.38,-0.0056
2020-01-06,68.61,68.7,66.78,67.72,950403.0,0.0516061410462406,67.2,-1.07,-0.0159
2020-01-07,67.58,69.26,67.46,68.3,624500.0,0.033909862535553,66.13,0.57,0.0086
2020-01-08,67.68,68.44,67.41,67.58,661287.0,0.0359073679208139,66.7,-0.7,-0.0105
2020-01-09,68.15,70.5,67.62,70.23,1305522.0,0.070888825551866,66.0,2.59,0.0392
2020-01-10,70.23,72.55,68.73,71.57,1424200.0,0.077332948315668,68.59,1.31,0.0191
2020-01-13,71.67,71.67,69.99,70.83,902897.0,0.0490266023278835,69.9,-0.73,-0.0104
2020-01-14,70.94,71.73,69.37,69.62,826547.0,0.0448808569242174,69.17,-1.18,-0.0171
2020-01-15,69.38,70.44,69.38,69.92,536183.0,0.029114318372939,67.99,0.29,0.0043
2020-01-16,70.13,70.45,69.42,69.64,394728.0,0.0214334222881245,68.28,-0.27,-0.004
2020-01-17,69.61,69.81,67.79,67.89,902777.0,0.0490200864215516,68.01,-1.71,-0.0251
2020-01-20,67.87,68.81,67.44,68.8,565227.0,0.0306913849021346,66.3,0.89,0.0134
2020-01-21,68.81,69.34,68.25,68.49,435408.0,0.0236423145346358,67.19,-0.3,-0.0045
2020-01-22,68.48,68.48,65.53,67.08,921987.0,0.0500631744268486,66.89,-1.38,-0.0206
2020-01-23,66.15,67.17,62.47,63.59,999405.0,0.0542669113968685,65.51,-3.41,-0.0521
2020-02-03,57.23,57.23,57.23,57.23,151700.0,0.0082371915878997,62.1,-6.21,-0.1
2020-02-04,52.1,55.51,52.1,54.46,1842598.0,0.1000516331277583,55.89,-2.7,-0.0483
2020-02-05,56.2,59.25,56.18,58.48,1286075.0,0.0698328686315635,53.19,3.92,0.0737
2020-02-06,58.31,58.87,56.34,57.86,1613163.0,0.0875934917172785,57.11,-0.6,-0.0105
2020-02-07,57.35,58.65,56.93,58.1,978173.0,0.0531140303698792,56.51,0.23,0.0041
2020-02-10,58.22,60.72,58.22,60.31,1058615.0,0.0574819681794628,56.74,2.16,0.0381
2020-02-11,60.31,61.1,59.74,60.52,846215.0,0.0459488139720145,58.9,0.2,0.0034
2020-02-12,61.43,62.17,60.16,61.44,1079415.0,0.0586113919436573,59.1,0.9,0.0152
2020-02-13,61.44,63.17,61.44,61.95,901355.0,0.0489428729315187,60.0,0.5,0.0083
2020-02-14,61.78,62.58,61.47,62.07,835114.0,0.045346038337095,60.5,0.12,0.002
2020-02-17,62.41,64.3,62.08,64.28,844419.0,0.0458512925739138,60.62,2.15,0.0355
2020-02-18,63.74,64.74,63.33,64.26,864327.0,0.0469322814343746,62.77,-0.01,-0.0002
2020-02-19,64.61,66.74,64.39,66.04,1310452.0,0.0711565207036679,62.76,1.74,0.0277
2020-02-20,65.53,67.29,65.43,66.76,955499.0,0.0518828498684682,64.5,0.7,0.0109
2020-02-21,66.5,68.79,66.5,68.33,1106261.0,0.0600691087885404,65.2,1.53,0.0235
2020-02-24,68.26,70.24,67.59,69.52,1133395.0,0.06154246380862,66.73,1.16,0.0174
2020-02-25,68.4,69.41,66.55,68.55,1211342.0,0.0657749250657197,67.89,-0.95,-0.014
2020-02-26,67.7,71.27,67.7,69.48,1564370.0,0.0849440699035119,66.94,0.91,0.0136
2020-02-27,69.26,70.16,67.69,69.42,1064083.0,0.0577788763113193,67.85,-0.06,-0.0009
2020-02-28,67.46,70.3,66.77,67.79,1429421.0,0.0776164445403248,67.79,-1.59,-0.0235
2020-03-02,68.09,74.56,67.85,73.93,1952795.0,0.1060352442115538,66.2,6.0,0.0906
2020-03-03,74.55,75.67,70.93,71.89,1854207.0,0.1006819927661493,72.2,-1.99,-0.0276
2020-03-04,71.22,78.35,70.99,77.72,2086888.0,0.1133163894429068,70.21,5.7,0.0812
2020-03-05,76.59,81.2,75.78,76.92,1854962.0,0.1007229886768208,75.91,-0.79,-0.0104
2020-03-06,76.17,76.17,72.92,73.02,1490930.0,0.0809563352283942,75.12,-3.8,-0.0506
2020-03-09,71.16,72.3,69.01,69.81,1361100.0,0.0739066675694817,71.32,-3.14,-0.044
2020-03-10,68.81,71.25,67.76,70.73,1033701.0,0.0561291574265232,68.18,0.9,0.0132
2020-03-11,70.84,71.62,69.11,69.57,792700.0,0.0430429912440879,69.08,-1.13,-0.0164
2020-03-12,67.69,69.08,66.51,67.12,916600.0,0.0497706645317661,67.95,-2.39,-0.0352
2020-03-13,63.65,65.22,61.94,64.45,1415616.0,0.07686684381606,65.56,-2.61,-0.0398
2020-03-16,64.46,64.82,59.76,60.1,942620.0,0.051183530221398,62.95,-4.25,-0.0675
2020-03-17,60.26,61.84,58.36,60.4,830214.0,0.0450799721618761,58.7,0.29,0.0049
2020-03-18,60.3,62.25,60.0,60.7,764100.0,0.0414900335683204,58.99,0.3,0.0051
2020-03-19,61.28,62.11,58.36,61.79,950839.0,0.0516298155059131,59.29,1.06,0.0179
2020-03-20,62.25,62.63,60.97,62.13,527500.0,0.0286428382506072,60.35,0.33,0.0055
2020-03-23,60.8,60.8,58.78,58.8,590427.0,0.0320597252318318,60.68,-3.25,-0.0536
2020-03-24,59.72,61.25,58.99,60.65,546605.0,0.0296802248378638,57.43,1.81,0.0315
2020-03-25,62.25,62.56,61.05,62.1,554756.0,0.0301228177754576,59.24,1.41,0.0238
2020-03-26,61.43,61.75,60.53,60.83,431722.0,0.0234421676118079,60.65,-1.24,-0.0204
2020-03-27,61.77,62.67,61.14,61.56,575097.0,0.0312273181979327,59.41,0.71,0.012
2020-03-30,60.62,60.62,58.87,59.57,612126.0,0.0332379639942961,60.12,-1.94,-0.0323
2020-03-31,59.87,60.7,59.39,59.44,433500.0,0.0235387116239587,58.18,-0.13,-0.0022
2020-04-01,59.87,60.17,58.47,59.73,360225.0,0.0195599363200474,58.05,0.28,0.0048
2020-04-02,59.24,60.96,58.98,60.96,477445.0,0.0259248908219169,58.33,1.21,0.0207
2020-04-03,60.92,64.11,60.61,63.89,1238186.0,0.0672325333121638,59.54,2.86,0.048
2020-04-07,64.9,65.69,63.66,65.17,1295300.0,0.0703337789308277,62.4,1.25,0.02
2020-04-08,64.86,67.16,64.6,66.96,1213574.0,0.0658961209234928,63.65,1.75,0.0275
2020-04-09,67.14,67.83,66.07,66.48,1168737.0,0.0634615068218009,65.4,-0.47,-0.0072
2020-04-10,66.07,66.07,60.2,60.2,2243500.0,0.1218202987966587,64.93,-6.13,-0.0944
2020-04-13,60.84,60.84,58.87,59.07,825531.0,0.0448256889172741,58.8,-1.1,-0.0187
2020-04-14,59.59,60.6,58.87,60.42,690501.0,0.0374936653173129,57.7,1.31,0.0227
2020-04-15,60.27,61.1,60.27,60.57,643100.0,0.0349198280169963,59.01,0.15,0.0025
2020-04-16,60.42,62.82,59.51,60.78,579330.0,0.0314571667937901,59.16,0.21,0.0035
2020-04-17,61.12,62.18,60.76,61.39,726971.0,0.0394739578500137,59.37,0.6,0.0101
2020-04-20,61.93,64.35,61.13,64.03,1131354.0,0.0639983174444479,59.97,2.57,0.0429
2020-04-21,63.98,64.79,62.78,63.74,776716.0,0.0439371913054462,62.54,-0.28,-0.0045
2020-04-22,63.52,64.48,63.15,64.29,603070.0,0.0341144021245544,62.26,0.54,0.0087
2020-04-23,64.19,65.97,63.84,64.97,808312.0,0.0457245106042464,62.8,0.66,0.0105
2020-04-24,65.21,65.81,63.66,64.17,708601.0,0.0400840689469902,63.46,-0.78,-0.0123
2020-04-27,64.3,65.19,63.34,63.39,484165.0,0.0273881962369789,62.68,-0.76,-0.0121
2020-04-28,63.31,63.88,59.9,62.24,869001.0,0.0491575597536603,61.92,-1.12,-0.0181
2020-04-29,62.95,63.04,61.12,61.17,597765.0,0.0338143094267403,60.8,-1.05,-0.0173
2020-04-30,60.92,64.28,60.91,63.87,899774.0,0.0508983236725734,59.75,2.64,0.0442
2020-05-06,62.9,63.35,61.15,62.05,1272852.0,0.0720025618469554,62.39,-1.78,-0.0285
2020-05-07,61.74,62.55,61.44,61.78,656350.0,0.037128339719189,60.61,-0.26,-0.0043
2020-05-08,62.35,66.85,62.07,65.78,1946073.0,0.1100852585698809,60.35,3.9,0.0646
2020-05-11,67.22,70.31,65.88,67.01,1957149.0,0.1107118046058826,64.25,1.2,0.0187
2020-05-12,67.89,72.6,67.88,72.16,2287440.0,0.0345214559306021,65.45,5.03,0.0769
2020-05-13,72.69,73.91,70.79,72.91,1298268.0,0.0195931266167029,70.48,0.73,0.0104
2020-05-14,72.9,74.62,72.74,73.51,845561.0,0.0127609890524498,71.21,0.59,0.0083
2020-05-15,73.77,74.7,71.88,72.88,872362.0,0.0131654628486569,71.8,-0.62,-0.0086
2020-05-18,74.12,74.73,72.21,72.5,930514.0,0.014043077870374,71.18,-0.38,-0.0053
2020-05-19,72.54,74.72,72.02,74.44,967673.0,0.0146038719375081,70.8,1.9,0.0268
2020-05-20,74.24,75.21,73.03,73.23,689160.0,0.0104006254018176,72.7,-1.18,-0.0162
2020-05-21,74.63,78.08,73.04,73.72,1315395.0,0.0198516028939925,71.52,0.48,0.0067
2020-05-22,73.52,75.75,71.98,72.33,792380.0,0.0119583950837138,72.0,-1.36,-0.0189
2020-05-25,72.33,74.72,71.89,72.78,674482.0,0.0101791088024098,70.64,0.44,0.0062
2020-05-26,72.78,77.09,72.32,74.39,1607189.0,0.0242552828645335,71.08,1.57,0.0221
2020-05-27,75.77,81.83,75.54,81.83,1930749.0,0.0291383671338064,72.65,7.27,0.1001
2020-05-28,83.94,88.02,82.2,83.19,3666657.0,0.0553362440274428,56.44,0.94,0.0166
2020-05-29,82.93,83.37,79.48,80.28,3977479.0,0.0428764926272524,57.38,-2.01,-0.035
2020-06-01,81.2,82.4,79.51,80.54,3183232.0,0.0343146559362938,55.37,0.18,0.0033
2020-06-02,81.18,81.18,73.05,73.92,5205572.0,0.0561151094647217,55.55,-4.57,-0.0823
2020-06-03,73.51,73.85,71.22,71.8,3135344.0,0.0337984320972908,50.98,-1.46,-0.0286
2020-06-04,71.86,72.19,69.86,70.31,2507278.0,0.027027996045101,49.52,-1.03,-0.0208
2020-06-05,70.03,70.89,68.92,69.37,1791044.0,0.0193071251566846,48.49,-0.65,-0.0134
2020-06-08,69.64,70.26,69.0,69.75,1883720.0,0.0203061554044177,47.84,0.27,0.0056
2020-06-09,69.86,69.9,68.28,69.36,1838017.0,0.019813485463849,48.11,-0.27,-0.0056
2020-06-10,69.4,70.16,68.76,69.77,1714600.0,0.0184830728857869,47.84,0.28,0.0059
2020-06-11,69.9,70.22,67.74,68.08,1801683.0,0.019421811621418,48.12,-1.17,-0.0243
2020-06-12,66.86,67.5,66.47,66.99,1708210.0,0.0184141898601599,46.95,-0.75,-0.016
2020-06-15,66.74,68.31,66.19,67.1,1237098.0,0.0133356890825039,46.2,0.08,0.0017
2020-06-16,67.48,69.87,66.78,69.48,2470474.0,0.026631255689048,46.28,1.64,0.0354
2020-06-17,69.6,69.89,68.03,68.75,1260498.0,0.0135879367819833,47.92,-0.5,-0.0104
2020-06-18,68.72,68.84,67.53,68.81,840619.0,0.0090617183285765,47.42,0.04,0.0008
2020-06-19,68.62,70.14,68.57,69.14,1464241.0,0.0157842488774977,47.46,0.23,0.0048
2020-06-22,69.57,69.57,67.63,68.14,1305515.0,0.0140732117686271,47.69,-0.69,-0.0145
2020-06-23,68.14,69.34,67.94,68.33,996054.0,0.0107372790622767,47.0,0.13,0.0028
2020-06-24,68.14,69.11,68.01,68.34,741096.0,0.0079888786792051,47.13,0.01,0.0002
2020-06-29,67.85,68.11,66.76,67.05,747828.0,0.0080614484019784,47.14,-0.89,-0.0189
2020-06-30,67.41,68.53,67.19,68.4,917000.0,0.0098849762816084,46.25,0.93,0.0201
2020-07-01,68.64,70.8,67.99,70.72,1940544.0,0.0209184639186669,47.18,1.6,0.0339
2020-07-02,70.86,71.76,69.88,70.34,1512643.0,0.0163058235305791,48.78,-0.26,-0.0053
2020-07-03,70.54,72.82,70.02,72.26,2184072.0,0.0235436204114778,48.52,1.32,0.0272
2020-07-06,72.5,75.39,72.5,74.4,2274330.0,0.0245165737257912,49.84,1.48,0.0297
2020-07-07,75.37,75.37,73.0,73.58,2546792.0,0.0274536297864669,51.32,-0.57,-0.0111
2020-07-08,73.19,73.77,71.55,72.78,2323294.0,0.0250443904964048,50.75,-0.55,-0.0108
2020-07-09,72.81,74.52,72.24,74.07,2300569.0,0.0247994220274849,50.2,0.89,0.0177
2020-07-10,73.93,75.02,72.51,72.54,1858811.0,0.0200374074667316,51.09,-1.05,-0.0206
2020-07-13,72.5,77.2,72.04,76.49,2529032.0,0.0272621824813836,50.04,2.72,0.0544
2020-07-14,77.01,77.97,73.36,74.55,2425146.0,0.0261423235435524,52.76,-1.34,-0.0254
2020-07-15,75.32,78.84,74.94,77.52,3230459.0,0.0348233485209472,51.42,2.05,0.0399
2020-07-16,77.4,77.56,72.65,74.16,2332745.0,0.0251462693522799,53.47,-2.32,-0.0434
2020-07-17,73.94,75.2,71.65,73.27,1767590.0,0.0190540733103689,51.15,-0.61,-0.0119
2020-07-20,73.45,76.68,73.45,76.68,2080733.0,0.0224296579644056,50.54,2.35,0.0465
2020-07-21,76.84,79.96,76.68,78.94,2275372.0,0.024527806163398,52.89,1.56,0.0295
2020-07-22,78.97,79.34,76.57,77.02,2147550.0,0.0231499245513285,54.45,-1.33,-0.0244
2020-07-23,76.72,77.09,73.93,77.09,1485858.0,0.016017089517817,53.12,0.05,0.0009
2020-07-24,78.29,82.28,74.23,76.38,3942398.0,0.0424978306681141,53.17,-0.49,-0.0092
2020-07-27,76.83,79.16,74.38,75.07,2023941.0,0.0218174577757632,52.68,-0.9,-0.0171
2020-07-28,75.1,75.55,72.97,73.52,1430707.0,0.0154225788014516,51.78,-1.07,-0.0207
2020-07-29,73.8,75.94,72.62,75.78,1286275.0,0.0138656465284906,50.71,1.56,0.0308
2020-07-30,76.32,79.74,75.97,76.26,1673807.0,0.018043121586685,52.27,0.33,0.0063
2020-07-31,76.84,78.97,76.11,76.81,1317420.0,0.0142013799922754,52.6,0.38,0.0072
2020-08-03,77.91,79.84,76.84,79.23,1781158.0,0.0192003321524505,52.98,1.67,0.0315
2020-08-04,79.4,81.62,78.78,79.28,1664365.0,0.0179413397480253,54.65,0.04,0.0007
2020-08-05,78.43,84.78,77.82,82.76,2243749.0,0.0241869200075056,54.69,2.4,0.0439
2020-08-06,82.18,83.53,80.67,81.75,1344071.0,0.014488669526497,57.09,-0.7,-0.0123
2020-08-07,80.61,83.16,79.73,82.16,1350992.0,0.0145632757651502,56.39,0.29,0.0051
2020-08-10,81.88,90.38,81.88,90.38,2451483.0,0.0264262282549251,56.68,5.67,0.1
2020-08-11,94.51,98.85,88.75,89.52,5468573.0,0.0589495249719132,62.35,-0.59,-0.0095
2020-08-12,89.62,91.59,84.07,85.92,3260269.0,0.035144691097779,61.76,-2.48,-0.0402
2020-08-13,87.22,92.41,85.06,90.21,2403718.0,0.0259113363333427,59.28,2.96,0.0499
2020-08-14,89.4,97.83,89.4,95.56,3527925.0,0.0380299399654237,62.24,3.69,0.0593
2020-08-17,94.21,101.43,94.21,100.27,2623034.0,0.0282754949573092,65.93,3.25,0.0493
2020-08-18,100.26,103.91,97.74,98.74,2423545.0,0.0261250652588994,69.18,-1.06,-0.0153
2020-08-19,98.3,105.59,97.18,101.34,2726866.0,0.0293947717918479,68.12,1.8,0.0264
2020-08-20,99.03,101.45,95.02,97.11,2297999.0,0.024771718222639,69.92,-2.92,-0.0418
2020-08-21,97.45,98.96,92.55,93.78,2928051.0,0.0315634838455179,67.0,-2.29,-0.0342
2020-08-24,94.78,99.12,92.75,96.52,1900278.0,0.0204844088969055,64.71,1.89,0.0292
2020-08-25,95.58,97.45,93.33,94.27,1265399.0,0.0136406097074929,66.6,-1.55,-0.0233
2020-08-26,94.7,95.0,90.15,91.38,1739554.0,0.0187518539046642,65.05,-2.0,-0.0307
2020-08-27,90.86,92.38,88.44,89.82,1904421.0,0.0205290691550676,63.05,-1.08,-0.0171
2020-08-28,90.21,90.88,87.15,88.78,2048436.0,0.0220815062970478,61.97,-0.72,-0.0116
2020-08-31,88.12,90.88,86.86,88.38,2577498.0,0.0270359266994044,61.25,-0.27,-0.0044
2020-09-01,88.65,90.59,87.4,89.72,1235317.0,0.012957503696425,60.98,0.92,0.0151
2020-09-02,89.64,90.88,88.41,90.08,1217637.0,0.0127720544025573,61.9,0.25,0.004
2020-09-03,90.08,90.34,87.12,87.12,1055966.0,0.0110762527742265,62.15,-2.04,-0.0328
2020-09-04,84.93,87.67,84.86,86.82,1008322.0,0.0105765046884214,60.11,-0.21,-0.0035
2020-09-07,86.63,88.97,83.92,84.33,1206763.0,0.0126579946954579,59.9,-1.72,-0.0287
2020-09-08,84.65,85.23,82.2,84.02,1143067.0,0.0119898737552883,58.18,-0.21,-0.0036
2020-09-09,83.03,83.3,79.34,79.82,1457531.0,0.0152883537749048,57.97,-2.9,-0.05
2020-09-10,81.33,84.33,80.65,81.65,1519682.0,0.0159402688802879,55.07,1.26,0.0229
2020-09-11,82.62,85.55,81.52,85.01,1326764.0,0.0139167107991581,56.33,2.32,0.0412
2020-09-14,85.23,86.54,83.49,83.94,969713.0,0.0101715266461737,58.65,-0.74,-0.0126
2020-09-15,84.39,85.09,83.02,84.8,661384.0,0.0069373979510978,57.91,0.59,0.0102
2020-09-16,84.8,85.82,82.77,84.37,806307.0,0.0084575262325001,58.5,-0.3,-0.0051
2020-09-17,84.23,85.49,82.34,85.17,843713.0,0.0088498857509625,58.2,0.55,0.0095
2020-09-18,85.38,88.4,84.44,87.94,1216850.0,0.0127637993915689,58.75,1.91,0.0325
2020-09-21,87.93,89.31,86.51,88.46,931264.0,0.0097682268780787,60.66,0.36,0.0059
2020-09-22,87.7,87.77,86.09,86.46,886743.0,0.0093012366058906,61.02,-1.37,-0.0225
2020-09-23,87.31,89.22,85.67,85.82,1268321.0,0.0133036896972627,59.65,-0.45,-0.0075
2020-09-24,85.21,86.8,83.06,83.27,1009343.0,0.010587214175358,59.2,-1.76,-0.0297
2020-09-25,83.06,83.91,79.67,79.69,1546185.0,0.0162182645044607,57.44,-2.47,-0.043
2020-09-28,80.04,80.28,76.4,77.22,1716214.0,0.0180017349788405,54.97,-1.7,-0.0309
2020-09-29,78.16,82.06,77.95,79.17,1826367.0,0.0191571533084452,53.27,1.34,0.0252
2020-09-30,79.17,81.99,78.23,81.19,1107276.0,0.0116095582255031,54.61,1.39,0.0255
2020-10-09,81.59,85.2,81.59,84.81,1006955.0,0.0105577134363622,56.0,2.5,0.0446
2020-10-12,84.81,86.41,84.19,86.12,1382843.0,0.0144988208226579,58.5,0.9,0.0154
2020-10-13,86.64,87.93,84.37,87.87,733418.0,0.0076897349663787,59.4,1.21,0.0204
2020-10-14,87.85,89.28,86.27,88.59,855835.0,0.0089732517131441,60.61,0.5,0.0082
2020-10-15,89.43,90.19,88.04,89.35,788659.0,0.0082689253452319,61.11,0.52,0.0085
2020-10-16,88.98,90.17,87.75,88.49,616052.0,0.0064591769025406,61.63,-0.59,-0.0096
2020-10-19,88.81,89.74,85.56,86.04,631737.0,0.0066236308605123,61.04,-1.69,-0.0277
2020-10-20,86.52,87.2,84.49,85.42,634330.0,0.0066508179254164,59.35,-0.43,-0.0072
2020-10-21,85.89,86.1,82.2,82.62,926328.0,0.0097123561351585,58.92,-1.93,-0.0328
2020-10-22,83.66,83.66,80.59,82.52,669558.0,0.0070201761677769,56.99,-0.07,-0.0012
2020-10-23,83.69,84.66,80.42,81.02,635947.0,0.0066677718336115,56.92,-1.03,-0.0181
2020-10-26,80.59,81.68,79.11,80.97,513251.0,0.005381329829959,55.89,-0.04,-0.0007
2020-10-27,81.81,81.81,79.89,80.97,456007.0,0.0047811384133106,55.85,0.0,0.0
2020-10-28,80.56,82.1,79.81,81.78,693102.0,0.0072670301037976,55.85,0.56,0.01
2020-10-29,80.98,87.71,80.2,86.97,1436179.0,0.0150580376733035,56.41,3.58,0.0635
2020-10-30,88.28,89.89,81.35,81.6,2249516.0,0.0235857067083553,59.99,-3.71,-0.0618
2020-11-02,82.5,86.34,82.47,84.52,2099531.0,0.0220131452237281,56.28,2.02,0.0359
2020-11-03,84.67,86.45,82.94,85.83,1363961.0,0.0143008469855893,58.3,0.9,0.0154
2020-11-04,86.22,86.4,84.1,84.27,1087858.0,0.0114059645400779,59.2,-1.07,-0.0181
2020-11-05,85.21,87.42,84.66,86.55,1466095.0,0.0153717007021004,58.13,1.57,0.027
2020-11-06,87.29,87.7,85.7,86.97,1360606.0,0.0142656705094022,59.7,0.29,0.0049
2020-11-09,86.55,89.65,86.16,89.04,2008339.0,0.021057016098108,59.99,1.43,0.0238
2020-11-10,88.98,90.88,87.69,89.76,1593241.0,0.0167048000288625,61.42,0.5,0.0081
2020-11-11,88.74,89.23,84.56,84.69,1852972.0,0.0194280254644975,61.92,-3.5,-0.0565
2020-11-12,84.75,87.69,84.65,87.16,1287567.0,0.0134998718076941,58.42,1.7,0.0291
2020-11-13,87.77,87.77,83.13,84.25,1563933.0,0.0163975117534252,60.12,-2.01,-0.0334
2020-11-16,84.13,84.74,82.95,84.23,1154558.0,0.0121053001471362,58.11,-0.01,-0.0002
2020-11-17,83.36,84.08,81.5,82.3,1234120.0,0.0129394911451687,58.1,-1.33,-0.0229
2020-11-18,82.73,84.47,81.95,82.53,1081416.0,0.011338421511882,56.77,0.16,0.0028
2020-11-19,82.18,83.93,81.59,83.59,1031322.0,0.0108131963559603,56.93,0.73,0.0128
2020-11-20,84.9,85.74,83.5,84.44,1376494.0,0.014432252880091,57.66,0.59,0.0102
2020-11-23,84.73,86.68,84.44,86.1,1273443.0,0.0133517846095818,58.25,1.15,0.0197
2020-11-24,85.61,88.12,85.24,86.76,1322961.0,0.0138709705254785,59.4,0.45,0.0076
2020-11-25,86.09,86.76,83.06,83.5,1202676.0,0.0126098073546389,59.85,-2.25,-0.0376
2020-11-26,83.05,83.48,81.66,82.7,898583.0,0.009421455589164,57.6,-0.55,-0.0095
2020-11-27,82.61,82.7,81.18,81.45,1006393.0,0.0105518209834212,57.05,-0.86,-0.0151
2020-11-30,81.37,82.4,77.6,80.93,1713294.0,0.0179635307280254,56.19,-0.36,-0.0064
2020-12-01,80.21,84.57,80.02,82.66,1672776.0,0.0175387079375189,55.83,1.19,0.0213
2020-12-02,82.23,83.78,82.23,82.58,1019651.0,0.0106908283519126,57.02,-0.05,-0.0009
2020-12-03,81.88,83.56,81.62,82.91,1468317.0,0.0144649374881167,56.97,0.23,0.004
2020-12-04,81.89,83.53,81.62,83.23,908979.0,0.0089546905831716,57.2,0.22,0.0038
2020-12-07,83.17,83.9,82.04,82.3,618881.0,0.0060968271685087,57.42,-0.64,-0.0111
2020-12-08,82.2,82.91,80.61,80.72,1022810.0,0.0100760821486237,56.78,-1.09,-0.0192
2020-12-09,81.14,81.14,79.06,79.1,826348.0,0.0081406618348969,55.69,-1.12,-0.0201
2020-12-10,79.73,79.73,76.83,77.04,1208726.0,0.0119076098895956,54.57,-1.42,-0.026
2020-12-11,77.38,77.38,73.64,74.35,1464657.0,0.0144288814653325,53.15,-1.86,-0.035
2020-12-14,73.92,76.95,73.92,76.87,1229811.0,0.0121153260754989,51.29,1.74,0.0339
2020-12-15,76.87,79.26,76.32,77.78,998439.0,0.0098359943531933,53.03,0.63,0.0119
2020-12-16,77.84,78.18,76.53,77.1,615198.0,0.0060605445641605,53.66,-0.47,-0.0088
2020-12-17,77.11,77.69,75.52,77.58,625144.0,0.0061585263135081,53.19,0.33,0.0062
2020-12-18,77.57,78.21,75.06,75.21,694898.0,0.0068456989400908,53.52,-1.63,-0.0305
2020-12-21,75.05,76.09,73.92,75.02,910067.0,0.0089654088762835,51.89,-0.13,-0.0025
2020-12-22,74.79,75.04,71.34,71.68,1488156.0,0.0146603788640776,51.76,-2.31,-0.0446
2020-12-23,72.24,73.45,71.11,72.66,861534.0,0.008487292222243,49.45,0.68,0.0138
2020-12-24,72.66,72.91,71.27,71.43,610257.0,0.0060118689334017,50.13,-0.85,-0.017
2020-12-25,71.17,71.39,69.02,69.95,1017354.0,0.010022333061107,49.28,-1.02,-0.0207
2020-12-28,70.14,70.56,68.86,69.43,883160.0,0.0087003380005851,48.26,-0.36,-0.0075
2020-12-29,69.28,72.27,69.28,70.73,1029765.0,0.0101445984432861,47.9,0.9,0.0188
2020-12-30,70.41,71.92,69.64,70.46,671219.0,0.0066124282943235,48.8,-0.19,-0.0039
2020-12-31,69.94,72.44,69.94,72.4,882022.0,0.008689127138856,48.61,1.34,0.0276
2021-01-04,72.33,72.33,69.52,69.84,1440784.0,0.0141936996533302,49.95,-1.77,-0.0354
2021-01-05,69.43,71.34,69.29,70.44,1057048.0,0.0104133734349863,48.18,0.42,0.0087
2021-01-06,70.44,70.88,69.07,69.27,876021.0,0.0086300090534111,48.6,-0.81,-0.0167
2021-01-07,69.15,69.4,64.66,66.24,2101585.0,0.0207034963505591,47.79,-2.09,-0.0437
2021-01-08,65.97,67.68,64.74,66.82,962782.0,0.0094847239694725,45.7,0.4,0.0088
2021-01-11,67.0,67.27,63.78,65.61,850676.0,0.0083803260213163,46.1,-0.84,-0.0182
2021-01-12,65.74,69.58,64.75,68.52,1273997.0,0.0125506188139538,45.26,2.01,0.0444
2021-01-13,67.42,72.4,67.42,69.58,1845980.0,0.0181854363222068,47.27,0.73,0.0154
2021-01-14,68.93,72.19,68.42,70.75,1386124.0,0.0136552236409292,48.0,0.81,0.0169
2021-01-15,71.36,73.0,70.44,72.97,1297618.0,0.0127833180801251,48.81,1.53,0.0313
2021-01-18,72.76,77.55,72.54,77.07,1952531.0,0.0192351098969841,50.34,2.83,0.0562
2021-01-19,77.06,78.7,76.08,77.01,1412112.0,0.0139112411054421,53.17,-0.04,-0.0008
2021-01-20,77.54,78.99,76.82,78.34,1123403.0,0.011067061246967,53.13,0.92,0.0173
2021-01-21,78.16,80.1,77.39,78.12,1345876.0,0.0132587256067706,54.05,-0.15,-0.0028
2021-01-22,77.19,78.52,76.03,77.87,1263874.0,0.0124508933717011,53.9,-0.17,-0.0032
2021-01-25,76.81,77.96,76.03,76.55,1105877.0,0.010894406095241,53.73,-0.91,-0.0169
2021-01-26,76.74,78.89,75.45,78.05,1212341.0,0.0119432226006243,52.82,1.03,0.0195
2021-01-27,78.55,83.33,78.26,80.74,2092132.0,0.0206103713277778,53.85,1.86,0.0345
2021-01-28,78.74,81.37,77.83,78.09,978140.0,0.0096360213459535,55.71,-1.83,-0.0328
2021-01-29,78.52,80.58,76.81,78.9,1081001.0,0.0106493433567763,53.88,0.56,0.0104
2021-02-01,78.34,80.0,77.15,78.37,1073720.0,0.0105776155147292,54.44,-0.37,-0.0068
2021-02-02,78.41,82.9,78.41,81.9,1820634.0,0.0179357434387397,54.07,2.44,0.0451
2021-02-03,89.86,90.09,84.06,90.09,4458257.0,0.0439199497185955,56.51,5.65,0.1
2021-02-04,92.25,99.11,90.11,99.11,5458603.0,0.0537747306388516,62.16,6.22,0.1001
2021-02-05,101.44,101.46,90.44,90.83,4918500.0,0.0484539748809707,68.38,-5.71,-0.0835
2021-02-08,89.88,94.41,89.15,91.1,3926730.0,0.038683679329949,62.67,0.18,0.0029
2021-02-09,89.75,94.21,87.6,91.07,2854283.0,0.0281186046122155,62.85,-0.02,-0.0003
2021-02-10,90.66,91.78,87.13,88.13,2656047.0,0.0261657079639479,62.83,-2.03,-0.0323
2021-02-18,89.2,89.68,85.77,86.55,2422151.0,0.0238615113778424,60.8,-1.09,-0.0179
2021-02-19,86.08,87.36,84.82,87.2,2269948.0,0.0223621029527518,59.71,0.45,0.0075
2021-02-22,86.68,90.27,84.65,87.11,2922293.0,0.0287885964454278,60.16,-0.06,-0.001
2021-02-23,86.97,86.97,82.91,85.56,1821594.0,0.0179452007561913,60.1,-1.07,-0.0178
2021-02-24,85.1,86.22,82.93,83.55,1455676.0,0.0143404062902982,59.03,-1.39,-0.0235
2021-02-25,83.94,84.65,82.06,82.84,1501451.0,0.01479135285941,57.64,-0.49,-0.0085
2021-02-26,81.18,82.55,79.72,79.87,1263892.0,0.0124510706964033,57.15,-2.05,-0.0359
2021-03-01,80.44,83.44,79.88,83.21,1256798.0,0.0123811850609849,55.1,2.31,0.0419
2021-03-02,83.22,84.64,81.89,82.96,1237743.0,0.0121934671609428,57.41,-0.17,-0.003
2021-03-03,82.87,86.38,82.18,84.25,1570656.0,0.0154731170825751,57.24,0.89,0.0155
2021-03-04,83.89,85.06,80.64,81.16,1236318.0,0.0121794289553506,58.13,-2.13,-0.0366
2021-03-05,80.87,89.28,80.51,89.28,2775738.0,0.0273448285713441,56.0,5.6,0.1
2021-03-08,91.6,93.43,87.26,88.07,2834055.0,0.0279193310524122,61.6,-0.84,-0.0136
2021-03-09,88.06,88.38,82.83,84.61,2219306.0,0.0218632097544348,60.76,-2.38,-0.0392
2021-03-10,85.43,88.24,84.8,86.69,1453961.0,0.0143235111867258,58.38,1.43,0.0245
2021-03-11,86.61,89.57,83.77,88.4,1754339.0,0.0172826467090998,59.81,1.18,0.0197
2021-03-12,88.2,88.2,85.41,86.88,1270089.0,0.0125121196508279,60.99,-1.04,-0.0171
2021-03-15,86.13,89.13,83.33,88.93,1480889.0,0.0145887889412434,59.95,1.41,0.0235
2021-03-16,88.55,96.42,87.75,95.87,2730656.0,0.0269007090032676,61.36,4.79,0.0781
2021-03-17,96.52,102.75,93.51,102.3,3285035.0,0.0323621029527518,66.15,4.44,0.0671
2021-03-18,101.44,106.79,97.98,104.23,2214752.0,0.0218183466047737,70.59,1.33,0.0188
2021-03-19,102.6,107.96,101.25,103.72,1827036.0,0.0179988119244951,71.92,-0.35,-0.0049
2021-03-22,102.85,107.79,102.31,107.57,1650940.0,0.0162640246599552,71.57,2.66,0.0372
2021-03-23,107.57,109.27,103.37,107.66,1424961.0,0.0140378213887085,74.23,0.06,0.0008
2021-03-24,106.27,108.11,103.18,103.89,1395797.0,0.0137505159656265,74.29,-2.6,-0.035
2021-03-25,103.04,106.05,102.33,102.94,1204556.0,0.0118665296669152,71.69,-0.66,-0.0092
2021-03-26,102.06,103.45,99.04,101.9,1587449.0,0.0156385511783719,71.03,-0.72,-0.0101
2021-03-29,101.74,105.17,101.13,101.87,1133451.0,0.0111660478362938,70.31,-0.02,-0.0003
2021-03-30,102.45,111.6,100.83,109.74,2183896.0,0.0215143726596833,70.29,5.43,0.0773
2021-03-31,109.12,109.12,104.35,105.21,1545284.0,0.015223168063427,75.72,-3.13,-0.0413
2021-04-01,105.22,106.89,104.34,106.13,843091.0,0.0083056033620763,72.59,0.64,0.0088
2021-04-02,107.17,108.36,102.29,107.49,1219373.0,0.0120124974509574,73.23,0.94,0.0128
2021-04-06,106.8,111.2,104.35,107.54,1169438.0,0.0115205691728886,74.17,0.03,0.0004
2021-04-07,106.76,107.29,102.91,105.59,1051940.0,0.0103630526250459,74.2,-1.34,-0.0181
2021-04-08,106.08,111.04,105.24,109.2,1490081.0,0.0146793427558426,72.86,2.49,0.0342
2021-04-09,109.49,117.03,108.24,115.23,2120477.0,0.0208896084769088,75.35,4.16,0.0552
2021-04-12,115.95,120.98,103.71,103.71,2891519.0,0.0284854303128697,79.51,-7.95,-0.1
2021-04-13,100.8,103.71,100.1,100.56,2125179.0,0.020935929629677,71.56,-2.17,-0.0303
2021-04-14,101.29,109.87,100.56,108.84,2202573.0,0.0216983667409788,69.39,5.71,0.0823
2021-04-15,110.26,110.29,97.96,101.14,2797013.0,0.027554416517993,75.1,-5.31,-0.0707
2021-04-16,101.31,106.06,99.4,103.51,1822356.0,0.0179527075019185,69.79,1.63,0.0234
2021-04-19,103.7,104.32,100.78,102.68,1320497.0,0.0130087076280161,71.42,-0.57,-0.008
2021-04-20,102.46,102.46,97.25,99.27,1755678.0,0.0172958376966703,70.85,-2.35,-0.0332
2021-04-21,99.66,100.72,97.37,98.05,1051234.0,0.01035609755617,68.5,-0.84,-0.0123
2021-04-22,98.84,99.13,96.22,97.71,799497.0,0.0078761426360499,67.66,-0.24,-0.0035
2021-04-23,98.1,98.37,94.92,96.61,968909.0,0.0095450833278329,67.42,-0.76,-0.0113
2021-04-26,96.6,97.82,92.98,94.41,1637489.0,0.0161315138505369,66.66,-1.51,-0.0227
2021-04-27,94.41,96.95,94.12,95.5,1242087.0,0.0122362615224113,65.15,0.75,0.0115
2021-04-28,96.96,97.38,90.74,93.21,2060451.0,0.0202982700005024,65.9,-1.58,-0.024
2021-04-29,94.6,95.93,91.36,93.26,1384360.0,0.0136378458201119,64.32,0.04,0.0006
2021-04-30,92.44,95.24,91.89,92.08,1510632.0,0.0148817983089134,64.36,-0.82,-0.0127
2021-05-06,92.25,96.79,91.34,95.28,1890840.0,0.0186273688856226,63.54,2.21,0.0348
2021-05-07,95.21,96.18,92.17,92.44,1377913.0,0.013574334022601,65.75,-1.96,-0.0298
2021-05-10,92.28,92.44,90.14,90.83,977410.0,0.0096288298441414,63.79,-1.11,-0.0174
2021-05-11,90.15,91.93,89.72,91.01,740827.0,0.0072981626205438,62.68,0.12,0.0019
2021-05-12,90.6,91.53,89.99,91.15,623844.0,0.006145719529459,62.8,0.1,0.0016
2021-05-13,90.41,91.7,89.94,90.17,556787.0,0.0054851160540919,62.9,-0.68,-0.0108
2021-05-14,90.17,92.02,89.2,91.82,866717.0,0.0085383518851093,62.22,1.14,0.0183
2021-05-17,91.85,95.06,89.56,94.15,1354230.0,0.0133410239713443,63.36,1.61,0.0254
2021-05-18,94.15,97.89,93.05,97.86,1283024.0,0.012639547152116,64.97,2.56,0.0394
2021-05-19,97.83,99.94,96.1,96.93,1079471.0,0.0106342707570878,67.53,-0.64,-0.0095
2021-05-20,96.56,97.72,95.81,97.11,750927.0,0.0073976614812326,66.89,0.13,0.0019
2021-05-21,96.65,98.09,94.76,97.53,949174.0,0.009350666494596,47.23,0.2,0.0043
2021-05-24,96.65,96.69,92.58,95.6,1979461.0,0.0139288623958903,47.43,-0.94,-0.0198
2021-05-25,95.0,95.78,93.48,95.23,1299219.0,0.0091422072337501,46.49,-0.18,-0.0039
2021-05-26,95.21,98.11,94.6,97.49,1406320.0,0.0098958442548696,46.31,1.1,0.0238
2021-05-27,97.41,105.12,96.75,103.6,2263433.0,0.0159270866156581,47.41,2.97,0.0626
2021-05-28,103.62,105.22,100.49,102.05,1813228.0,0.0127591315536782,50.38,-0.75,-0.0149
2021-05-31,102.04,105.35,100.93,103.17,1315777.0,0.0092587208218183,49.63,0.54,0.0109
2021-06-01,103.6,106.91,102.77,105.71,1385209.0,0.0097472925965951,50.17,1.24,0.0247
2021-06-02,105.98,106.72,104.01,104.87,1118377.0,0.0078696773211135,51.41,-0.41,-0.008
2021-06-03,104.42,105.28,102.8,102.96,932182.0,0.0065594799826446,51.0,-0.93,-0.0182
2021-06-04,102.82,104.98,102.0,104.75,824207.0,0.0057996928905038,50.07,0.87,0.0174
2021-06-07,104.3,106.89,103.35,105.1,709952.0,0.0049957153566991,50.94,0.17,0.0033
2021-06-08,105.1,105.9,103.43,103.59,664887.0,0.0046786067175945,51.11,-0.73,-0.0143
2021-06-09,103.68,104.11,100.76,101.09,1050994.0,0.0073955237334336,50.38,-1.22,-0.0242
2021-06-10,101.79,102.01,98.29,99.3,1472449.0,0.0103611738276057,49.16,-0.87,-0.0177
2021-06-11,99.06,99.3,96.2,96.57,927862.0,0.0065290814622645,48.29,-1.33,-0.0275
2021-06-15,96.17,100.25,94.73,99.32,966721.0,0.0068025203751008,46.96,1.34,0.0285
2021-06-16,98.93,98.97,97.06,97.47,679633.0,0.0047823698151699,48.3,-0.9,-0.0186
2021-06-17,98.44,98.44,95.91,96.75,560221.0,0.0039421040476615,47.4,-0.35,-0.0074
2021-06-18,96.55,96.78,93.47,95.38,1090813.0,0.0076757178730211,47.05,-0.67,-0.0142
2021-06-21,95.36,97.56,93.59,94.93,1568941.0,0.0110401585564305,46.38,-0.22,-0.0047
2021-06-22,95.22,96.43,93.8,94.4,699267.0,0.00492052827562,46.16,-0.26,-0.0056
2021-06-23,94.42,96.03,93.79,95.62,894023.0,0.006290966755981,45.9,0.59,0.0129
2021-06-24,95.51,101.97,93.99,98.6,2010747.0,0.0141490124210324,46.49,1.45,0.0312
2021-06-25,98.72,102.83,97.96,98.92,1220398.0,0.0085875679340081,47.94,0.16,0.0033
2021-06-28,99.65,105.92,99.01,104.79,1690761.0,0.0118973686843731,48.1,2.85,0.0593
2021-06-29,105.28,106.33,103.72,104.05,1257730.0,0.0088502618142934,50.95,-0.36,-0.0071
2021-06-30,104.03,104.09,97.16,98.08,2084665.0,0.0146691508074818,50.59,-2.9,-0.0573
2021-07-01,97.88,99.92,96.9,97.37,1023001.0,0.0071985455433869,47.69,-0.35,-0.0073
2021-07-02,98.11,98.3,92.56,92.74,1498493.0,0.0105444375000087,47.34,-2.25,-0.0475
2021-07-05,92.76,96.2,92.74,95.97,1038680.0,0.0073088738769611,45.09,1.57,0.0348
2021-07-06,95.97,97.2,93.01,94.73,879881.0,0.0061914538219032,46.66,-0.6,-0.0129
2021-07-07,93.75,97.22,92.64,96.15,921064.0,0.0064812460128329,46.06,0.69,0.015
2021-07-08,96.26,96.36,94.0,94.06,681857.0,0.0047980194238101,46.75,-1.02,-0.0218
2021-07-09,93.58,95.37,92.29,94.41,612107.0,0.004307209980172,45.73,0.17,0.0037
2021-07-12,94.37,95.64,92.76,93.11,693999.0,0.004883458968823,45.9,-0.63,-0.0137
2021-07-13,93.11,93.77,88.98,90.19,1728339.0,0.0121617935915134,45.27,-1.42,-0.0314
2021-07-14,90.5,90.97,85.77,86.24,1595740.0,0.0112287349332055,43.85,-1.92,-0.0438
2021-07-15,85.93,85.93,82.02,83.98,1777347.0,0.0125066479171595,41.93,-1.1,-0.0262
2021-07-16,83.51,85.13,82.52,82.79,1405642.0,0.0098910733759766,40.83,-0.58,-0.0142
2021-07-19,82.28,83.18,80.63,81.37,1435219.0,0.0100991976901628,40.25,-0.69,-0.0171
2021-07-20,80.84,82.9,79.4,80.74,1378028.0,0.0096967620931576,39.56,-0.31,-0.0078
2021-07-21,81.44,82.06,79.11,79.71,1615227.0,0.0113658589995593,39.25,-0.5,-0.0127
2021-07-22,78.77,80.95,78.46,78.89,1744265.0,0.0122738599886371,38.75,-0.4,-0.0103
2021-07-23,78.4,79.57,76.59,77.37,1724171.0,0.0121324646487021,38.35,-0.74,-0.0193
2021-07-26,77.33,77.33,71.55,73.46,2217976.0,0.0156072195922967,37.61,-1.9,-0.0505
2021-07-27,73.07,77.49,73.07,74.75,2551235.0,0.0179522613754852,35.71,0.63,0.0176
2021-07-28,74.55,74.55,70.97,71.63,1380553.0,0.009714529746852,36.34,-1.52,-0.0418
2021-07-29,72.51,74.2,69.51,71.13,3101986.0,0.0216599556926918,34.82,-0.24,-0.0069
2021-07-30,71.07,71.07,68.23,69.55,2563387.0,0.0178991294103913,34.58,-0.77,-0.0223
2021-08-02,68.5,70.96,62.74,70.35,4372236.0,0.0305296149105741,33.81,0.39,0.0115
2021-08-03,70.33,71.71,69.94,71.3,2691021.0,0.0187903477411256,34.2,0.46,0.0135
2021-08-04,71.64,72.2,68.91,69.42,2910962.0,0.020326109770679,34.66,-0.91,-0.0263
2021-08-05,69.16,70.9,69.16,70.66,1878891.0,0.0131195614072395,33.75,0.6,0.0178
2021-08-06,70.66,70.95,67.1,67.99,2191159.0,0.0153000067877943,34.35,-1.3,-0.0378
2021-08-09,67.47,72.39,67.47,71.46,3110674.0,0.0217206206006114,33.05,1.69,0.0511
2021-08-10,71.48,72.51,70.62,72.0,2309987.0,0.0161297362627343,34.74,0.26,0.0075
2021-08-11,72.37,73.46,70.37,72.47,2434994.0,0.017002611279345,35.0,0.23,0.0066
2021-08-12,72.45,73.4,69.31,69.82,3123269.0,0.0218085665623113,35.23,-1.29,-0.0366
2021-08-13,70.07,71.18,68.98,70.15,1865087.0,0.0130231734711296,33.94,0.16,0.0047
2021-08-16,70.15,72.2,70.02,71.34,2263012.0,0.0158017281999434,34.1,0.58,0.017
2021-08-17,71.34,71.56,69.26,69.32,1794687.0,0.0125315977900125,34.68,-0.98,-0.0283
2021-08-18,69.12,69.9,68.01,69.47,1133959.0,0.0079179924401106,33.7,0.07,0.0021
2021-08-19,68.75,69.96,68.66,68.81,823706.0,0.005751617016906,33.77,-0.32,-0.0095
2021-08-20,68.6,68.77,66.05,67.02,1326922.0,0.0092653776411814,33.45,-0.87,-0.026
2021-08-23,67.02,69.88,66.85,69.75,1444812.0,0.0100885574287793,32.58,1.33,0.0408
2021-08-24,70.51,70.51,69.18,69.69,940624.0,0.0065680097084521,33.91,-0.03,-0.0009
2021-08-25,69.96,70.29,68.93,69.88,925731.0,0.0064640177110249,33.88,0.09,0.0027
2021-08-26,69.65,69.65,66.9,67.08,1308560.0,0.0091371629727628,33.97,-1.36,-0.04
2021-08-27,67.14,67.14,65.02,65.35,1865888.0,0.0130287665410241,32.61,-0.84,-0.0258
2021-08-30,65.06,66.32,63.15,63.46,2138921.0,0.0149352492532745,31.77,-0.92,-0.029
2021-08-31,63.4,65.8,63.13,64.02,2115763.0,0.0147735459915798,30.85,0.27,0.0088
2021-09-01,64.05,65.39,62.92,64.44,1384607.0,0.0096681694475058,31.12,0.21,0.0067
2021-09-02,64.55,64.69,63.29,63.29,1457891.0,0.0101798829732868,31.33,-0.56,-0.0179
2021-09-03,63.58,65.3,63.41,64.65,1382894.0,0.0096562082381059,30.77,0.66,0.0214
2021-09-06,64.79,65.77,63.7,65.49,1362628.0,0.009514698681948,31.43,0.41,0.013
2021-09-07,65.51,65.9,64.54,65.71,1161737.0,0.0081119553558786,31.84,0.11,0.0035
2021-09-08,65.76,67.18,65.29,66.44,1066917.0,0.0074498643603741,31.95,0.35,0.011
2021-09-09,66.38,66.91,65.78,66.6,912396.0,0.006370904618586,32.3,0.08,0.0025
2021-09-10,66.54,66.54,65.0,65.64,1326355.0,0.0092614185018179,32.38,-0.47,-0.0145
2021-09-13,65.64,66.05,64.65,64.98,828720.0,0.0057866278189674,31.91,-0.32,-0.01
2021-09-14,65.01,66.07,64.12,64.18,1256107.0,0.0087709041772851,31.59,-0.39,-0.0123
2021-09-15,64.26,64.26,63.05,64.02,879623.0,0.0061420635703296,31.2,-0.08,-0.0026
2021-09-16,64.02,64.16,62.29,62.66,933278.0,0.0065167154619537,31.12,-0.66,-0.0212
2021-09-17,62.68,63.03,59.94,60.33,1767196.0,0.0123396388830582,30.46,-1.13,-0.0371
2021-09-22,59.67,61.85,59.1,60.5,1064253.0,0.0074312626897137,29.33,0.08,0.0027
2021-09-23,60.8,65.92,60.64,64.11,2543119.0,0.0177576058890152,29.41,1.76,0.0598
2021-09-24,64.17,64.17,62.47,62.77,1010745.0,0.0070576372416283,31.17,-0.65,-0.0209
2021-09-27,62.55,64.77,62.55,64.38,1415428.0,0.0098833804427858,30.52,0.78,0.0256
2021-09-28,64.26,64.9,62.29,63.17,1539927.0,0.0107527082939703,31.3,-0.59,-0.0188
2021-09-29,62.97,62.97,60.99,60.99,852941.0,0.0059557535941426,30.71,-1.06,-0.0345
2021-09-30,60.82,62.63,60.82,62.28,576907.0,0.0040283160719628,29.65,0.63,0.0212
2021-10-08,62.66,65.78,62.66,65.47,1508402.0,0.0105325815418792,30.28,1.55,0.0512
2021-10-11,65.78,66.21,64.38,64.63,1149950.0,0.0080296513423371,31.83,-0.41,-0.0129
2021-10-12,64.57,67.63,63.95,67.29,2662397.0,0.0185904775380532,31.42,1.29,0.0411
2021-10-13,67.59,67.86,66.48,67.35,1431465.0,0.0099953605450311,32.71,0.03,0.0009
2021-10-14,66.85,67.36,65.82,66.01,932515.0,0.0065113877312052,32.74,-0.65,-0.0199
2021-10-15,66.03,66.85,65.43,65.64,975420.0,0.0068109765749314,32.09,-0.18,-0.0056
2021-10-18,65.82,65.84,64.4,64.75,872568.0,0.0060928012630813,31.91,-0.43,-0.0135
2021-10-19,64.63,66.23,64.63,66.23,815495.0,0.0056942828135303,31.48,0.72,0.0229
2021-10-20,66.54,66.54,64.54,64.73,945215.0,0.0066000668668613,32.2,-0.73,-0.0227
2021-10-21,64.38,68.55,64.38,67.05,1893179.0,0.0132193289261571,31.47,1.13,0.0359
2021-10-22,67.87,72.09,67.05,70.55,4476554.0,0.0312580267273747,32.6,1.7,0.0521
2021-10-25,70.24,70.71,67.25,69.06,2921199.0,0.0203975907401051,34.3,-0.72,-0.021
2021-10-26,68.45,69.8,67.87,67.97,1287609.0,0.0089908703293668,33.58,-0.53,-0.0158
2021-10-27,67.67,67.67,65.26,65.28,1375854.0,0.0096070506699942,33.05,-1.31,-0.0396
2021-10-28,63.76,63.76,59.65,60.88,2424490.0,0.0169292659532874,31.74,-2.14,-0.0674
2021-10-29,60.9,62.1,60.62,61.58,918533.0,0.0064137568906743,29.6,0.34,0.0115
2021-11-01,61.21,62.65,61.21,61.79,884904.0,0.0061789387290225,29.94,0.1,0.0033
2021-11-02,61.83,62.38,59.85,60.2,1027120.0,0.0071719774657518,30.04,-0.77,-0.0256
2021-11-03,60.72,61.48,60.26,60.96,571274.0,0.0039889830348643,29.27,0.37,0.0126
2021-11-04,60.94,63.76,60.24,63.76,1753702.0,0.0122454155557713,29.64,1.36,0.0459
2021-11-05,63.04,64.6,62.42,63.41,1060378.0,0.0074042050794249,31.0,-0.17,-0.0055
2021-11-08,63.14,64.66,62.73,63.33,634180.0,0.0044282310433352,30.83,-0.04,-0.0013
2021-11-09,63.56,64.58,62.79,64.38,1137193.0,0.0079405741979619,30.79,0.51,0.0166
2021-11-10,64.23,65.82,63.76,65.45,1078017.0,0.0075273713214594,31.3,0.52,0.0166
2021-11-11,65.53,68.08,65.47,67.69,1862242.0,0.0130033079482208,31.82,1.09,0.0343
2021-11-12,67.26,67.45,65.57,66.07,1441142.0,0.0100629312533574,32.91,-0.79,-0.024
2021-11-15,66.11,67.57,65.84,67.32,1042984.0,0.0072827495766217,32.12,0.61,0.019
2021-11-16,67.26,67.63,66.23,66.74,1408242.0,0.0098332034137445,32.73,-0.28,-0.0086
2021-11-17,66.7,67.17,65.94,66.08,971740.0,0.0067852805734185,32.45,-0.32,-0.0099
2021-11-18,65.96,66.49,65.14,65.88,905449.0,0.0063223964331212,32.13,-0.1,-0.0031
2021-11-19,66.33,69.52,65.63,68.3,1987918.0,0.013880854330324,32.03,1.18,0.0368
2021-11-22,68.9,68.9,66.86,67.31,1164696.0,0.0081326168962256,33.21,-0.48,-0.0145
2021-11-23,67.23,67.25,65.87,66.22,762046.0,0.0053210693393822,32.73,-0.53,-0.0162
2021-11-24,66.82,66.84,65.85,66.28,580816.0,0.0040556110909612,32.2,0.03,0.0009
2021-11-25,66.3,66.79,65.85,65.89,573888.0,0.0040072355750694,32.23,-0.19,-0.0059
2021-11-26,65.99,67.41,64.78,65.91,1087841.0,0.0075959684733243,32.04,0.01,0.0003
2021-11-29,65.17,65.17,63.85,63.85,735017.0,0.0051323363978352,32.05,-1.0,-0.0312
2021-11-30,63.9,64.74,63.53,64.02,428590.0,0.0029926764370731,31.05,0.08,0.0026
2021-12-01,64.04,65.77,63.77,65.46,850683.0,0.0059399868627795,31.13,0.7,0.0225
2021-12-02,65.81,66.55,64.82,66.47,900637.0,0.0062887961180994,31.83,0.49,0.0154
2021-12-03,66.53,67.23,65.67,66.41,744893.0,0.0052012966453737,32.32,-0.03,-0.0009
2021-12-06,66.35,67.19,65.42,66.59,771393.0,0.0053863357867033,32.29,0.09,0.0028
2021-12-07,67.07,73.26,67.07,71.68,7043045.0,0.0491788301564335,32.38,2.47,0.0763
2021-12-08,69.72,72.74,69.51,70.5,6974444.0,0.0486998161890996,34.85,-0.57,-0.0164
2021-12-09,72.81,77.56,72.81,77.56,4858086.0,0.0339221155451012,34.28,3.43,0.1001
2021-12-10,77.56,77.56,72.95,74.04,6254010.0,0.0436693071798685,37.71,-1.71,-0.0453
2021-12-13,72.95,76.51,72.93,74.87,3620034.0,0.0252772823752389,36.0,0.4,0.0111
2021-12-14,73.92,74.37,69.7,72.91,5332801.0,0.0372368648272244,36.4,-0.95,-0.0261
2021-12-15,71.56,71.97,69.87,70.55,3329089.0,0.0232457271686679,35.45,-1.15,-0.0324
2021-12-16,71.99,75.63,71.55,74.08,4999908.0,0.0349124031338424,34.3,1.72,0.0501
2021-12-17,73.49,75.07,72.81,72.81,2863449.0,0.0199943450641887,36.02,-0.62,-0.0172
2021-12-20,73.88,73.88,70.84,71.19,1835077.0,0.0128136253718352,35.4,-0.79,-0.0223
2021-12-21,71.43,74.66,70.65,74.64,2763128.0,0.0192938427359879,34.61,1.68,0.0485
2021-12-22,74.04,74.78,72.76,74.35,2095868.0,0.0146346269834005,36.29,-0.14,-0.0039
2021-12-23,74.04,74.64,72.62,74.02,1910701.0,0.0133416782029261,36.15,-0.16,-0.0044
2021-12-24,74.84,74.91,72.99,74.15,1552914.0,0.01084339143844,35.99,0.06,0.0017
2021-12-27,74.21,79.8,73.26,78.16,4411379.0,0.0308029351788406,36.05,1.95,0.0541
2021-12-28,77.48,79.35,76.92,79.31,3073934.0,0.0214640795420285,38.0,0.56,0.0147
2021-12-29,79.6,81.04,77.7,77.7,3180604.0,0.0222089144554483,38.56,-0.78,-0.0202
2021-12-30,77.13,80.15,77.09,80.11,2543828.0,0.0177625565588719,37.78,1.17,0.031
2021-12-31,79.39,81.01,78.57,79.18,1740196.0,0.0121511084371752,38.95,-0.45,-0.0116
2022-01-04,78.82,78.98,77.33,78.07,1842607.0,0.0128662044184093,38.5,-0.54,-0.014
2022-01-05,78.09,78.57,75.34,77.21,2199406.0,0.0153575923650978,37.96,-0.42,-0.0111
2022-01-06,77.08,79.39,76.69,78.54,1645101.0,0.0114870972241663,37.54,0.65,0.0173
2022-01-07,78.67,81.2,78.36,78.48,1840125.0,0.0128488735826062,38.19,-0.03,-0.0008
2022-01-10,78.44,79.76,77.13,78.5,1506925.0,0.0105222682282285,38.16,0.01,0.0003
2022-01-11,78.15,79.55,77.33,77.74,1461566.0,0.0102055440617542,38.17,-0.37,-0.0097
2022-01-12,77.66,79.86,76.71,79.24,1807304.0,0.0126196973691127,37.8,0.73,0.0193
2022-01-13,78.94,79.55,75.05,75.4,1971401.0,0.0137655225757074,38.53,-1.87,-0.0485
2022-01-14,75.5,76.47,72.13,72.44,2315220.0,0.01616627625619,36.66,-1.44,-0.0393
2022-01-17,72.48,74.47,72.32,72.85,1288390.0,0.0089963237470792,35.22,0.2,0.0057
2022-01-18,73.14,73.51,71.97,72.85,990438.0,0.006915841398497,35.42,0.0,0.0
2022-01-19,72.01,76.24,72.01,73.9,2322695.0,0.0162184712592632,35.42,0.51,0.0144
2022-01-20,74.81,75.63,72.34,72.61,1259153.0,0.0087921732046243,35.93,-0.63,-0.0175
2022-01-21,72.65,72.97,70.55,70.86,1050308.0,0.0073338902057197,35.3,-0.85,-0.0241
2022-01-24,70.85,72.05,69.31,70.75,811760.0,0.0056682027685165,34.45,-0.05,-0.0015
2022-01-25,68.94,70.67,67.52,67.64,1325396.0,0.0092547221796845,34.4,-1.51,-0.0439
2022-01-26,66.99,68.94,66.99,68.59,927480.0,0.0064762302943526,32.89,0.46,0.014
2022-01-27,68.69,69.33,66.39,66.92,847000.0,0.0059142699134393,33.35,-0.81,-0.0243
2022-01-28,67.17,68.69,67.09,67.46,676582.0,0.0047243076346807,32.54,0.26,0.008
2022-02-07,68.01,68.63,66.29,67.46,991599.0,0.00692394820767,32.8,0.0,0.0
2022-02-08,67.46,68.84,66.6,68.1,1191732.0,0.0083213987160364,32.8,0.31,0.0095
2022-02-09,68.12,68.84,66.35,67.88,1605319.0,0.0112093150686806,33.11,-0.11,-0.0033
2022-02-10,73.57,74.66,71.68,74.66,6531046.0,0.0456037412763733,33.0,3.3,0.1
2022-02-11,73.18,79.56,72.42,78.16,6583361.0,0.0459690364717943,36.3,1.7,0.0468
2022-02-14,77.85,78.96,76.16,76.92,3815230.0,0.0266402597424452,38.0,-0.6,-0.0158
2022-02-15,76.92,77.33,74.99,75.73,2145015.0,0.0149778012731712,37.4,-0.58,-0.0155
2022-02-16,75.86,77.75,75.69,76.93,1512008.0,0.0105577608303182,36.82,0.58,0.0158
2022-02-17,77.67,79.19,75.28,75.76,1445924.0,0.010096322090106,37.4,-0.57,-0.0152
2022-02-18,75.57,76.19,73.82,75.8,1776380.0,0.0124037671650948,36.83,0.02,0.0005
2022-02-21,76.56,76.9,75.28,76.58,1216859.0,0.0084968507350624,36.85,0.38,0.0103
2022-02-22,76.41,76.41,74.21,74.87,972872.0,0.0067931848869274,37.23,-0.83,-0.0223
2022-02-23,75.1,76.11,73.84,74.01,1317200.0,0.0091974927154454,36.4,-0.42,-0.0115
2022-02-24,74.07,74.32,70.14,71.21,1884571.0,0.013159222626966,35.98,-1.36,-0.0378
2022-02-25,70.92,73.45,70.92,72.24,1090186.0,0.0076123426916797,34.62,0.5,0.0144
2022-02-28,72.22,73.26,70.65,72.94,1220278.0,0.0085207242755984,35.12,0.34,0.0097
2022-03-01,72.61,73.7,71.62,72.81,890276.0,0.0062164493051441,35.46,-0.06,-0.0017
2022-03-02,72.16,73.1,71.68,72.61,869462.0,0.0060711132791957,35.4,-0.1,-0.0028
2022-03-03,72.94,74.01,71.31,71.54,1219871.0,0.008517882353692,35.3,-0.52,-0.0147
2022-03-04,71.58,72.36,71.05,71.68,832520.0,0.0058131617335732,34.78,0.07,0.002
2022-03-07,71.8,71.8,68.93,70.53,1536420.0,0.0107282202838328,34.85,-0.56,-0.0161
2022-03-08,70.53,71.0,68.49,68.58,1130757.0,0.0078956341257507,34.29,-0.95,-0.0277
2022-03-09,68.31,69.44,64.15,66.87,1424401.0,0.0099460353943009,33.34,-0.83,-0.0249
2022-03-10,67.96,68.55,65.06,66.68,1513213.0,0.0105661748742919,32.51,-0.09,-0.0028
2022-03-11,65.8,67.88,64.38,67.13,1345840.0,0.0093974746402634,32.42,0.22,0.0068
2022-03-14,66.54,66.95,64.5,64.52,842665.0,0.0058840003029614,32.64,-1.27,-0.0389
2022-03-15,64.14,64.51,59.24,59.65,2018790.0,0.0140964214386684,31.37,-2.37,-0.0755
2022-03-16,60.68,60.89,57.35,59.82,1513208.0,0.0105661399612463,29.0,0.08,0.0028
2022-03-17,61.2,64.92,60.89,63.28,1820957.0,0.0127150309312476,29.08,1.68,0.0578
2022-03-18,63.36,64.39,62.49,63.28,800778.0,0.0055915197553059,30.76,0.0,0.0
2022-03-21,63.27,64.34,62.62,63.54,928668.0,0.0064845256339715,30.76,0.13,0.0042
2022-03-22,62.95,65.31,62.17,64.47,1400722.0,0.0097806941932615,30.89,0.45,0.0146
2022-03-23,63.79,65.32,63.63,65.19,1026960.0,0.0071708602482947,31.34,0.35,0.0112
2022-03-24,65.21,65.58,63.57,63.98,904388.0,0.0063149878848589,31.69,-0.59,-0.0186
2022-03-25,63.55,65.19,63.53,63.98,765919.0,0.0053481129844528,31.1,0.0,0.0
2022-03-28,63.57,64.56,62.23,62.99,804845.0,0.0056199180265431,31.1,-0.48,-0.0154
