date,open,high,low,close,volume,turnover,pre-close,changeamount,change
1992-01-13,86.4,86.4,86.4,86.4,15000.0,0.03,86.4,0.0,0.0
1992-01-14,87.3,87.3,87.3,87.3,14200.0,0.0284,86.4,0.9,0.0104
1992-01-21,87.3,87.3,87.3,87.3,18600.0,0.0372,87.3,0.0,0.0
1992-01-27,87.3,87.3,87.3,87.3,300.0,0.0006,87.3,0.0,0.0
1992-01-28,87.3,88.2,87.3,88.2,21000.0,0.042,87.3,0.9,0.0103
1992-01-29,87.3,87.3,87.3,87.3,1000.0,0.002,88.2,-0.9,-0.0102
1992-02-03,88.2,88.2,88.2,88.2,200.0,0.0004,87.3,0.9,0.0103
1992-02-11,88.2,88.2,88.2,88.2,1000.0,0.002,88.2,0.0,0.0
1992-02-12,88.2,88.2,88.2,88.2,600.0,0.0012,88.2,0.0,0.0
1992-02-13,88.2,88.2,87.3,87.3,17500.0,0.035,88.2,-0.9,-0.0102
1992-02-19,88.2,88.2,88.2,88.2,30000.0,0.06,87.3,0.9,0.0103
1992-02-27,88.2,88.2,88.2,88.2,4500.0,0.009,88.2,0.0,0.0
1992-03-10,88.2,88.2,88.2,88.2,126700.0,0.2534,88.2,0.0,0.0
1992-03-11,88.2,88.2,88.2,88.2,500.0,0.001,88.2,0.0,0.0
1992-03-20,88.2,88.2,88.2,88.2,300.0,0.0006,88.2,0.0,0.0
1992-03-23,88.2,88.2,88.2,88.2,78300.0,0.1566,88.2,0.0,0.0
1992-03-24,88.2,88.2,88.2,88.2,5300.0,0.0106,88.2,0.0,0.0
1992-04-01,88.65,89.1,88.65,89.1,200000.0,0.4,88.2,0.9,0.0102
1992-04-02,89.1,89.1,89.1,89.1,67700.0,0.1354,89.1,0.0,0.0
1992-04-16,89.1,89.1,89.1,89.1,100.0,0.0002,89.1,0.0,0.0
1992-04-23,90.0,90.0,90.0,90.0,500.0,0.001,89.1,0.9,0.0101
1992-05-06,94.5,94.5,94.5,94.5,100.0,0.0002,90.0,4.5,0.05
1992-05-07,99.19,99.19,99.19,99.19,100.0,0.0002,94.5,4.7,0.0497
1992-05-08,104.19,104.19,104.19,104.19,100.0,0.0002,99.2,5.0,0.0504
1992-05-11,109.39,109.39,109.39,109.39,10100.0,0.0202,104.2,5.2,0.0499
1992-05-12,114.89,114.89,114.89,114.89,100.0,0.0002,109.4,5.5,0.0503
1992-05-13,120.59,120.59,120.59,120.59,4500.0,0.009,114.9,5.7,0.0496
1992-05-14,126.6,126.6,126.6,126.6,100.0,0.0002,120.6,6.0,0.0498
1992-05-15,132.9,132.9,132.9,132.9,100.0,0.0002,126.6,6.3,0.0498
1992-05-18,139.51,139.51,139.51,139.51,100.0,0.0002,132.9,6.6,0.0497
1992-05-19,146.51,146.51,146.51,146.51,10500.0,0.021,139.5,7.0,0.0502
1992-05-20,153.81,153.81,153.81,153.81,20000.0,0.04,146.5,7.3,0.0498
1992-05-21,300.01,330.01,285.01,307.51,531300.0,1.0626,153.8,153.7,0.9993
1992-05-22,322.51,365.01,314.01,321.01,467500.0,0.935,307.5,13.5,0.0439
1992-05-25,335.01,392.51,327.51,385.01,549900.0,1.0998,321.0,64.0,0.1994
1992-05-26,402.53,402.53,298.52,360.03,421300.0,0.8426,385.0,-25.0,-0.0649
1992-05-27,352.53,380.04,330.53,343.03,279400.0,0.5588,360.0,-17.0,-0.0472
1992-05-28,326.02,344.02,300.02,315.52,355200.0,0.7104,343.0,-27.5,-0.0802
1992-05-29,305.52,369.53,305.52,339.98,323700.0,0.6474,315.5,24.45,0.0775
1992-06-01,325.03,339.53,310.52,334.03,356500.0,0.713,339.95,-5.95,-0.0175
1992-06-02,340.28,345.08,310.03,320.03,245200.0,0.4904,334.0,-14.0,-0.0419
1992-06-03,320.0,320.0,297.54,310.05,247600.0,0.4952,320.0,-10.0,-0.0312
1992-06-04,317.29,335.04,310.03,319.94,214600.0,0.4292,310.0,9.9,0.0319
1992-06-05,330.13,337.28,317.58,325.63,237400.0,0.4748,319.9,5.7,0.0178
1992-06-08,337.54,337.54,317.53,324.03,156800.0,0.3136,325.6,-1.6,-0.0049
1992-06-09,322.54,341.05,320.04,339.3,234800.0,0.4696,324.0,15.25,0.0471
1992-06-10,343.06,355.06,295.15,348.56,337900.0,0.6758,339.25,9.25,0.0273
1992-06-11,350.07,352.57,298.06,348.07,146200.0,0.2924,348.5,-0.5,-0.0014
1992-06-12,355.57,355.57,340.06,345.57,268400.0,0.5368,348.0,-2.5,-0.0072
1992-06-15,350.05,357.55,299.29,351.3,162800.0,0.3256,345.5,5.75,0.0166
1992-06-16,354.06,369.06,346.81,355.06,175100.0,0.3502,351.25,3.75,0.0107
1992-06-17,358.06,362.06,351.56,355.06,135300.0,0.2706,355.0,0.0,0.0
1992-06-18,358.07,358.07,349.81,354.32,118000.0,0.236,355.0,-0.75,-0.0021
1992-06-19,351.05,354.5,350.1,352.05,109900.0,0.2198,354.25,-2.25,-0.0064
1992-06-22,351.55,360.06,351.15,354.05,88100.0,0.1762,352.0,2.0,0.0057
1992-06-23,353.57,354.17,350.07,352.07,73900.0,0.1478,354.0,-2.0,-0.0056
1992-06-24,350.56,353.07,346.81,350.06,69600.0,0.1392,352.0,-2.0,-0.0057
1992-06-25,350.56,353.06,324.83,352.06,74800.0,0.1496,350.0,2.0,0.0057
1992-06-26,352.05,358.05,352.05,355.05,113800.0,0.2276,352.0,3.0,0.0085
1992-06-29,360.07,365.17,354.47,355.87,263700.0,0.5274,355.0,0.8,0.0023
1992-06-30,357.07,362.57,354.07,360.57,374000.0,0.748,355.8,4.7,0.0132
1992-07-01,370.06,370.06,361.05,363.05,156600.0,0.3132,360.5,2.5,0.0069
1992-07-02,362.05,364.05,359.8,360.8,146000.0,0.292,363.0,-2.25,-0.0062
1992-07-03,361.31,365.31,360.06,363.04,490100.0,0.9802,360.75,2.23,0.0062
1992-07-06,370.05,415.06,352.3,410.05,720100.0,1.4402,362.98,47.02,0.1295
1992-07-07,412.55,442.05,374.05,428.3,723600.0,1.4472,410.0,18.25,0.0445
1992-07-08,448.17,448.17,357.81,408.81,442800.0,0.8856,428.25,-19.5,-0.0455
1992-07-09,421.18,448.84,390.08,393.28,368600.0,0.7372,408.75,-15.55,-0.038
1992-07-10,392.57,410.32,380.57,410.07,430000.0,0.86,393.2,16.8,0.0427
1992-07-13,420.08,428.83,314.56,407.08,385400.0,0.7708,410.0,-3.0,-0.0073
1992-07-14,409.98,409.98,400.08,403.13,322500.0,0.645,407.0,-3.95,-0.0097
1992-07-15,407.58,425.09,400.08,418.09,360600.0,0.7212,403.05,14.95,0.0371
1992-07-16,420.09,472.8,411.08,418.09,750600.0,1.5012,418.0,0.0,0.0
1992-07-17,420.1,425.1,417.1,420.05,330200.0,0.6604,418.0,1.95,0.0047
1992-07-20,420.1,423.1,401.1,416.1,318900.0,0.6378,419.95,-3.95,-0.0094
1992-07-21,411.11,416.61,408.11,410.11,331600.0,0.6632,416.0,-6.0,-0.0144
1992-07-22,405.11,409.12,399.11,402.11,558900.0,1.1178,410.0,-8.0,-0.0195
1992-07-23,398.09,400.34,365.09,392.34,471400.0,0.9428,402.0,-9.75,-0.0243
1992-07-24,375.11,397.59,375.11,395.09,359200.0,0.7184,392.25,2.75,0.007
1992-07-27,420.1,459.61,402.85,415.0,348200.0,0.6964,395.0,19.9,0.0504
1992-07-28,420.08,420.08,404.08,406.08,206900.0,0.4138,414.9,-8.9,-0.0215
1992-07-29,410.07,410.07,397.07,405.02,219800.0,0.4396,406.0,-1.05,-0.0026
1992-07-30,405.08,414.33,400.08,403.08,123200.0,0.2464,404.95,-1.95,-0.0048
1992-07-31,403.09,406.59,400.19,404.09,129800.0,0.2596,403.0,1.0,0.0025
1992-08-03,408.09,408.09,398.09,400.09,164800.0,0.3296,404.0,-4.0,-0.0099
1992-08-04,400.09,402.09,391.08,401.09,98800.0,0.1976,400.0,1.0,0.0025
1992-08-05,398.32,401.05,394.07,395.07,42400.0,0.0848,401.0,-6.0,-0.015
1992-08-06,400.07,400.07,333.64,389.06,241400.0,0.4828,395.0,-6.0,-0.0152
1992-08-07,389.55,393.3,379.3,384.05,131800.0,0.2636,389.0,-5.0,-0.0129
1992-08-10,384.57,385.07,299.55,348.56,240700.0,0.4814,384.0,-35.5,-0.0924
1992-08-11,343.07,344.07,300.61,305.06,457000.0,0.914,348.5,-43.5,-0.1248
1992-08-12,251.05,295.06,200.04,279.56,612800.0,1.2256,305.0,-25.5,-0.0836
1992-08-13,280.07,327.68,259.08,299.07,611600.0,1.2232,279.5,19.5,0.0698
1992-08-14,296.06,322.57,296.06,316.57,500700.0,1.0014,299.0,17.5,0.0585
1992-08-17,328.06,365.07,185.53,349.96,401800.0,0.8036,316.5,33.4,0.1055
1992-08-18,353.05,367.05,293.54,334.95,419700.0,0.8394,349.9,-15.0,-0.0429
1992-08-19,324.54,348.04,321.54,340.14,264700.0,0.5294,334.9,5.2,0.0155
1992-08-20,342.55,374.06,335.05,339.05,164700.0,0.3294,340.1,-1.1,-0.0032
1992-08-21,299.56,340.07,269.56,330.07,223800.0,0.4476,339.0,-9.0,-0.0265
1992-08-24,338.05,338.05,310.05,316.8,332400.0,0.6648,330.0,-13.25,-0.0402
1992-08-25,306.55,320.05,301.04,307.3,475700.0,0.9514,316.75,-9.5,-0.03
1992-08-26,300.03,319.03,300.03,319.03,353200.0,0.7064,307.25,11.75,0.0382
1992-08-27,325.05,325.05,312.05,312.05,157000.0,0.314,319.0,-7.0,-0.0219
1992-08-28,314.98,317.29,307.03,308.08,108000.0,0.216,312.0,-3.95,-0.0127
1992-08-31,308.04,310.04,302.29,304.02,217800.0,0.4356,308.05,-4.07,-0.0132
1992-09-01,307.53,308.53,300.03,305.48,191400.0,0.3828,303.98,1.47,0.0048
1992-09-02,306.54,307.52,283.29,293.29,243000.0,0.486,305.45,-12.2,-0.0399
1992-09-03,281.05,291.3,271.04,285.05,563700.0,1.1274,293.25,-8.25,-0.0281
1992-09-04,282.56,336.57,275.06,280.06,329600.0,0.6592,285.0,-5.0,-0.0175
1992-09-07,286.07,295.12,254.06,256.56,376200.0,0.7524,280.0,-23.5,-0.0839
1992-09-08,248.05,250.55,209.04,230.55,446400.0,0.8928,256.5,-26.0,-0.1014
1992-09-09,232.55,235.05,207.54,227.55,447000.0,0.894,230.5,-3.0,-0.013
1992-09-10,234.55,257.06,226.05,250.05,346300.0,0.6926,227.5,22.5,0.0989
1992-09-11,260.06,310.07,260.06,277.06,384600.0,0.7692,250.0,27.0,0.108
1992-09-14,281.55,296.55,254.04,261.05,485200.0,0.9704,277.0,-16.0,-0.0578
1992-09-15,256.06,272.56,242.55,262.04,458200.0,0.9164,261.0,0.98,0.0038
1992-09-16,275.06,322.47,263.55,273.31,442300.0,0.8846,261.98,11.27,0.043
1992-09-17,276.06,281.56,271.06,273.06,467100.0,0.9342,273.25,-0.25,-0.0009
1992-09-18,272.56,276.46,264.06,271.01,202100.0,0.4042,273.0,-2.05,-0.0075
1992-09-21,274.06,276.56,260.81,264.56,214400.0,0.4288,270.95,-6.45,-0.0238
1992-09-22,259.57,268.82,256.02,260.57,190400.0,0.3808,264.5,-4.0,-0.0151
1992-09-23,258.55,262.05,253.83,255.3,210300.0,0.4206,260.5,-5.25,-0.0202
1992-09-24,255.04,265.79,250.12,263.29,198800.0,0.3976,255.25,8.0,0.0313
1992-09-25,267.78,267.78,213.68,264.53,111600.0,0.2232,263.25,1.25,0.0047
1992-09-28,264.04,265.54,238.59,261.54,85800.0,0.1716,264.5,-3.0,-0.0113
1992-09-29,260.03,263.03,252.68,257.96,123500.0,0.247,261.5,-3.57,-0.0137
1992-09-30,255.02,257.02,251.02,254.22,198000.0,0.396,257.93,-3.73,-0.0145
1992-10-05,254.03,254.03,235.13,244.33,273800.0,0.5476,254.2,-9.9,-0.0389
1992-10-06,252.49,275.04,246.54,259.04,654000.0,1.308,244.3,14.7,0.0602
1992-10-07,259.54,262.54,249.54,254.04,191500.0,0.383,259.0,-5.0,-0.0193
1992-10-08,253.78,253.98,196.83,247.71,229700.0,0.4594,254.0,-6.32,-0.0249
1992-10-09,248.02,261.02,246.52,254.67,362400.0,0.7248,247.68,6.97,0.0281
1992-10-12,262.51,291.02,262.51,270.51,609900.0,1.2198,254.65,15.85,0.0622
1992-10-13,270.03,279.98,261.03,264.08,528600.0,1.0572,270.5,-6.45,-0.0238
1992-10-14,266.02,268.77,258.57,264.02,448000.0,0.896,264.05,-0.05,-0.0002
1992-10-15,261.07,266.27,260.02,264.37,419700.0,0.8394,264.0,0.35,0.0013
1992-10-16,265.02,268.52,264.92,266.32,191600.0,0.3832,264.35,1.95,0.0074
1992-10-19,268.03,274.28,258.08,259.03,216200.0,0.4324,266.3,-7.3,-0.0274
1992-10-20,264.26,269.01,246.51,255.06,289100.0,0.5782,259.0,-3.95,-0.0153
1992-10-21,252.5,254.1,244.0,249.78,342500.0,0.685,255.05,-5.27,-0.0207
1992-10-22,243.99,247.59,231.49,234.97,461800.0,0.9236,249.78,-14.8,-0.0593
1992-10-23,232.99,249.99,229.99,243.99,308000.0,0.616,234.98,9.02,0.0384
1992-10-26,244.0,245.05,210.03,210.03,375400.0,0.7508,244.0,-33.97,-0.1392
1992-10-27,185.01,200.01,174.51,176.51,601000.0,1.202,210.03,-33.53,-0.1596
1992-10-28,174.0,188.0,172.5,180.0,676200.0,1.3524,176.5,3.5,0.0198
1992-10-29,183.5,189.03,177.78,187.38,391500.0,0.783,180.0,7.38,0.041
1992-10-30,195.71,200.99,190.71,200.99,573100.0,1.1462,187.38,13.6,0.0726
1992-11-02,205.41,207.92,179.54,183.76,477800.0,0.9556,200.98,-17.23,-0.0857
1992-11-03,182.51,188.66,174.01,182.31,377400.0,0.7548,183.75,-1.45,-0.0079
1992-11-04,182.02,184.02,177.02,179.65,225800.0,0.4516,182.3,-2.67,-0.0146
1992-11-05,177.32,180.22,174.05,176.52,284100.0,0.5682,179.63,-3.13,-0.0174
1992-11-06,176.02,178.27,174.52,175.32,241400.0,0.4828,176.5,-1.2,-0.0068
1992-11-09,173.52,175.02,158.07,161.02,339800.0,0.6796,175.3,-14.3,-0.0816
1992-11-10,158.02,158.02,142.27,147.17,567900.0,1.1358,161.0,-13.85,-0.086
1992-11-11,147.02,150.05,140.02,148.02,342200.0,0.6844,147.15,0.85,0.0058
1992-11-12,149.03,153.13,145.03,151.06,441200.0,0.8824,148.0,3.03,0.0205
1992-11-13,151.33,160.03,150.03,151.53,380400.0,0.7608,151.03,0.47,0.0031
1992-11-16,150.02,152.27,144.57,145.42,165800.0,0.3316,151.5,-6.1,-0.0403
1992-11-17,141.31,144.01,138.06,141.01,410800.0,0.8216,145.4,-4.4,-0.0303
1992-11-18,142.02,145.02,140.12,145.02,198500.0,0.397,141.0,4.0,0.0284
1992-11-19,145.02,147.02,140.12,142.02,172600.0,0.3452,145.0,-3.0,-0.0207
1992-11-20,141.02,143.52,140.02,142.02,164100.0,0.3282,142.0,0.0,0.0
1992-11-23,142.81,146.01,141.01,145.01,270200.0,0.5404,142.0,3.0,0.0211
1992-11-24,146.02,162.02,146.02,158.02,496100.0,0.9922,145.0,13.0,0.0897
1992-11-25,165.03,205.03,165.03,205.03,724800.0,1.4496,158.0,47.0,0.2975
1992-11-26,235.05,260.05,170.03,198.04,1192600.0,2.3852,205.0,-7.0,-0.0341
1992-11-27,181.04,261.06,175.04,231.05,954200.0,1.9084,198.0,33.0,0.1667
1992-11-30,250.06,258.07,240.06,245.26,983200.0,1.9664,231.0,14.2,0.0615
1992-12-01,255.07,255.07,241.07,241.07,319900.0,0.6398,245.2,-4.2,-0.0171
1992-12-02,240.06,249.06,230.06,248.06,332900.0,0.6658,241.0,7.0,0.029
1992-12-03,260.06,260.06,248.05,255.06,880100.0,1.7602,248.0,7.0,0.0282
1992-12-04,266.06,268.06,258.05,260.05,753800.0,1.5076,255.0,5.0,0.0196
1992-12-07,260.15,261.05,241.05,258.05,412600.0,0.8252,260.0,-2.0,-0.0077
1992-12-08,256.05,260.55,240.05,245.15,602200.0,1.2044,258.0,-12.9,-0.05
1992-12-09,250.05,250.05,220.05,220.05,347800.0,0.6956,245.1,-25.1,-0.1024
1992-12-10,230.05,230.05,190.04,202.05,340300.0,0.06806,22.0,-1.8,-0.0818
1992-12-11,205.05,250.06,201.05,235.06,488100.0,0.09762,20.2,3.3,0.1634
1992-12-14,237.06,244.56,216.06,235.06,287800.0,0.05756,23.5,0.0,0.0
1992-12-15,225.06,242.07,225.06,234.57,257400.0,0.05148,23.5,-0.05,-0.0021
1992-12-16,230.06,232.96,225.56,230.06,124800.0,0.02496,23.45,-0.45,-0.0192
1992-12-17,231.06,234.56,228.06,233.86,202800.0,0.04056,23.0,0.38,0.0165
1992-12-18,240.66,242.86,229.05,229.95,196700.0,0.03934,23.38,-0.39,-0.0167
1992-12-21,240.05,242.85,230.05,235.45,445500.0,0.0891,22.99,0.55,0.0239
1992-12-22,239.54,239.54,234.54,234.74,195900.0,0.03918,23.54,-0.07,-0.003
1992-12-23,238.04,238.04,225.13,235.24,139200.0,0.02784,23.47,0.05,0.0021
1992-12-24,238.04,242.04,235.54,241.54,184600.0,0.03692,23.52,0.63,0.0268
1992-12-25,243.55,258.05,242.05,249.05,373300.0,0.07466,24.15,0.75,0.0311
1992-12-28,249.05,250.05,240.05,244.25,262600.0,0.05252,24.9,-0.48,-0.0193
1992-12-29,242.04,260.55,242.04,258.05,711900.0,0.14238,24.42,1.38,0.0565
1992-12-30,260.05,262.55,257.55,259.05,372500.0,0.0745,25.8,0.1,0.0039
1992-12-31,260.05,261.05,255.05,257.55,358900.0,0.07178,25.9,-0.15,-0.0058
1993-01-04,259.04,267.14,255.04,265.04,371500.0,0.0743,25.75,0.75,0.0291
1993-01-05,268.06,276.86,266.86,274.96,467600.0,0.09352,26.5,0.99,0.0374
1993-01-06,270.96,288.07,265.16,270.06,395500.0,0.0791,27.49,-0.49,-0.0178
1993-01-07,269.06,275.06,267.06,271.06,372300.0,0.07446,27.0,0.1,0.0037
1993-01-08,279.07,296.07,273.37,288.57,1041500.0,0.2083,27.1,1.75,0.0646
1993-01-11,292.07,301.97,291.07,297.17,1188800.0,0.23776,28.85,0.86,0.0298
1993-01-12,300.08,309.79,294.58,300.08,993800.0,0.19876,29.71,0.29,0.0098
1993-01-13,300.08,305.09,292.08,301.58,375200.0,0.07504,30.0,0.15,0.005
1993-01-14,310.07,320.08,300.07,316.88,1012500.0,0.2025,30.15,1.53,0.0507
1993-01-15,319.99,325.09,300.09,305.09,629200.0,0.12584,31.68,-1.18,-0.0372
1993-01-18,312.08,325.09,306.88,318.08,628000.0,0.1256,30.5,1.3,0.0426
1993-01-19,321.19,322.09,300.08,302.08,643200.0,0.12864,31.8,-1.6,-0.0503
1993-01-20,301.98,312.88,301.98,311.48,336500.0,0.0673,30.2,0.94,0.0311
1993-01-21,315.08,318.98,310.07,318.18,411100.0,0.08222,31.14,0.67,0.0215
1993-01-22,318.07,340.08,317.57,330.08,749800.0,0.14996,31.81,1.19,0.0374
1993-01-27,350.08,368.08,337.07,360.08,766000.0,0.1532,33.0,3.0,0.0909
1993-01-28,360.07,375.07,352.07,354.07,662000.0,0.1324,36.0,-0.6,-0.0167
1993-01-29,352.08,368.08,350.18,364.58,738200.0,0.14764,35.4,1.05,0.0297
1993-02-01,373.1,388.0,368.09,381.1,1006000.0,0.2012,36.45,1.65,0.0453
1993-02-02,389.09,390.09,379.09,382.09,819800.0,0.16396,38.1,0.1,0.0026
1993-02-03,383.08,389.08,370.08,378.08,583200.0,0.11664,38.2,-0.4,-0.0105
1993-02-04,378.07,410.08,378.07,409.08,1301900.0,0.26038,37.8,3.1,0.082
1993-02-05,425.07,429.07,382.06,403.07,1987600.0,0.39752,40.9,-0.6,-0.0147
1993-02-08,400.06,425.07,399.56,424.07,1573600.0,0.31472,40.3,2.1,0.0521
1993-02-09,430.06,470.07,428.06,455.06,1473500.0,0.2947,42.4,3.1,0.0731
1993-02-10,465.06,485.06,440.05,446.05,2190700.0,0.43814,45.5,-0.9,-0.0198
1993-02-11,465.05,466.75,409.65,432.05,1468100.0,0.29362,44.6,-1.4,-0.0314
1993-02-12,421.03,442.03,409.93,442.03,1331500.0,0.2663,43.2,1.0,0.0231
1993-02-15,451.01,462.01,450.11,457.01,1079700.0,0.21594,44.2,1.5,0.0339
1993-02-16,459.0,468.0,441.0,449.2,735600.0,0.14712,45.7,-0.78,-0.0171
1993-02-17,451.01,476.01,447.81,458.81,1050400.0,0.21008,44.92,0.96,0.0214
1993-02-18,468.81,468.81,450.11,451.01,704800.0,0.14096,45.88,-0.78,-0.017
1993-02-19,464.91,464.91,426.11,447.31,505400.0,0.10108,45.1,-0.37,-0.0082
1993-02-22,450.0,461.0,425.2,430.0,376500.0,0.0753,44.73,-1.73,-0.0387
1993-02-23,422.81,432.91,390.01,398.01,664000.0,0.1328,43.0,-3.2,-0.0744
1993-02-24,405.01,405.01,340.5,359.01,1222400.0,0.24448,39.8,-3.9,-0.098
1993-02-25,378.0,417.0,364.8,414.0,1149500.0,0.2299,35.9,5.5,0.1532
1993-02-26,418.99,434.99,389.99,395.79,1713200.0,0.34264,41.4,-1.82,-0.044
1993-03-01,385.09,399.99,354.99,357.99,743100.0,0.14862,39.58,-3.78,-0.0955
1993-03-02,351.99,386.99,351.99,370.99,688200.0,0.13764,35.8,1.3,0.0363
1993-03-03,372.0,378.0,363.0,368.8,252900.0,0.05058,37.1,-0.22,-0.0059
1993-03-04,369.99,371.49,337.99,348.99,407000.0,0.0814,36.88,-1.98,-0.0537
1993-03-05,344.98,349.98,307.99,330.98,909000.0,0.1818,34.9,-1.8,-0.0516
1993-03-08,390.97,449.97,367.57,369.97,1928800.0,0.38576,33.1,3.9,0.1178
1993-03-09,374.98,419.98,357.99,395.98,1584300.0,0.31686,37.0,2.6,0.0703
1993-03-10,379.98,412.88,359.98,407.98,1503900.0,0.30078,39.6,1.2,0.0303
1993-03-11,414.98,424.97,405.08,423.97,1422800.0,0.28456,40.8,1.6,0.0392
1993-03-12,429.96,435.96,410.96,418.46,1037500.0,0.2075,42.4,-0.55,-0.013
1993-03-15,418.45,419.95,384.96,387.96,809800.0,0.16196,41.85,-3.05,-0.0729
1993-03-16,383.95,409.74,379.95,407.04,528400.0,0.10568,38.8,1.91,0.0492
1993-03-17,420.94,420.94,394.94,400.94,453900.0,0.09078,40.71,-0.61,-0.015
1993-03-18,404.93,404.93,391.93,397.93,292100.0,0.05842,40.1,-0.3,-0.0075
1993-03-19,397.94,406.94,390.14,392.44,540100.0,0.10802,39.8,-0.55,-0.0138
1993-03-22,350.05,384.74,336.45,338.95,1191400.0,0.23828,39.25,-5.35,-0.1363
1993-03-23,334.97,349.87,305.97,309.97,739100.0,0.14782,33.9,-2.9,-0.0855
1993-03-24,301.76,318.76,299.16,299.96,408400.0,0.08168,31.0,-1.0,-0.0323
1993-03-25,304.96,304.96,272.96,299.96,606900.0,0.12138,30.0,0.0,0.0
1993-03-26,302.15,324.95,285.05,324.95,858300.0,0.17166,30.0,2.5,0.0833
1993-03-29,271.05,279.75,270.95,276.85,252000.0,0.0504,32.5,-4.81,-0.148
1993-03-30,279.86,279.86,266.17,266.17,636200.0,0.12724,27.69,-1.07,-0.0386
1993-03-31,268.87,268.87,239.87,241.97,854800.0,0.17096,26.62,-2.42,-0.0909
1993-04-01,230.97,252.37,230.97,251.77,464800.0,0.09296,24.2,0.98,0.0405
1993-04-02,251.77,256.77,244.47,245.07,696800.0,0.13936,25.18,-0.67,-0.0266
1993-04-05,246.53,262.2,239.48,261.49,412600.0,0.063476923076923,13.92,0.93,0.067
1993-04-06,258.85,319.42,258.85,311.68,884600.0,0.1360923076923076,14.85,2.85,0.1919
1993-04-07,311.66,366.25,311.66,334.55,1676000.0,0.2578461538461538,17.7,1.3,0.0734
1993-04-08,348.65,369.78,338.09,369.78,1890200.0,0.2908,19.0,2.0,0.1053
1993-04-09,378.6,405.01,348.66,357.47,1733400.0,0.2666769230769231,21.0,-0.7,-0.0333
1993-04-12,366.27,369.79,340.2,345.13,895400.0,0.1377538461538461,20.3,-0.7,-0.0345
1993-04-13,345.12,378.58,341.6,376.82,1651800.0,0.2541230769230769,19.6,1.8,0.0918
1993-04-14,387.39,394.43,353.93,364.5,1796300.0,0.2763538461538461,21.4,-0.7,-0.0327
1993-04-15,369.78,371.89,354.11,358.34,600400.0,0.0923692307692307,20.7,-0.35,-0.0169
1993-04-16,359.23,366.28,335.46,340.74,691100.0,0.1063230769230769,20.35,-1.0,-0.0491
1993-04-19,341.61,352.18,336.33,350.42,417500.0,0.0642307692307692,19.35,0.55,0.0284
1993-04-20,357.45,359.21,348.65,353.05,572200.0,0.0880307692307692,19.9,0.15,0.0075
1993-04-21,350.42,352.18,340.21,345.85,657600.0,0.1011692307692307,20.05,-0.41,-0.0204
1993-04-22,349.53,360.98,343.37,359.92,841500.0,0.1294615384615384,19.64,0.8,0.0407
1993-04-23,362.91,371.36,352.17,353.05,1070700.0,0.1647230769230769,20.44,-0.39,-0.0191
1993-04-26,369.78,422.43,357.46,413.81,5829100.0,0.8967846153846154,20.05,3.45,0.1721
1993-04-27,428.06,459.58,422.6,440.21,9723700.0,1.4959538461538462,23.5,1.5,0.0638
1993-04-28,440.21,450.77,423.48,438.27,3730100.0,0.5738615384615384,25.0,-0.11,-0.0044
1993-04-29,440.04,445.5,423.49,426.13,1698600.0,0.2613230769230769,24.89,-0.69,-0.0277
1993-04-30,427.9,452.56,425.44,450.97,4359500.0,0.6706923076923077,24.2,1.41,0.0583
1993-05-03,462.4,473.49,454.3,463.1,6987300.0,1.074969230769231,25.61,0.69,0.0269
1993-05-04,463.12,468.41,416.46,419.8,4380900.0,0.6739846153846154,26.3,-2.46,-0.0935
1993-05-05,412.24,433.2,406.78,420.52,2699800.0,0.4153538461538461,23.84,0.04,0.0017
1993-05-06,426.14,429.67,369.8,386.88,3386300.0,0.5209692307692307,23.88,-1.91,-0.08
1993-05-07,387.41,413.47,385.83,405.02,3310300.0,0.5092769230769231,21.97,1.03,0.0469
1993-05-10,405.04,413.85,372.99,378.98,2083200.0,0.3204923076923077,23.0,-1.48,-0.0643
1993-05-11,371.24,396.08,369.84,394.67,1817800.0,0.2796615384615384,21.52,0.89,0.0414
1993-05-12,397.66,405.06,387.45,392.73,1849600.0,0.2845538461538461,22.41,-0.11,-0.0049
1993-05-13,387.44,401.53,387.44,401.53,1033900.0,0.1590615384615384,22.3,0.5,0.0224
1993-05-14,401.51,405.03,387.25,390.77,1077800.0,0.1658153846153846,22.8,-0.61,-0.0268
1993-05-17,383.92,383.92,370.89,379.87,857100.0,0.1318615384615384,22.19,-0.62,-0.0279
1993-05-18,371.58,386.55,371.58,374.93,356500.0,0.0548461538461538,21.57,-0.28,-0.013
1993-05-19,373.36,379.52,371.6,376.88,347900.0,0.0535230769230769,21.29,0.11,0.0052
1993-05-20,383.91,395.35,379.68,389.54,716400.0,0.0317741357470558,21.4,0.72,0.0336
1993-05-21,392.17,392.17,374.21,379.49,462100.0,0.0204952933119968,22.12,-0.57,-0.0258
1993-05-24,374.72,378.59,334.57,336.68,1220000.0,0.0541100580840426,21.55,-2.43,-0.1128
1993-05-25,332.99,336.33,316.08,327.53,1305500.0,0.0579021974005882,19.12,-0.52,-0.0272
1993-05-26,333.7,333.7,322.25,322.25,764000.0,0.033885315062466,18.6,-0.3,-0.0161
1993-05-27,322.24,331.04,305.69,315.2,829900.0,0.0368081452491368,18.3,-0.4,-0.0219
1993-05-28,318.73,325.24,308.16,320.84,683500.0,0.0303149382790517,17.9,0.32,0.0179
1993-05-31,322.26,324.02,308.35,309.93,587600.0,0.026061532893593,18.22,-0.62,-0.034
1993-06-01,308.53,315.22,272.96,315.04,754500.0,0.0334639662495165,17.6,0.29,0.0165
1993-06-02,316.99,369.82,290.92,369.64,3122700.0,0.1384995724418361,17.89,3.1,0.1733
1993-06-03,369.83,389.21,317.0,336.37,3058600.0,0.1356565767670925,20.99,-1.89,-0.09
1993-06-04,331.09,338.14,317.01,325.81,880200.0,0.039039076332438,19.1,-0.6,-0.0314
1993-06-07,334.63,345.02,318.78,344.32,539600.0,0.0239326125755323,18.5,1.05,0.0568
1993-06-08,352.23,367.37,334.62,343.42,1433100.0,0.0635615772460996,19.55,-0.05,-0.0026
1993-06-09,346.94,346.94,336.2,340.78,377500.0,0.0167430712514148,19.5,-0.15,-0.0077
1993-06-10,341.14,341.5,324.41,331.99,295600.0,0.0131106009587237,19.35,-0.5,-0.0258
1993-06-11,327.77,334.29,323.72,331.82,373100.0,0.0165479202222592,18.85,-0.01,-0.0005
1993-06-14,334.29,334.29,308.22,313.5,561300.0,0.0248950619693222,18.84,-1.04,-0.0552
1993-06-15,314.37,320.18,305.03,314.19,369900.0,0.0164059922010552,17.8,0.04,0.0022
1993-06-16,315.26,318.43,313.5,315.26,206700.0,0.0091676631196488,17.84,0.06,0.0034
1993-06-17,317.03,326.71,315.27,317.03,188300.0,0.0083515769977256,17.9,0.1,0.0056
1993-06-18,315.97,320.55,315.27,317.03,158100.0,0.0070121312976124,18.0,0.0,0.0
1993-06-21,299.4,313.49,299.4,307.33,227100.0,0.0100724542548246,18.0,-0.55,-0.0306
1993-06-22,306.44,334.62,306.44,309.26,120700.0,0.0053533475497901,17.45,0.11,0.0063
1993-06-23,309.96,313.48,309.96,310.31,74400.0,0.003299826492994,17.56,0.06,0.0034
1993-06-24,310.85,311.73,294.82,307.15,123300.0,0.0054686640670184,17.62,-0.18,-0.0102
1993-06-25,301.17,317.02,301.17,309.97,316100.0,0.0140198273445622,17.44,0.16,0.0092
1993-06-28,316.85,318.78,301.35,312.27,157800.0,0.0069988255456245,17.6,0.13,0.0074
1993-06-29,313.86,324.95,308.22,317.2,523200.0,0.0232052314668615,17.73,0.28,0.0158
1993-06-30,320.56,325.67,308.41,309.11,262200.0,0.0116292272374065,18.01,-0.46,-0.0255
1993-07-01,313.18,315.29,302.08,308.25,232500.0,0.0103119577906064,17.55,-0.05,-0.0028
1993-07-02,308.26,310.02,301.21,304.73,207900.0,0.0092208861276003,17.5,-0.2,-0.0114
1993-07-05,290.65,302.98,290.65,296.99,249800.0,0.0110792561552408,17.3,-0.44,-0.0254
1993-07-06,295.59,295.59,281.85,284.49,387700.0,0.0171954668190027,16.86,-0.71,-0.0421
1993-07-07,277.08,286.77,276.73,283.07,223000.0,0.0098906089776569,16.15,-0.08,-0.005
1993-07-08,283.76,288.87,278.48,281.82,157000.0,0.0069633435403235,16.07,-0.07,-0.0044
1993-07-09,281.81,281.81,264.2,268.6,178700.0,0.0079257929341134,16.0,-0.75,-0.0469
1993-07-12,253.27,264.19,251.86,258.91,239200.0,0.0106091195850024,15.25,-0.55,-0.0361
1993-07-13,255.38,266.83,255.38,264.19,167300.0,0.007420174358574,14.7,0.3,0.0204
1993-07-14,271.22,271.22,249.74,251.85,105000.0,0.0046570131957577,15.0,-0.7,-0.0467
1993-07-15,251.85,260.48,251.85,253.61,120600.0,0.0053489122991274,14.3,0.1,0.007
1993-07-16,255.36,255.36,251.84,252.19,100500.0,0.0044574269159395,14.4,-0.08,-0.0056
1993-07-19,250.09,250.09,246.57,246.57,118300.0,0.005246901533887,14.32,-0.32,-0.0223
1993-07-20,248.34,248.34,234.25,235.13,155900.0,0.0069145557830346,14.0,-0.65,-0.0464
1993-07-21,236.0,242.17,234.24,237.76,103800.0,0.0046037901878062,13.35,0.15,0.0112
1993-07-22,237.75,251.49,233.88,246.56,185100.0,0.0082096489765215,13.5,0.5,0.037
1993-07-23,246.56,249.2,239.51,243.03,102800.0,0.0045594376811799,14.0,-0.2,-0.0143
1993-07-26,239.51,241.27,233.52,234.58,112200.0,0.0049763512434668,13.8,-0.48,-0.0348
1993-07-27,237.39,244.43,232.63,243.37,268500.0,0.011908648029152,13.32,0.5,0.0375
1993-07-28,246.36,251.82,238.09,241.26,394400.0,0.0174926286133987,13.82,-0.12,-0.0087
1993-07-29,244.78,246.54,241.08,244.78,165600.0,0.0073447750973093,13.7,0.2,0.0146
1993-07-30,249.71,280.0,243.9,271.02,1103500.0,0.0489429910620828,13.9,1.49,0.1072
1993-08-02,272.96,285.29,251.83,251.83,924800.0,0.0410171981279694,15.39,-1.09,-0.0708
1993-08-03,248.48,260.64,248.48,251.48,256300.0,0.0113675474483115,14.3,-0.02,-0.0014
1993-08-04,249.72,259.58,244.96,255.35,191400.0,0.008489069768267,14.28,0.22,0.0154
1993-08-05,258.0,263.11,252.01,255.89,455700.0,0.0202114372695887,14.5,0.03,0.0021
1993-08-06,253.77,261.17,253.77,258.88,179700.0,0.0079701454407397,14.53,0.17,0.0117
1993-08-09,266.98,276.49,264.33,274.72,801500.0,0.0355485340609509,14.7,0.9,0.0612
1993-08-10,278.26,284.07,264.17,267.69,825200.0,0.0365996884679934,15.6,-0.4,-0.0256
1993-08-11,266.8,272.62,265.4,270.5,222200.0,0.0098551269723559,15.2,0.16,0.0105
1993-08-12,274.74,283.54,274.03,282.49,555600.0,0.0246422526815525,15.36,0.68,0.0443
1993-08-13,285.32,301.17,283.03,299.41,1288500.0,0.0571482047879417,16.04,0.96,0.0599
1993-08-16,306.09,334.62,306.09,334.62,1899600.0,0.084252021587252,17.0,2.0,0.1176
1993-08-17,343.43,346.78,308.56,317.02,1657900.0,0.0735320207356838,19.0,-1.0,-0.0526
1993-08-18,311.73,323.18,304.33,304.68,770800.0,0.0341869121075246,18.0,-0.7,-0.0389
1993-08-19,302.93,323.19,302.05,317.02,750600.0,0.0332909914736741,17.3,0.7,0.0405
1993-08-20,318.78,321.43,302.93,309.1,648900.0,0.028780341549783,18.0,-0.45,-0.025
1993-08-23,302.92,307.33,281.97,290.24,659400.0,0.0292460428693588,17.55,-1.07,-0.061
1993-08-24,285.32,293.77,281.8,287.08,523300.0,0.0232096667175242,16.48,-0.18,-0.0109
1993-08-25,292.35,302.92,292.35,299.4,471500.0,0.0209122068742837,16.3,0.7,0.0429
1993-08-26,299.39,301.15,292.35,296.22,202500.0,0.0089813825918185,17.0,-0.18,-0.0106
1993-08-27,295.17,295.17,282.31,290.06,319200.0,0.0141573201151036,16.82,-0.35,-0.0208
1993-08-30,287.95,299.39,285.3,294.99,200700.0,0.0089015480798912,16.47,0.28,0.017
1993-08-31,296.39,299.03,290.58,292.34,146800.0,0.0065109479727356,16.75,-0.15,-0.009
1993-09-01,294.1,295.51,290.58,291.46,92000.0,0.0040804306096163,16.6,-0.05,-0.003
1993-09-02,290.93,295.69,288.82,295.69,108700.0,0.0048211174702749,16.55,0.24,0.0145
1993-09-03,299.21,307.32,294.11,304.67,372700.0,0.0165301792196087,16.79,0.51,0.0304
1993-09-06,311.71,316.47,308.36,316.47,555200.0,0.024624511678902,17.3,0.67,0.0387
1993-09-07,316.99,316.99,299.38,299.38,488100.0,0.0216484584842796,17.97,-0.97,-0.054
1993-09-08,301.15,306.43,297.62,301.32,276600.0,0.0122679033328247,17.0,0.11,0.0065
1993-09-09,301.32,304.66,299.38,301.14,158300.0,0.0070210017989376,17.11,-0.01,-0.0006
1993-09-10,300.97,302.21,297.98,300.27,141200.0,0.0062625739356285,17.1,-0.05,-0.0029
1993-09-13,298.32,298.32,290.75,297.27,354500.0,0.0157229635990107,17.05,-0.17,-0.01
1993-09-14,295.32,296.2,289.33,294.08,113100.0,0.0050162684994305,16.88,-0.18,-0.0107
1993-09-15,294.09,299.02,282.11,294.97,115400.0,0.0051182792646709,16.7,0.05,0.003
1993-09-16,293.2,294.96,292.32,293.73,78000.0,0.0034594955168486,16.75,-0.07,-0.0042
1993-09-17,292.32,296.37,285.63,294.43,77900.0,0.003455060266186,16.68,0.04,0.0024
1993-09-20,293.21,304.66,292.33,298.5,201200.0,0.0089237243332044,16.72,0.23,0.0138
1993-09-21,301.15,308.19,301.15,304.5,285300.0,0.0126537701404732,16.95,0.34,0.0201
1993-09-22,304.68,304.68,299.74,301.33,116500.0,0.0051670670219598,17.29,-0.18,-0.0104
1993-09-23,302.92,304.68,302.21,302.56,123400.0,0.005473099317681,17.11,0.07,0.0041
1993-09-24,293.76,317.01,293.23,297.63,335400.0,0.0148758307224491,17.18,-0.28,-0.0163
1993-09-27,295.87,314.89,295.87,303.61,261900.0,0.0116159214854186,16.9,0.34,0.0201
1993-09-28,304.67,307.84,303.61,306.95,420400.0,0.0186457937856815,17.24,0.19,0.011
1993-09-29,309.23,312.05,299.37,302.01,182500.0,0.0080943324592932,17.43,-0.28,-0.0161
1993-09-30,307.3,313.47,299.02,304.31,192500.0,0.0085378575255559,17.15,0.13,0.0076
1993-10-04,314.87,314.87,306.41,306.59,222100.0,0.0098506917216933,17.28,0.13,0.0075
1993-10-05,306.59,310.81,302.71,303.77,127500.0,0.0056549445948487,17.41,-0.16,-0.0092
1993-10-06,303.58,343.03,299.36,342.5,2197600.0,0.0974690685618788,17.25,2.2,0.1275
1993-10-07,352.53,475.26,352.53,413.81,17421700.0,0.7726960646907919,19.45,4.05,0.2082
1993-10-08,440.25,466.66,341.63,348.68,10595000.0,0.4699148077052722,23.5,-3.7,-0.1574
1993-10-11,352.18,373.32,339.86,353.42,3551800.0,0.1575312330351662,19.8,0.27,0.0136
1993-10-12,358.68,367.49,341.6,348.47,2045400.0,0.0907186170533613,20.07,-0.28,-0.014
1993-10-13,348.63,351.63,315.35,323.1,1332800.0,0.0591130208314853,19.79,-1.44,-0.0728
1993-10-14,321.35,334.55,313.95,322.23,1112900.0,0.0493599046243697,18.35,-0.05,-0.0027
1993-10-15,324.34,327.33,318.88,318.88,456100.0,0.0202291782722392,18.3,-0.19,-0.0104
1993-10-18,316.95,318.71,310.09,311.67,540400.0,0.0239680945808333,18.11,-0.41,-0.0226
1993-10-19,315.2,327.53,311.68,320.83,620400.0,0.0275162951109344,17.7,0.52,0.0294
1993-10-20,325.78,329.3,316.97,319.61,578700.0,0.0256667955846192,18.22,-0.07,-0.0038
1993-10-21,320.5,343.39,320.5,327.54,1959400.0,0.0869043014835026,18.15,0.45,0.0248
1993-10-22,331.07,334.59,311.7,313.46,1722600.0,0.0764016279144031,18.6,-0.8,-0.043
1993-10-25,307.98,313.44,302.88,308.16,930900.0,0.0412877484183896,17.8,-0.3,-0.0169
1993-10-26,308.5,396.2,308.5,389.33,6755000.0,0.2996011822604166,17.5,4.61,0.2634
1993-10-27,413.79,422.6,334.91,348.64,15749900.0,0.698547544113003,22.11,-2.31,-0.1045
1993-10-28,353.93,362.74,340.2,354.81,4174500.0,0.1851495389113411,19.8,0.35,0.0177
1993-10-29,360.99,365.57,345.14,351.3,2138000.0,0.0948256591669534,20.15,-0.2,-0.0099
1993-11-01,350.44,367.69,348.68,359.24,1674400.0,0.0742638370950172,19.95,0.45,0.0226
1993-11-02,364.53,364.53,352.73,357.48,827100.0,0.0366839582305833,20.4,-0.1,-0.0049
1993-11-03,360.99,361.17,350.25,351.83,671500.0,0.0297827081995366,20.3,-0.32,-0.0158
1993-11-04,351.83,364.34,339.86,352.18,1401400.0,0.062155602786047,19.98,0.02,0.001
1993-11-05,353.95,357.47,345.14,351.83,555900.0,0.0246555584335404,20.0,-0.02,-0.001
1993-11-08,353.6,356.59,348.66,350.43,639800.0,0.028376733739484,19.98,-0.08,-0.004
1993-11-09,352.19,355.71,347.79,349.37,590000.0,0.026167978909496,19.9,-0.06,-0.003
1993-11-10,349.38,438.13,349.02,388.47,5805700.0,0.2574973477201037,19.84,2.22,0.1119
1993-11-11,393.56,440.22,378.59,406.77,22968400.0,1.018706113194693,22.06,1.04,0.0471
1993-11-12,406.76,429.65,406.4,411.16,7004200.0,0.3106538269116817,23.1,0.25,0.0108
1993-11-15,415.57,419.8,408.18,408.53,2347400.0,0.1041130740544932,23.35,-0.15,-0.0064
1993-11-16,408.52,418.38,401.47,404.12,1647700.0,0.0730796251680959,23.2,-0.25,-0.0108
1993-11-17,409.92,429.64,404.11,412.04,4172800.0,0.1850741396500764,22.95,0.45,0.0196
1993-11-18,413.8,417.32,406.75,408.16,1008800.0,0.0447428086845756,23.4,-0.22,-0.0094
1993-11-19,425.96,445.51,413.81,420.86,6256200.0,0.2774781519552358,23.18,0.72,0.0311
1993-11-22,427.73,434.6,419.1,422.62,2396800.0,0.1063040878818307,23.9,0.1,0.0042
1993-11-23,424.4,436.37,413.83,419.12,2727300.0,0.1209625913218111,24.0,-0.2,-0.0083
1993-11-24,426.14,431.43,413.82,416.81,1664400.0,0.0738203120287546,23.8,-0.13,-0.0055
1993-11-25,419.96,423.48,410.45,418.73,1725700.0,0.0765391206849446,23.67,0.11,0.0046
1993-11-26,422.95,436.69,408.16,413.62,2094300.0,0.0928874546273857,23.78,-0.29,-0.0122
1993-11-29,423.47,431.39,417.31,420.65,1586800.0,0.0703785575145564,23.49,0.4,0.017
1993-11-30,429.65,441.97,419.08,437.39,3617200.0,0.1604318869685239,23.89,0.95,0.0398
1993-12-01,446.74,454.32,426.14,427.9,6167900.0,0.2735618256201367,24.84,-0.54,-0.0217
1993-12-02,431.44,432.85,419.11,424.39,1083700.0,0.0480648114308828,24.3,-0.2,-0.0082
1993-12-03,422.65,436.04,420.89,422.65,1581000.0,0.0701213129761241,24.1,-0.1,-0.0041
1993-12-06,426.19,436.4,422.84,427.6,1832200.0,0.0812626626406417,24.0,0.28,0.0117
1993-12-07,434.64,487.83,433.76,478.14,8284800.0,0.367451646897276,24.28,2.87,0.1182
1993-12-08,493.13,493.13,440.3,448.93,6209200.0,0.2753935841438014,27.15,-1.66,-0.0611
1993-12-09,440.3,454.39,422.69,433.26,2933600.0,0.1301125134388094,25.49,-0.89,-0.0349
1993-12-10,434.49,442.77,422.69,430.79,1833800.0,0.0813336266512438,24.6,-0.14,-0.0057
1993-12-13,431.84,434.3,413.87,419.16,877400.0,0.0389148893138844,24.46,-0.66,-0.027
1993-12-14,413.7,421.8,401.2,409.48,838800.0,0.0372028825581106,23.8,-0.55,-0.0231
1993-12-15,412.12,420.57,396.44,420.57,917400.0,0.040688989578935,23.25,0.63,0.0271
1993-12-16,420.05,425.86,401.2,401.73,1237300.0,0.054877356448677,23.88,-1.07,-0.0448
1993-12-17,394.69,410.36,391.34,397.15,1060800.0,0.0470491390291413,22.81,-0.26,-0.0114
1993-12-20,355.39,369.83,310.84,343.42,1963600.0,0.0870905820113329,22.55,-3.05,-0.1353
1993-12-21,344.82,366.31,327.56,362.79,1781100.0,0.0789962495520396,19.5,1.1,0.0564
1993-12-22,362.8,401.55,351.53,352.41,5699800.0,0.2528004172683823,20.6,-0.59,-0.0286
1993-12-24,362.98,366.15,355.23,357.34,671700.0,0.0297915787008618,20.01,0.28,0.014
1993-12-27,367.74,367.92,361.05,365.45,550100.0,0.024398313895108,20.29,0.46,0.0227
1993-12-28,371.44,383.06,364.22,367.21,1673600.0,0.0742283550897162,20.75,0.1,0.0048
1993-12-29,378.66,379.54,364.74,367.21,1343400.0,0.0595831574017237,20.85,0.0,0.0
1993-12-30,371.61,374.96,361.22,363.68,796700.0,0.0353356420291449,20.85,-0.2,-0.0096
1993-12-31,362.8,366.33,358.93,365.98,374800.0,0.0135797101449275,20.65,0.13,0.0063
1994-01-03,367.72,371.95,364.55,367.55,266000.0,0.0096376811594202,20.78,0.09,0.0043
1994-01-04,369.85,373.02,366.51,367.92,242400.0,0.0087826086956521,20.87,0.02,0.001
1994-01-05,369.86,377.96,366.34,377.96,709100.0,0.0256920289855072,20.89,0.57,0.0273
1994-01-06,380.43,394.17,378.85,392.59,1781200.0,0.0645362318840579,21.46,0.83,0.0387
1994-01-07,395.04,396.1,385.35,388.35,1096400.0,0.0397246376811594,22.29,-0.24,-0.0108
1994-01-10,390.09,395.91,384.63,395.38,757200.0,0.0274347826086956,22.05,0.4,0.0181
1994-01-11,399.07,399.77,385.51,388.85,904400.0,0.0327681159420289,22.45,-0.37,-0.0165
1994-01-12,387.45,394.49,385.69,388.5,606000.0,0.0219565217391304,22.08,-0.02,-0.0009
1994-01-13,389.37,394.65,387.08,390.95,486000.0,0.0176086956521739,22.06,0.14,0.0063
1994-01-14,390.93,394.46,361.0,366.99,1139500.0,0.0412862318840579,22.2,-1.36,-0.0613
1994-01-17,369.8,376.85,367.87,372.27,404800.0,0.0146666666666666,20.84,0.3,0.0144
1994-01-18,378.63,382.15,352.74,362.78,578400.0,0.0209565217391304,21.14,-0.54,-0.0255
1994-01-19,366.3,366.3,346.93,356.79,619900.0,0.0224601449275362,20.6,-0.34,-0.0165
1994-01-20,352.22,354.86,342.71,354.86,412600.0,0.0149492753623188,20.26,-0.11,-0.0054
1994-01-21,352.24,360.87,350.48,357.17,297000.0,0.0107608695652173,20.15,0.13,0.0065
1994-01-24,362.98,366.68,360.69,364.56,344200.0,0.0124710144927536,20.28,0.42,0.0207
1994-01-25,364.55,364.55,352.57,353.63,148600.0,0.0053840579710144,20.7,-0.62,-0.03
1994-01-26,353.62,357.49,350.1,351.51,187300.0,0.0067862318840579,20.08,-0.12,-0.006
1994-01-27,352.38,355.73,351.32,353.97,126800.0,0.0045942028985507,19.96,0.14,0.007
1994-01-28,354.84,354.84,343.39,345.51,226000.0,0.0081884057971014,20.1,-0.48,-0.0239
1994-01-31,343.22,343.22,329.31,334.59,276800.0,0.0100289855072463,19.62,-0.62,-0.0316
1994-02-01,331.08,332.84,327.21,328.26,175900.0,0.0063731884057971,19.0,-0.36,-0.0189
1994-02-02,327.57,334.26,326.69,333.91,143100.0,0.0051847826086956,18.64,0.32,0.0172
1994-02-03,334.97,343.07,334.8,336.38,190900.0,0.0069166666666666,18.96,0.14,0.0074
1994-02-04,340.25,346.41,337.25,342.54,263200.0,0.0095362318840579,19.1,0.35,0.0183
1994-02-14,352.22,357.5,334.96,339.01,169800.0,0.0061521739130434,19.45,-0.2,-0.0103
1994-02-15,334.43,338.12,331.96,333.72,96500.0,0.0034963768115942,19.25,-0.3,-0.0156
1994-02-16,334.59,339.52,334.59,334.59,54800.0,0.0019855072463768,18.95,0.05,0.0026
1994-02-17,338.3,338.3,329.32,333.72,47200.0,0.0017101449275362,19.0,-0.05,-0.0026
1994-02-18,332.66,336.18,331.07,333.18,69600.0,0.0025217391304347,18.95,-0.03,-0.0016
1994-02-21,329.32,331.09,324.04,324.92,98600.0,0.0035724637681159,18.92,-0.47,-0.0248
1994-02-22,324.05,334.44,323.17,331.1,82100.0,0.0029746376811594,18.45,0.35,0.019
1994-02-23,331.08,332.84,324.92,325.8,50200.0,0.0018188405797101,18.8,-0.3,-0.016
1994-02-24,331.08,331.08,321.4,323.16,89700.0,0.00325,18.5,-0.15,-0.0081
1994-02-25,327.55,334.6,325.97,334.6,279000.0,0.0101086956521739,18.35,0.65,0.0354
1994-02-28,334.6,335.48,316.99,325.8,244000.0,0.0088405797101449,19.0,-0.5,-0.0263
1994-03-01,322.28,334.61,318.76,324.04,168200.0,0.0060942028985507,18.5,-0.1,-0.0054
1994-03-02,324.04,324.92,317.52,318.76,144400.0,0.005231884057971,18.4,-0.3,-0.0163
1994-03-03,317.0,317.88,309.6,311.71,215500.0,0.0078079710144927,18.1,-0.4,-0.0221
1994-03-04,311.71,313.47,308.54,309.06,161300.0,0.0058442028985507,17.7,-0.15,-0.0085
1994-03-07,305.54,320.51,303.08,317.87,46400.0,0.0016811594202898,17.55,0.5,0.0285
1994-03-08,318.74,320.5,304.65,308.18,290700.0,0.0105326086956521,18.05,-0.55,-0.0305
1994-03-09,313.47,332.49,311.36,316.99,854900.0,0.0309746376811594,17.5,0.5,0.0286
1994-03-10,320.53,323.35,290.76,302.92,588400.0,0.0213188405797101,18.0,-0.8,-0.0444
1994-03-11,297.28,309.96,296.22,304.67,356500.0,0.0129166666666666,17.2,0.1,0.0058
1994-03-14,338.14,338.14,313.49,334.62,864700.0,0.0313297101449275,17.3,1.7,0.0983
1994-03-15,337.96,337.96,317.88,324.05,878300.0,0.0318224637681159,19.0,-0.6,-0.0316
1994-03-16,322.3,350.12,318.95,338.5,1724000.0,0.062463768115942,18.4,0.82,0.0446
1994-03-17,344.84,346.95,326.88,328.99,841000.0,0.0304710144927536,19.22,-0.54,-0.0281
1994-03-18,326.69,332.68,317.88,323.17,625500.0,0.0226630434782608,18.68,-0.33,-0.0177
1994-03-21,317.02,319.66,308.21,310.85,260400.0,0.0094347826086956,18.35,-0.7,-0.0381
1994-03-22,309.1,313.51,308.4,312.63,190100.0,0.0068876811594202,17.65,0.1,0.0057
1994-03-23,310.87,312.63,308.75,309.81,212400.0,0.007695652173913,17.75,-0.16,-0.009
1994-03-24,310.87,313.52,308.23,308.23,295700.0,0.010713768115942,17.59,-0.09,-0.0051
1994-03-25,309.11,323.73,309.11,316.15,615800.0,0.0223115942028985,17.5,0.45,0.0257
1994-03-28,313.51,314.92,309.99,309.99,210200.0,0.0076159420289855,17.95,-0.35,-0.0195
1994-03-29,311.38,315.78,311.38,311.91,101000.0,0.003659420289855,17.6,0.11,0.0062
1994-03-30,308.2,308.2,299.93,303.8,298900.0,0.0108297101449275,17.71,-0.46,-0.026
1994-03-31,304.34,306.1,301.17,302.4,171300.0,0.0062065217391304,17.25,-0.08,-0.0046
1994-04-01,302.39,302.57,299.4,300.98,163800.0,0.0059347826086956,17.17,-0.08,-0.0047
1994-04-04,299.58,300.28,294.12,297.64,161200.0,0.0058405797101449,17.09,-0.19,-0.0111
1994-04-05,297.65,297.65,295.89,296.24,79400.0,0.0028768115942028,16.9,-0.08,-0.0047
1994-04-06,294.11,294.11,290.24,291.47,199800.0,0.0072391304347826,16.82,-0.27,-0.0161
1994-04-07,291.84,299.23,290.6,293.95,90800.0,0.0032898550724637,16.55,0.14,0.0085
1994-04-08,292.54,296.59,292.54,295.54,77500.0,0.0028079710144927,16.69,0.09,0.0054
1994-04-11,292.54,295.36,286.91,286.91,75200.0,0.0027246376811594,16.78,-0.49,-0.0292
1994-04-12,286.74,290.61,281.98,285.33,118300.0,0.0042862318840579,16.29,-0.09,-0.0055
1994-04-13,290.6,295.89,286.73,286.73,105200.0,0.0038115942028985,16.2,0.08,0.0049
1994-04-14,285.84,285.84,275.8,278.27,111900.0,0.0040543478260869,16.28,-0.48,-0.0295
1994-04-15,277.38,277.38,257.3,267.69,241500.0,0.00875,15.8,-0.6,-0.038
1994-04-18,263.99,263.99,250.08,250.08,114200.0,0.0041376811594202,15.2,-1.0,-0.0658
1994-04-19,246.72,248.31,229.82,230.87,181600.0,0.0065797101449275,14.2,-1.09,-0.0768
1994-04-20,227.17,235.63,219.78,222.77,545000.0,0.0197463768115942,13.11,-0.46,-0.0351
1994-04-21,222.77,246.54,221.89,239.5,541200.0,0.0196086956521739,12.65,0.95,0.0751
1994-04-22,239.51,248.31,227.53,228.94,666400.0,0.0241449275362318,13.6,-0.6,-0.0441
1994-04-25,232.47,235.11,226.48,228.6,165800.0,0.0060072463768115,13.0,-0.02,-0.0015
1994-04-26,230.71,237.4,229.3,236.87,106500.0,0.0038586956521739,12.98,0.47,0.0362
1994-04-27,239.15,245.49,235.63,245.49,258200.0,0.0093550724637681,13.45,0.49,0.0364
1994-04-28,247.97,248.49,233.88,238.1,317100.0,0.0114891304347826,13.94,-0.42,-0.0301
1994-04-29,234.23,241.98,232.82,236.7,173200.0,0.0062753623188405,13.52,-0.08,-0.0059
1994-05-03,234.23,241.98,234.23,239.52,89400.0,0.0032391304347826,13.44,0.16,0.0119
1994-05-04,243.04,248.32,242.86,247.44,370600.0,0.013427536231884,13.6,0.45,0.0331
1994-05-05,243.05,243.4,233.54,235.12,276500.0,0.0100181159420289,14.05,-0.7,-0.0498
1994-05-06,234.25,237.77,230.73,234.25,150500.0,0.0054528985507246,13.35,-0.05,-0.0037
1994-05-09,233.72,234.25,228.96,231.6,82700.0,0.0029963768115942,13.3,-0.15,-0.0113
1994-05-10,232.49,235.13,228.97,233.55,71700.0,0.0025978260869565,13.15,0.11,0.0084
1994-05-11,237.78,238.66,234.26,234.44,123600.0,0.0044782608695652,13.26,0.05,0.0038
1994-05-12,233.38,235.15,231.27,231.62,101600.0,0.0036811594202898,13.31,-0.16,-0.012
1994-05-13,229.33,234.26,229.33,231.97,133000.0,0.0048188405797101,13.15,0.02,0.0015
1994-05-16,234.27,235.85,232.5,232.5,102200.0,0.0037028985507246,13.17,0.03,0.0023
1994-05-17,230.75,235.33,230.75,233.92,32800.0,0.0011884057971014,13.2,0.08,0.0061
1994-05-18,232.15,235.15,229.16,230.04,60700.0,0.0021992753623188,13.28,-0.22,-0.0166
1994-05-19,228.99,232.34,228.99,232.34,85400.0,0.0030942028985507,13.06,0.13,0.01
1994-05-20,235.33,235.33,229.34,234.8,163300.0,0.0059166666666666,13.19,0.14,0.0106
1994-05-23,234.44,235.67,229.16,230.74,128700.0,0.0046630434782608,13.33,-0.23,-0.0173
1994-05-24,229.34,232.51,229.34,231.46,36700.0,0.0013297101449275,13.1,0.04,0.0031
1994-05-25,231.63,231.63,229.34,230.04,75900.0,0.00275,13.14,-0.08,-0.0061
1994-05-26,230.41,230.41,225.12,226.18,95500.0,0.0034601449275362,13.06,-0.22,-0.0168
1994-05-27,224.59,225.82,223.53,224.23,125600.0,0.0045507246376811,12.84,-0.11,-0.0086
1994-05-30,217.37,218.43,211.91,212.26,109500.0,0.0039673913043478,12.73,-0.68,-0.0534
1994-05-31,212.27,213.15,209.45,212.09,151000.0,0.0054710144927536,12.05,-0.01,-0.0008
1994-06-01,212.79,214.03,209.62,209.8,115500.0,0.0041847826086956,12.04,-0.13,-0.0108
1994-06-02,209.27,214.03,208.74,209.8,67000.0,0.002427536231884,11.91,0.0,0.0
1994-06-03,209.81,212.27,195.71,207.87,91000.0,0.0032971014492753,11.91,-0.11,-0.0092
1994-06-06,208.76,211.23,204.0,204.36,72700.0,0.0026340579710144,11.8,-0.2,-0.0169
1994-06-07,204.37,205.07,193.79,195.73,129900.0,0.0047065217391304,11.6,-0.49,-0.0422
1994-06-08,195.56,197.32,192.03,195.56,163900.0,0.0059384057971014,11.11,-0.01,-0.0009
1994-06-09,201.37,213.7,197.32,197.84,1546800.0,0.0560434782608695,11.1,0.13,0.0117
1994-06-10,196.97,201.55,193.45,194.68,325800.0,0.0118043478260869,11.23,-0.18,-0.016
1994-06-13,192.04,193.44,186.75,187.81,186300.0,0.00675,11.05,-0.39,-0.0353
1994-06-14,186.76,191.69,185.87,186.76,121300.0,0.0043949275362318,10.66,-0.06,-0.0056
1994-06-15,193.79,193.79,186.75,188.16,149200.0,0.0054057971014492,10.6,0.08,0.0075
1994-06-16,193.79,195.56,190.27,192.03,184600.0,0.0066884057971014,10.68,0.22,0.0206
1994-06-20,199.08,203.48,188.51,192.03,600400.0,0.0217536231884057,10.9,0.0,0.0
1994-06-21,190.44,194.67,189.39,192.2,162300.0,0.0058804347826086,10.9,0.01,0.0009
1994-06-22,195.2,195.73,191.5,195.55,116300.0,0.004213768115942,10.91,0.19,0.0174
1994-06-23,195.73,196.43,192.56,193.79,130900.0,0.0047427536231884,11.1,-0.1,-0.009
1994-06-24,193.79,193.79,179.52,191.33,201500.0,0.0073007246376811,11.0,-0.14,-0.0127
1994-06-27,184.98,184.98,179.87,180.58,322100.0,0.0116702898550724,10.86,-0.61,-0.0562
1994-06-28,178.11,182.69,178.11,180.58,108100.0,0.0039166666666666,10.25,0.0,0.0
1994-06-29,178.81,181.1,178.81,180.58,211300.0,0.0076557971014492,10.25,0.0,0.0
1994-06-30,178.81,182.34,178.11,180.58,229900.0,0.0083297101449275,10.25,0.0,0.0
1994-07-01,179.69,185.86,177.75,178.28,478300.0,0.0173297101449275,10.25,-0.13,-0.0127
1994-07-04,174.99,174.99,164.99,168.24,169900.0,0.0047352285395763,7.13,-0.4,-0.0563
1994-07-05,167.5,167.5,162.75,166.75,114500.0,0.0031911928651059,6.73,-0.06,-0.0089
1994-07-06,166.99,167.99,153.49,156.74,378900.0,0.0105602006688963,6.67,-0.4,-0.06
1994-07-07,156.24,156.24,148.99,149.99,701700.0,0.0195568561872909,6.27,-0.27,-0.0431
1994-07-08,152.49,154.74,150.24,154.49,491000.0,0.0136845039018952,6.0,0.18,0.03
1994-07-11,156.98,156.98,150.48,150.98,506600.0,0.0141192865105908,6.18,-0.14,-0.0227
1994-07-12,150.98,151.98,149.73,149.98,238800.0,0.0066555183946488,6.04,-0.04,-0.0066
1994-07-13,150.73,153.73,150.23,153.73,212200.0,0.0059141583054626,6.0,0.15,0.025
1994-07-14,154.73,154.73,149.48,149.98,306400.0,0.0085395763656633,6.15,-0.15,-0.0244
1994-07-15,150.23,150.98,139.48,140.73,370300.0,0.0103205128205128,6.0,-0.37,-0.0617
1994-07-18,137.47,137.47,132.98,135.23,294400.0,0.0062183169989861,5.63,-0.22,-0.0391
1994-07-19,134.97,139.97,133.22,137.47,192100.0,0.0040575363298411,5.41,0.09,0.0166
1994-07-20,137.47,140.22,133.47,134.97,448300.0,0.0094689929030077,5.5,-0.1,-0.0182
1994-07-21,134.47,135.21,131.22,131.22,350600.0,0.0074053734369719,5.4,-0.15,-0.0278
1994-07-22,130.71,131.21,121.96,122.46,422700.0,0.0089282696857046,5.25,-0.35,-0.0667
1994-07-25,119.96,131.21,118.71,131.21,547700.0,0.0115685197701926,4.9,0.35,0.0714
1994-07-26,129.96,136.96,127.96,135.71,977700.0,0.0206509800608313,5.25,0.18,0.0343
1994-07-27,134.96,135.71,120.47,122.97,666900.0,0.0140862622507603,5.43,-0.51,-0.0939
1994-07-28,123.71,126.96,110.21,110.21,719300.0,0.0151930550861777,4.92,-0.51,-0.1037
1994-07-29,110.71,112.21,103.72,109.46,722300.0,0.0152564210882054,4.41,-0.03,-0.0068
1994-08-01,129.96,149.95,122.46,146.96,3399800.0,0.0718105778979384,4.38,1.5,0.3425
1994-08-02,149.96,169.95,138.71,139.46,5264600.0,0.1111988847583643,5.88,-0.3,-0.051
1994-08-03,140.21,181.2,140.21,178.71,4846200.0,0.102361439675566,5.58,1.57,0.2814
1994-08-04,199.96,222.45,187.96,204.96,10602100.0,0.223937563366002,7.15,1.05,0.1469
1994-08-05,211.96,259.95,208.71,259.95,8667900.0,0.1830833896586684,8.2,2.2,0.2683
1994-08-08,274.95,294.44,247.45,274.95,7901500.0,0.1668954883406556,10.4,0.6,0.0577
1994-08-09,274.94,274.94,235.7,242.45,4233200.0,0.0894136532612369,11.0,-1.3,-0.1182
1994-08-10,232.45,287.44,225.7,286.94,6180800.0,0.1305508617776275,9.7,1.78,0.1835
1994-08-11,294.95,294.95,254.95,258.7,7397500.0,0.15625,11.48,-1.13,-0.0984
1994-08-12,250.21,272.21,249.96,252.96,3238300.0,0.06839937478878,10.35,-0.23,-0.0222
1994-08-15,247.47,255.47,239.47,245.22,1498000.0,0.0316407570125042,10.12,-0.31,-0.0306
1994-08-16,247.98,266.23,244.98,254.98,2120800.0,0.0447955390334572,9.81,0.39,0.0398
1994-08-17,258.72,267.47,254.47,267.47,1926800.0,0.0406978709023318,10.2,0.5,0.049
1994-08-18,274.98,302.48,269.98,287.48,9577500.0,0.2022959614734707,10.7,0.8,0.0748
1994-08-19,287.47,295.72,272.23,277.47,5302000.0,0.1119888475836431,11.5,-0.4,-0.0348
1994-08-22,259.99,271.74,257.49,263.74,2678500.0,0.0565752788104089,11.1,-0.55,-0.0495
1994-08-23,263.74,279.48,259.49,279.48,2358400.0,0.049814126394052,10.55,0.63,0.0597
1994-08-24,283.48,284.48,272.49,274.99,2518100.0,0.0531873099019939,11.18,-0.18,-0.0161
1994-08-25,271.97,283.72,269.97,276.22,2362400.0,0.0498986143967556,11.0,0.05,0.0045
1994-08-26,281.23,284.48,266.23,269.98,1767800.0,0.0373394727948631,11.05,-0.25,-0.0226
1994-08-29,270.24,274.99,266.24,268.74,1063300.0,0.0224590233186887,10.8,-0.05,-0.0046
1994-08-30,267.25,295.0,267.25,282.5,3951200.0,0.0834572490706319,10.75,0.55,0.0512
1994-08-31,288.25,309.5,283.75,309.5,8484300.0,0.1792053903345725,11.3,1.08,0.0956
1994-09-01,317.5,321.75,300.0,300.25,6176000.0,0.1304494761743832,12.38,-0.37,-0.0299
1994-09-02,305.01,337.01,304.51,334.51,10154100.0,0.214474907063197,12.01,1.37,0.1141
1994-09-05,362.51,418.76,362.26,416.26,12131500.0,0.2562415511997296,13.38,3.27,0.2444
1994-09-06,432.5,474.5,412.75,467.5,12301000.0,0.2598217303142954,16.65,2.05,0.1231
1994-09-07,449.25,467.5,412.5,417.25,8319600.0,0.1757265968232511,18.7,-2.01,-0.1075
1994-09-08,430.23,454.98,413.99,437.73,6552000.0,0.1383913484285231,16.69,0.82,0.0491
1994-09-09,437.46,444.96,419.47,425.22,4520400.0,0.0954798918553565,17.51,-0.5,-0.0286
1994-09-12,436.97,442.47,421.48,442.22,3189000.0,0.0673580601554579,17.01,0.68,0.04
1994-09-13,445.21,457.46,430.46,441.21,4552800.0,0.0961642446772558,17.69,-0.04,-0.0023
1994-09-14,441.19,441.19,409.94,412.44,2428000.0,0.0512842176410949,17.65,-1.15,-0.0652
1994-09-15,409.93,419.93,388.69,408.93,2187900.0,0.0462128252788104,16.5,-0.14,-0.0085
1994-09-16,414.95,419.95,401.2,412.45,1406900.0,0.0297165427509293,16.36,0.14,0.0086
1994-09-19,395.7,409.95,379.46,379.46,1123700.0,0.0237347921595133,16.5,-1.32,-0.08
1994-09-20,379.95,389.45,365.2,379.95,1864700.0,0.0393861946603582,15.18,0.02,0.0013
1994-09-21,394.96,418.7,394.96,418.7,3022100.0,0.0638327982426495,15.2,1.55,0.102
1994-09-22,422.45,423.7,386.95,392.45,1988900.0,0.0420095471443055,16.75,-1.05,-0.0627
1994-09-23,386.96,390.21,369.96,374.71,2742600.0,0.0579291990537343,15.7,-0.71,-0.0452
1994-09-26,366.2,381.94,359.95,381.19,2045000.0,0.0431944913822237,14.99,0.26,0.0173
1994-09-27,379.94,383.44,371.19,374.94,1076500.0,0.0227378337276106,15.25,-0.25,-0.0164
1994-09-28,379.44,392.19,377.44,389.94,1865600.0,0.0394052044609665,15.0,0.6,0.04
1994-09-29,394.96,396.96,326.22,353.71,2309900.0,0.0487897093612707,15.6,-1.45,-0.0929
1994-09-30,343.71,354.96,329.96,332.21,2520800.0,0.0532443393038188,14.15,-0.86,-0.0608
1994-10-05,322.45,334.69,274.95,289.95,3160000.0,0.0667455221358567,13.29,-1.69,-0.1272
1994-10-06,304.95,312.45,274.46,277.46,2220200.0,0.0468950659006421,11.6,-0.5,-0.0431
1994-10-07,269.97,342.46,224.97,322.46,5301700.0,0.1119825109834403,11.1,1.8,0.1622
1994-10-10,299.97,319.96,284.72,302.47,3649200.0,0.0770784048665089,12.9,-0.8,-0.062
1994-10-11,306.2,312.95,297.46,299.96,1256400.0,0.0265376816492058,12.1,-0.1,-0.0083
1994-10-12,299.97,311.21,299.97,307.21,1215400.0,0.0256716796214937,12.0,0.29,0.0242
1994-10-13,302.46,304.46,269.97,272.47,1743400.0,0.036824095978371,12.29,-1.39,-0.1131
1994-10-14,257.72,287.47,250.22,282.47,2147800.0,0.0453658330517066,10.9,0.4,0.0367
1994-10-17,252.98,268.72,252.48,259.48,868400.0,0.018342345386955,11.3,-0.92,-0.0814
1994-10-18,259.47,281.22,259.47,262.72,1367500.0,0.0288843359242987,10.38,0.13,0.0125
1994-10-19,267.21,277.71,266.21,276.96,1289400.0,0.0272347076715106,10.51,0.57,0.0542
1994-10-20,279.46,309.96,278.71,304.96,3407400.0,0.0719711051030753,11.08,1.12,0.1011
1994-10-21,309.96,322.95,300.21,302.46,4840200.0,0.1022347076715106,12.2,-0.1,-0.0082
1994-10-24,315.22,341.96,314.47,339.96,4744000.0,0.1002027712064886,12.1,1.5,0.124
1994-10-25,341.22,342.47,312.72,312.97,3859800.0,0.0815266982088543,13.6,-1.08,-0.0794
1994-10-26,307.47,311.22,289.97,291.22,2063700.0,0.0435894727948631,12.52,-0.87,-0.0695
1994-10-27,285.23,296.98,285.23,296.23,962200.0,0.0203235890503548,11.65,0.2,0.0172
1994-10-28,294.96,294.96,284.96,286.21,843000.0,0.017805846569787,11.85,-0.4,-0.0338
1994-10-31,274.72,278.72,266.22,274.97,761800.0,0.0160907401149036,11.45,-0.45,-0.0393
1994-11-01,279.96,288.7,275.71,284.21,592800.0,0.0125211220006759,11.0,0.37,0.0336
1994-11-02,281.21,282.46,277.46,280.71,423200.0,0.0089388306860425,11.37,-0.14,-0.0123
1994-11-03,283.7,307.45,282.45,303.7,1548200.0,0.0327010814464346,11.23,0.92,0.0819
1994-11-04,303.7,304.95,277.45,279.95,1275200.0,0.0269347752619128,12.15,-0.95,-0.0782
1994-11-07,269.94,286.44,263.95,282.44,763000.0,0.0161160865157147,11.2,0.1,0.0089
1994-11-08,299.94,312.44,290.2,297.69,3079000.0,0.0650346400811084,11.3,0.61,0.054
1994-11-09,284.95,304.95,283.95,304.45,1878000.0,0.0396671172693477,11.91,0.27,0.0227
1994-11-10,309.97,314.46,297.47,297.97,1785400.0,0.037711220006759,12.18,-0.26,-0.0213
1994-11-11,304.98,309.23,296.23,307.98,1207900.0,0.0255132646164244,11.92,0.4,0.0336
1994-11-14,307.49,322.49,302.49,317.99,3300100.0,0.0697047144305508,12.32,0.4,0.0325
1994-11-15,312.49,317.49,302.99,303.74,2126300.0,0.0449117100371747,12.72,-0.57,-0.0448
1994-11-16,305.0,312.5,297.25,303.5,1015500.0,0.0214493916863805,12.15,-0.01,-0.0008
1994-11-17,300.0,304.5,295.25,297.25,495900.0,0.0104744001351808,12.14,-0.25,-0.0206
1994-11-18,295.25,301.25,291.5,300.25,475700.0,0.0100477357215275,11.89,0.12,0.0101
1994-11-21,300.01,303.76,297.51,300.01,242700.0,0.0051263095640419,12.01,-0.01,-0.0008
1994-11-22,307.0,307.0,295.75,299.5,239900.0,0.0050671679621493,12.0,-0.02,-0.0017
1994-11-23,296.49,298.74,289.99,292.49,402000.0,0.0084910442717134,11.98,-0.28,-0.0234
1994-11-24,289.48,294.98,287.48,291.23,185800.0,0.0039244677255829,11.7,-0.05,-0.0043
1994-11-25,299.99,304.49,293.49,294.99,427100.0,0.0090212064886786,11.65,0.15,0.0129
1994-11-28,292.48,294.98,287.48,292.48,144500.0,0.0030521290976681,11.8,-0.1,-0.0085
1994-11-29,288.24,311.98,288.24,302.48,620100.0,0.013097752619128,11.7,0.4,0.0342
1994-11-30,299.98,304.98,297.73,298.98,567200.0,0.0119803987833727,12.1,-0.14,-0.0116
1994-12-01,299.49,301.99,297.49,298.74,110900.0,0.0023424298749577,11.96,-0.01,-0.0008
1994-12-02,299.98,302.48,296.73,297.48,287800.0,0.0060789117945251,11.95,-0.05,-0.0042
1994-12-05,296.23,297.48,290.23,292.48,268100.0,0.0056628083812098,11.9,-0.2,-0.0168
1994-12-06,289.97,291.22,286.22,289.47,350300.0,0.0073990368367691,11.7,-0.12,-0.0103
1994-12-07,289.96,294.96,287.71,291.21,182100.0,0.0038463163230821,11.58,0.07,0.006
1994-12-08,291.2,291.2,284.7,284.95,185200.0,0.0039117945251774,11.65,-0.25,-0.0215
1994-12-09,280.45,289.94,279.95,285.95,256700.0,0.0054220175735045,11.4,0.04,0.0035
1994-12-12,280.43,281.93,273.94,274.94,402600.0,0.0085037174721189,11.44,-0.44,-0.0385
1994-12-13,284.44,284.44,275.44,282.44,400300.0,0.0084551368705643,11.0,0.3,0.0273
1994-12-14,282.43,282.43,276.93,278.43,169700.0,0.0035844035147009,11.3,-0.16,-0.0142
1994-12-15,277.92,298.91,277.92,295.16,543800.0,0.0114861439675566,11.14,0.67,0.0601
1994-12-16,292.42,305.92,291.92,300.42,1529800.0,0.0323124366339979,11.81,0.21,0.0178
1994-12-19,302.42,304.17,282.92,287.92,577400.0,0.0121958431902669,12.02,-0.5,-0.0416
1994-12-20,287.41,296.91,287.41,289.91,379000.0,0.0080052382561676,11.52,0.08,0.0069
1994-12-21,287.4,303.65,287.4,292.4,889600.0,0.0187901318012842,11.6,0.1,0.0086
1994-12-22,292.4,299.9,287.4,298.4,630000.0,0.0133068604258195,11.7,0.24,0.0205
1994-12-23,299.88,319.88,298.63,300.63,3467500.0,0.0732405373436971,11.94,0.09,0.0075
1994-12-26,302.38,306.13,295.13,295.13,652600.0,0.0137842176410949,12.03,-0.22,-0.0183
1994-12-27,296.12,302.37,278.63,285.13,829500.0,0.0175206995606623,11.81,-0.4,-0.0339
1994-12-28,284.87,289.12,280.37,281.62,388000.0,0.0081953362622507,11.41,-0.14,-0.0123
1994-12-29,281.61,288.61,278.61,281.11,392800.0,0.0082967218654951,11.27,-0.02,-0.0018
1994-12-30,281.87,284.87,281.12,283.87,233900.0,0.0049404359580939,11.25,0.11,0.0098
1995-01-03,264.87,281.87,264.87,277.37,115800.0,0.0024459276782696,11.36,-0.26,-0.0229
1995-01-04,278.61,283.86,272.37,282.11,110200.0,0.0023276444744846,11.1,0.19,0.0171
1995-01-05,282.35,284.6,278.6,279.85,106900.0,0.0022579418722541,11.29,-0.09,-0.008
1995-01-06,277.35,282.35,274.86,279.85,149900.0,0.003166187901318,11.2,0.0,0.0
1995-01-09,279.61,279.61,269.62,270.62,311100.0,0.0065710544102737,11.2,-0.37,-0.033
1995-01-10,267.36,269.61,261.36,263.61,370800.0,0.0078320378506252,10.83,-0.28,-0.0259
1995-01-11,262.35,266.1,261.1,264.35,169900.0,0.003588627914836,10.55,0.03,0.0028
1995-01-12,266.85,266.85,257.36,258.11,147000.0,0.0031049340993578,10.58,-0.25,-0.0236
1995-01-13,254.86,260.85,251.11,254.86,226500.0,0.0047841331530922,10.33,-0.13,-0.0126
1995-01-16,249.86,252.35,247.36,249.61,188500.0,0.0039814971274079,10.2,-0.21,-0.0206
1995-01-17,257.35,257.35,249.85,251.1,85600.0,0.0018080432578573,9.99,0.06,0.006
1995-01-18,251.37,253.62,249.87,253.62,90700.0,0.0019157654613044,10.05,0.1,0.01
1995-01-19,253.6,254.35,244.36,244.36,121000.0,0.0025557620817843,10.15,-0.37,-0.0365
1995-01-20,241.85,249.84,237.85,244.85,184400.0,0.0038948969246367,9.78,0.02,0.002
1995-01-23,239.86,239.86,232.36,232.36,174700.0,0.0036900135180804,9.8,-0.5,-0.051
1995-01-24,234.85,237.35,227.6,229.85,105000.0,0.0022178100709699,9.3,-0.1,-0.0108
1995-01-25,230.1,237.34,230.1,233.6,134700.0,0.0028451334910442,9.2,0.15,0.0163
1995-01-26,234.86,234.86,229.86,229.86,80600.0,0.0017024332544778,9.35,-0.15,-0.016
1995-01-27,231.12,236.12,229.87,234.62,214300.0,0.0045264447448462,9.2,0.19,0.0207
1995-02-06,231.11,235.11,219.87,220.12,96200.0,0.0020319364650219,9.39,-0.58,-0.0618
1995-02-07,217.38,223.62,213.63,219.88,85300.0,0.0018017066576546,8.81,-0.01,-0.0011
1995-02-08,219.88,222.37,215.13,219.88,63100.0,0.0013327982426495,8.8,0.0,0.0
1995-02-09,218.62,228.62,218.62,226.12,109500.0,0.0023128590740114,8.8,0.25,0.0284
1995-02-10,224.37,232.36,219.87,221.87,156100.0,0.0032971443055086,9.05,-0.17,-0.0188
1995-02-13,218.61,224.86,212.62,223.11,56200.0,0.0011870564379858,8.88,0.05,0.0056
1995-02-14,224.36,227.36,218.61,223.11,40100.0,0.0008469922271037,8.93,0.0,0.0
1995-02-15,222.36,224.86,221.11,221.86,42200.0,0.0008913484285231,8.93,-0.05,-0.0056
1995-02-16,219.87,221.12,218.62,218.62,64100.0,0.0013539202433254,8.88,-0.13,-0.0146
1995-02-17,218.63,219.38,216.13,216.63,44000.0,0.0009293680297397,8.75,-0.08,-0.0091
1995-02-20,216.64,219.89,215.14,215.14,62700.0,0.0013243494423791,8.67,-0.06,-0.0069
1995-02-21,219.4,219.4,214.9,218.65,36200.0,0.0007646164244677,8.61,0.14,0.0163
1995-02-22,218.65,249.39,216.9,244.64,518600.0,0.0109538695505238,8.75,1.04,0.1189
1995-02-23,239.89,256.89,237.39,242.39,931600.0,0.0196772558296721,9.79,-0.09,-0.0092
1995-02-24,247.39,248.64,226.4,227.9,350400.0,0.0074011490368367,9.7,-0.58,-0.0598
1995-02-27,237.4,252.39,229.9,230.4,376500.0,0.0079524332544778,9.12,0.1,0.011
1995-02-28,228.65,228.65,222.4,224.9,158200.0,0.003341500506928,9.22,-0.22,-0.0239
1995-03-01,224.9,231.65,221.91,228.65,113200.0,0.0023910104765123,9.0,0.15,0.0167
1995-03-02,227.65,232.4,224.91,228.9,100600.0,0.0021248732679959,9.15,0.01,0.0011
1995-03-03,228.91,238.41,228.91,235.91,332800.0,0.0070294018249408,9.16,0.28,0.0306
1995-03-06,239.91,256.9,237.41,256.15,683700.0,0.0144411118621155,9.44,0.81,0.0858
1995-03-07,252.41,262.4,244.91,258.4,1490100.0,0.0314738932071645,10.25,0.09,0.0088
1995-03-08,258.66,274.66,255.16,260.16,1864200.0,0.0393756336600202,10.34,0.07,0.0068
1995-03-09,259.91,261.16,248.66,249.91,550800.0,0.0116339979722879,10.41,-0.41,-0.0394
1995-03-10,249.66,249.66,238.66,239.66,626300.0,0.0132287090233186,10.0,-0.41,-0.041
1995-03-13,241.17,246.17,237.43,239.42,322200.0,0.0068055086177762,9.59,-0.01,-0.001
1995-03-14,241.43,246.93,239.43,240.43,206100.0,0.0043532443393038,9.58,0.04,0.0042
1995-03-15,242.42,245.67,231.43,233.67,203600.0,0.004300439337614,9.62,-0.27,-0.0281
1995-03-16,231.91,235.91,230.16,234.91,127000.0,0.0026824940858398,9.35,0.05,0.0053
1995-03-17,234.66,244.16,229.91,242.41,260100.0,0.0054938323758026,9.4,0.3,0.0319
1995-03-20,245.64,249.39,237.4,237.9,600100.0,0.01267531260561,9.7,-0.18,-0.0186
1995-03-21,235.16,244.4,235.16,243.65,160100.0,0.0033816323082122,9.52,0.23,0.0242
1995-03-22,244.91,257.4,242.66,257.15,657600.0,0.0138898276444744,9.75,0.54,0.0554
1995-03-23,249.9,261.14,249.9,254.14,903500.0,0.0190837276106792,10.29,-0.12,-0.0117
1995-03-24,255.13,256.13,249.88,254.88,425900.0,0.0089958600878675,10.17,0.03,0.0029
1995-03-27,256.88,268.62,256.13,264.87,816300.0,0.0172418891517404,10.2,0.4,0.0392
1995-03-28,264.36,266.61,260.12,261.62,486400.0,0.0102737411287597,10.6,-0.13,-0.0123
1995-03-29,262.35,266.35,255.11,266.35,354600.0,0.0074898614396755,10.47,0.19,0.0181
1995-03-30,268.59,269.84,259.34,260.09,812400.0,0.0171595133491044,10.66,-0.25,-0.0235
1995-03-31,261.1,270.59,258.6,269.84,623200.0,0.0131632308212233,10.41,0.39,0.0375
1995-04-03,272.34,286.08,272.34,281.58,2122500.0,0.0448314464346062,10.8,0.47,0.0435
1995-04-04,279.83,283.83,273.59,281.58,870200.0,0.0183803649881716,11.27,0.0,0.0
1995-04-05,281.57,287.32,274.83,277.08,1158400.0,0.0244677255829672,11.27,-0.18,-0.016
1995-04-06,274.32,279.82,270.33,279.32,861100.0,0.0181881547820209,11.09,0.09,0.0081
1995-04-07,284.82,286.06,274.82,278.82,727600.0,0.0153683676917877,11.18,-0.02,-0.0018
1995-04-10,278.82,281.07,267.33,273.58,595700.0,0.012582375802636,11.16,-0.21,-0.0188
1995-04-11,269.82,276.07,262.32,264.82,533500.0,0.0112685873605947,10.95,-0.35,-0.032
1995-04-12,259.83,267.83,259.58,263.58,318300.0,0.0067231328151402,10.6,-0.05,-0.0047
1995-04-13,266.34,270.83,262.34,262.34,365700.0,0.0077243156471781,10.55,-0.05,-0.0047
1995-04-14,262.34,266.09,257.35,266.09,286000.0,0.0060408921933085,10.5,0.15,0.0143
1995-04-17,263.83,268.58,260.08,261.83,154700.0,0.0032675735045623,10.65,-0.17,-0.016
1995-04-18,259.83,262.33,257.33,257.33,170200.0,0.0035949645150388,10.48,-0.18,-0.0172
1995-04-19,257.58,261.33,256.84,260.08,237000.0,0.0050059141601892,10.3,0.11,0.0107
1995-04-20,263.59,269.84,261.34,269.84,262300.0,0.0055403007772896,10.41,0.39,0.0375
1995-04-21,262.35,269.6,262.35,264.6,232600.0,0.0049129773572152,10.8,-0.21,-0.0194
1995-04-24,262.59,262.59,257.35,258.59,210800.0,0.0044525177424805,10.59,-0.24,-0.0227
1995-04-25,257.35,259.84,256.1,258.59,156700.0,0.0033098175059141,10.35,0.0,0.0
1995-04-26,258.59,259.84,249.85,251.1,279400.0,0.0059014869888475,10.35,-0.3,-0.029
1995-04-27,242.34,249.84,200.12,239.34,682900.0,0.0144242142615748,10.05,-0.47,-0.0468
1995-04-28,242.34,244.34,238.6,241.59,273300.0,0.0057726427847245,9.58,0.09,0.0094
1995-05-02,244.33,244.83,239.84,243.33,90000.0,0.0019009800608313,9.67,0.07,0.0072
1995-05-03,246.08,246.08,242.34,242.34,77200.0,0.0016306184521797,9.74,-0.04,-0.0041
1995-05-04,240.09,241.09,234.84,236.59,105700.0,0.002232595471443,9.7,-0.23,-0.0237
1995-05-05,234.85,241.1,234.85,237.35,72500.0,0.001531345049003,9.47,0.03,0.0032
1995-05-08,238.6,238.6,235.85,237.35,52200.0,0.0011025684352821,9.5,0.0,0.0
1995-05-09,237.35,241.85,236.85,240.6,34700.0,0.0007329334234538,9.5,0.13,0.0137
1995-05-10,241.11,242.36,235.12,235.12,67900.0,0.0014341838458938,9.63,-0.22,-0.0228
1995-05-11,240.62,240.62,236.62,237.37,51500.0,0.001087783034809,9.41,0.09,0.0096
1995-05-12,236.13,247.38,236.13,243.88,197500.0,0.004171595133491,9.5,0.26,0.0274
1995-05-15,243.87,243.87,239.87,241.12,55900.0,0.001180719837783,9.76,-0.11,-0.0113
1995-05-16,241.36,247.11,241.36,243.36,115700.0,0.002443815478202,9.65,0.09,0.0093
1995-05-17,243.86,246.36,243.61,245.36,44800.0,0.0009462656302805,9.74,0.08,0.0082
1995-05-18,307.32,336.8,282.33,324.81,5711500.0,0.1206383068604258,9.82,3.18,0.3238
1995-05-19,324.79,362.27,319.8,361.77,6233600.0,0.1316661034133153,13.0,1.48,0.1138
1995-05-22,379.75,399.74,369.76,374.76,7265900.0,0.153470344711051,14.48,0.52,0.0359
1995-05-23,333.52,361.75,314.28,315.28,4800000.0,0.1013856032443393,15.0,-2.38,-0.1587
1995-05-24,324.76,339.25,307.53,327.01,3050100.0,0.0644242142615748,12.62,0.47,0.0372
1995-05-25,329.77,329.77,300.04,304.28,1289800.0,0.027243156471781,13.09,-0.91,-0.0695
1995-05-26,297.29,374.74,289.3,317.28,2228800.0,0.0470767151064548,12.18,0.52,0.0427
1995-05-29,319.79,322.29,300.3,312.3,534800.0,0.0112960459614734,12.7,-0.2,-0.0157
1995-05-30,312.3,317.29,305.3,308.55,378600.0,0.0079967894558972,12.5,-0.15,-0.012
1995-05-31,300.06,304.81,298.56,302.81,353400.0,0.0074645150388644,12.35,-0.23,-0.0186
1995-06-01,303.57,312.32,302.82,309.32,261000.0,0.0055128421764109,12.12,0.26,0.0215
1995-06-02,309.83,314.58,309.83,311.33,409000.0,0.0086388982764447,12.38,0.08,0.0065
1995-06-05,312.58,314.33,299.83,302.33,376800.0,0.0079587698546806,12.46,-0.36,-0.0289
1995-06-06,297.33,303.83,292.59,299.58,330900.0,0.0069892700236566,12.1,-0.11,-0.0091
1995-06-07,304.83,311.83,299.83,309.83,309200.0,0.0065309226089895,11.99,0.41,0.0342
1995-06-08,316.82,320.82,309.83,313.58,1317200.0,0.0278218992903007,12.4,0.15,0.0121
1995-06-09,314.82,317.07,311.82,312.57,523700.0,0.0110615917539709,12.55,-0.04,-0.0032
1995-06-12,310.07,311.07,303.57,308.07,298400.0,0.0063028050016897,12.51,-0.18,-0.0144
1995-06-13,307.32,308.56,305.32,306.32,187400.0,0.0039582629266644,12.33,-0.07,-0.0057
1995-06-14,305.31,308.56,303.32,304.81,204000.0,0.0043088881378844,12.26,-0.06,-0.0049
1995-06-15,300.32,304.32,282.58,286.83,1643700.0,0.0347182325109834,12.2,-0.72,-0.059
1995-06-16,284.34,289.84,284.34,284.59,398300.0,0.0084128928692125,11.48,-0.09,-0.0078
1995-06-19,280.11,281.11,271.86,274.86,587100.0,0.0124007265968232,11.39,-0.39,-0.0342
1995-06-20,276.1,278.6,273.6,276.1,373000.0,0.0078785062521122,11.0,0.05,0.0045
1995-06-21,274.84,282.34,273.59,282.09,279500.0,0.0059035991889151,11.05,0.24,0.0217
1995-06-23,279.84,283.84,279.84,283.84,293200.0,0.006192970598175,11.29,0.07,0.0062
1995-06-26,281.08,284.83,281.08,284.83,157100.0,0.0033182663061845,11.36,0.04,0.0035
1995-06-27,292.33,292.33,283.58,284.83,515300.0,0.0108841669482933,11.4,0.0,0.0
1995-06-28,281.58,284.58,281.08,283.58,236100.0,0.0049869043595809,11.4,-0.05,-0.0044
1995-06-29,283.08,286.08,280.33,282.33,313800.0,0.0066280838120986,11.35,-0.05,-0.0044
1995-06-30,284.34,284.34,272.35,279.85,566300.0,0.0119613889827644,11.3,-0.1,-0.0088
1995-07-03,272.86,275.86,268.06,268.06,394100.0,0.0069368170553114,9.33,-0.39,-0.0421
1995-07-04,266.87,269.57,264.17,264.47,362700.0,0.0063841247042919,8.94,-0.12,-0.0134
1995-07-05,272.86,274.05,266.86,272.86,363400.0,0.0063964458713529,8.82,0.28,0.0317
1995-07-06,272.85,275.55,268.35,269.85,489200.0,0.0086107356088768,9.1,-0.1,-0.011
1995-07-07,269.57,280.36,269.57,279.46,693400.0,0.0122049960572265,9.0,0.32,0.0356
1995-07-10,281.86,289.66,281.26,285.16,1442700.0,0.0253939253126056,9.32,0.19,0.0204
1995-07-11,286.35,287.25,271.65,274.95,460300.0,0.0081020474259321,9.51,-0.34,-0.0358
1995-07-12,272.26,277.35,272.26,275.26,290900.0,0.0051203249971837,9.17,0.01,0.0011
1995-07-13,275.86,278.26,272.87,276.16,177700.0,0.0031278162667567,9.18,0.03,0.0033
1995-07-14,275.85,281.25,273.45,275.25,285900.0,0.0050323166610341,9.21,-0.03,-0.0033
1995-07-17,274.96,294.75,274.36,290.56,1836300.0,0.0323219415343021,9.18,0.51,0.0556
1995-07-18,291.15,292.35,278.25,284.25,790100.0,0.0139070772783598,9.69,-0.21,-0.0217
1995-07-19,285.16,287.86,274.67,275.27,731700.0,0.0128791399121324,9.48,-0.3,-0.0316
1995-07-20,275.28,280.37,275.28,275.87,395200.0,0.0069561788892643,9.18,0.02,0.0022
1995-07-21,277.38,281.88,276.18,276.18,231600.0,0.0040765461304494,9.2,0.01,0.0011
1995-07-24,277.37,281.87,273.77,277.67,401800.0,0.0070723498929818,9.21,0.05,0.0054
1995-07-25,283.36,283.36,274.37,275.86,261800.0,0.004608116480793,9.26,-0.06,-0.0065
1995-07-26,277.36,287.26,273.47,275.86,750400.0,0.0132082910893319,9.2,0.0,0.0
1995-07-27,275.86,277.36,272.86,275.56,317400.0,0.0055867691787766,9.2,-0.01,-0.0011
1995-07-28,277.36,280.06,275.26,275.86,243400.0,0.0042842458037625,9.19,0.01,0.0011
1995-07-31,274.36,283.36,274.36,280.06,625700.0,0.0110133631857609,9.2,0.14,0.0152
1995-08-01,283.36,287.56,275.86,286.36,806700.0,0.0141992649543764,9.34,0.21,0.0225
1995-08-02,289.36,311.24,288.16,290.85,4877300.0,0.0858486115804889,9.55,0.15,0.0157
1995-08-03,287.85,302.24,287.85,300.74,2397900.0,0.0422070378506252,9.7,0.33,0.034
1995-08-04,303.74,306.44,296.24,299.24,1226100.0,0.0215814041906049,10.03,-0.05,-0.005
1995-08-07,296.84,298.94,293.84,298.64,620700.0,0.0109253548496113,9.98,-0.02,-0.002
1995-08-08,284.24,296.84,284.24,292.64,527000.0,0.0092760786301678,9.96,-0.2,-0.0201
1995-08-09,296.83,296.83,284.84,290.53,433100.0,0.0076232820772783,9.76,-0.07,-0.0072
1995-08-10,293.83,299.82,286.63,295.33,1196000.0,0.0210515940069843,9.69,0.16,0.0165
1995-08-11,298.91,298.91,287.82,290.22,806700.0,0.0141992649543764,9.85,-0.17,-0.0173
1995-08-14,287.82,310.01,287.82,302.81,1588400.0,0.0279584882280049,9.68,0.42,0.0434
1995-08-15,305.8,307.29,288.41,292.3,1292900.0,0.0227571955615635,10.1,-0.35,-0.0347
1995-08-16,292.3,293.8,288.7,290.2,579200.0,0.0101948856595696,9.75,-0.07,-0.0072
1995-08-17,290.79,299.48,290.79,292.29,662900.0,0.0116681452067139,9.68,0.07,0.0072
1995-08-18,294.69,305.19,290.8,294.39,1128900.0,0.0198705221358567,9.75,0.07,0.0072
1995-08-21,293.8,293.8,285.11,285.71,289900.0,0.0051027233299538,9.82,-0.29,-0.0295
1995-08-22,284.82,288.12,283.32,284.82,233100.0,0.0041029486312943,9.53,-0.03,-0.0031
1995-08-23,287.53,287.53,280.93,281.83,255100.0,0.0044901853103525,9.5,-0.1,-0.0105
1995-08-24,281.54,283.04,278.25,278.85,182400.0,0.0032105441027374,9.4,-0.1,-0.0106
1995-08-25,280.35,284.25,278.25,280.35,345600.0,0.0060831361946603,9.3,0.05,0.0054
1995-08-28,280.36,280.66,269.87,275.87,250000.0,0.00440041680748,9.35,-0.15,-0.016
1995-08-29,275.86,281.26,272.86,275.56,231400.0,0.0040730257970034,9.2,-0.01,-0.0011
1995-08-30,275.87,278.27,272.87,273.47,117500.0,0.0020681958995156,9.19,-0.07,-0.0076
1995-08-31,273.47,275.27,272.87,274.37,138600.0,0.0024395910780669,9.12,0.03,0.0033
1995-09-01,274.67,275.87,273.47,274.67,100800.0,0.0017742480567759,9.15,0.01,0.0011
1995-09-04,275.87,278.27,273.47,274.67,206700.0,0.0036382646164244,9.16,0.0,0.0
1995-09-05,275.87,284.27,274.37,274.37,299200.0,0.005266418835192,9.16,-0.01,-0.0011
1995-09-06,274.38,280.08,273.18,280.08,398600.0,0.0070160245578461,9.15,0.19,0.0208
1995-09-07,280.39,283.69,275.89,276.49,470400.0,0.0082798242649543,9.34,-0.12,-0.0128
1995-09-08,282.48,282.48,274.68,275.88,319100.0,0.0056166920130674,9.22,-0.02,-0.0022
1995-09-11,276.47,287.27,276.47,286.37,437600.0,0.0077024895798129,9.2,0.35,0.038
1995-09-12,299.27,299.57,282.77,283.07,686300.0,0.0120800242198941,9.55,-0.11,-0.0115
1995-09-13,283.68,285.18,277.38,279.48,442900.0,0.0077957784161315,9.44,-0.12,-0.0127
1995-09-14,280.38,281.88,275.29,281.88,310000.0,0.0054565168412752,9.32,0.08,0.0086
1995-09-15,279.19,284.89,279.19,281.29,413300.0,0.0072747690661259,9.4,-0.02,-0.0021
1995-09-18,281.3,286.4,279.2,281.6,320700.0,0.0056448546806353,9.38,0.01,0.0011
1995-09-19,284.91,287.9,280.11,280.11,520500.0,0.0091616677931733,9.39,-0.05,-0.0053
1995-09-20,279.22,280.42,277.12,280.42,269400.0,0.0047418891517404,9.34,0.01,0.0011
1995-09-21,278.92,289.42,277.72,281.62,270400.0,0.0047594908189703,9.35,0.04,0.0043
1995-09-22,281.62,288.21,280.42,284.01,600600.0,0.0105715613382899,9.39,0.08,0.0085
1995-09-25,284.9,287.3,282.2,286.4,487100.0,0.008573772107694,9.47,0.08,0.0084
1995-09-26,284.91,295.4,284.61,293.9,1129700.0,0.0198846034696406,9.55,0.25,0.0262
1995-09-27,292.39,292.39,284.29,284.29,862200.0,0.015176157485637,9.8,-0.32,-0.0327
1995-09-28,282.8,286.4,282.8,286.4,622100.0,0.0109499971837332,9.48,0.07,0.0074
1995-09-29,285.18,290.88,285.18,286.68,334900.0,0.0058947983553002,9.55,0.01,0.001
1995-10-04,285.78,293.28,285.48,293.28,394400.0,0.0069420975554804,9.56,0.22,0.023
1995-10-05,290.88,305.27,290.28,298.67,4567400.0,0.0803938549059366,9.78,0.18,0.0184
1995-10-06,298.68,298.68,289.38,289.68,1337200.0,0.023536949419849,9.96,-0.3,-0.0301
1995-10-09,288.79,290.89,287.89,289.39,686200.0,0.0120782640531711,9.66,-0.01,-0.001
1995-10-10,289.4,290.9,287.6,287.6,715300.0,0.0125904725695617,9.65,-0.06,-0.0062
1995-10-11,287.3,287.3,283.11,286.1,1007300.0,0.0177301594006984,9.59,-0.05,-0.0052
1995-10-12,286.09,289.09,283.69,286.39,811000.0,0.0142749521234651,9.54,0.01,0.001
1995-10-13,285.19,289.39,283.69,286.99,537600.0,0.009462656302805,9.55,0.02,0.0021
1995-10-16,286.98,290.28,285.78,287.88,263600.0,0.0046397994818069,9.57,0.03,0.0031
1995-10-17,287.27,292.67,286.97,292.37,592600.0,0.0104307480004506,9.6,0.15,0.0156
1995-10-18,293.28,297.47,292.38,296.88,817000.0,0.0143805621268446,9.75,0.15,0.0154
1995-10-19,296.57,307.96,295.67,297.47,2295600.0,0.0404063872930043,9.9,0.02,0.002
1995-10-20,295.38,316.08,295.38,314.28,3838500.0,0.0675639996620479,9.92,0.56,0.0565
1995-10-23,314.58,314.88,304.09,305.88,1948400.0,0.0342950884307761,10.48,-0.28,-0.0267
1995-10-24,306.47,311.27,301.37,305.27,798200.0,0.0140496507829221,10.2,-0.02,-0.002
1995-10-25,314.86,326.86,305.87,320.26,3001100.0,0.0528243635237129,10.18,0.5,0.0491
1995-10-26,317.85,317.85,308.55,310.65,1462800.0,0.025747718823927,10.68,-0.32,-0.03
1995-10-27,310.66,310.66,300.46,307.36,1756500.0,0.0309173284893545,10.36,-0.11,-0.0106
1995-10-30,302.86,308.26,301.66,307.36,445300.0,0.0078380224174833,10.25,0.0,0.0
1995-10-31,307.35,314.25,307.35,314.25,1114900.0,0.0196240987946378,10.25,0.23,0.0224
1995-11-01,320.25,323.85,314.55,319.65,2832900.0,0.0498637630956404,10.48,0.18,0.0172
1995-11-02,320.85,326.25,313.36,317.25,1050300.0,0.0184870310915849,10.66,-0.08,-0.0075
1995-11-03,316.64,319.64,315.14,318.14,837600.0,0.014743156471781,10.58,0.03,0.0028
1995-11-06,322.05,328.04,319.65,322.95,1258900.0,0.0221587388757463,10.61,0.16,0.0151
1995-11-07,323.85,325.35,320.26,322.66,1319800.0,0.0232306804100484,10.77,-0.01,-0.0009
1995-11-08,320.87,323.27,315.17,323.27,1227800.0,0.0216113270248957,10.76,0.02,0.0019
1995-11-09,320.86,323.86,317.86,322.36,1184300.0,0.0208456545003942,10.78,-0.03,-0.0028
1995-11-10,322.36,322.66,319.96,322.36,611100.0,0.0107563788442041,10.75,0.0,0.0
1995-11-13,320.27,320.57,311.88,315.17,816200.0,0.0143664807930607,10.75,-0.24,-0.0223
1995-11-14,311.88,316.08,311.88,313.38,398500.0,0.0070142643911231,10.51,-0.06,-0.0057
1995-11-15,313.37,317.86,312.17,317.26,572300.0,0.0100734341556832,10.45,0.13,0.0124
1995-11-16,317.86,320.86,315.46,319.36,565600.0,0.0099555029852427,10.58,0.07,0.0066
1995-11-17,317.87,322.06,316.37,319.96,486509.0,0.0085633695223611,10.65,0.02,0.0019
1995-11-20,318.45,319.95,316.95,317.85,391100.0,0.0068840120536217,10.67,-0.07,-0.0066
1995-11-21,318.16,322.36,316.66,321.16,292200.0,0.0051432071645826,10.6,0.11,0.0104
1995-11-22,320.85,325.35,317.85,317.85,669800.0,0.0117895967106004,10.71,-0.11,-0.0103
1995-11-23,317.24,322.94,315.74,320.84,621800.0,0.0109447166835642,10.6,0.1,0.0094
1995-11-24,320.84,322.34,319.04,320.84,299200.0,0.005266418835192,10.7,0.0,0.0
1995-11-27,320.84,320.84,309.45,317.24,826400.0,0.0145460177988059,10.7,-0.12,-0.0112
1995-11-28,314.25,319.35,311.25,317.85,1232100.0,0.0216870141939844,10.58,0.02,0.0019
1995-11-29,317.86,317.86,312.46,314.86,832500.0,0.0146533879689084,10.6,-0.1,-0.0094
1995-11-30,312.76,317.86,312.76,314.86,459200.0,0.0080826855919792,10.5,0.0,0.0
1995-12-01,313.05,313.35,307.05,312.15,622300.0,0.0109535175171792,10.5,-0.09,-0.0086
1995-12-04,308.25,308.85,305.85,308.25,636300.0,0.0111999408583981,10.41,-0.13,-0.0125
1995-12-05,307.04,314.54,305.84,314.54,259300.0,0.0045641123127182,10.28,0.21,0.0204
1995-12-06,311.84,318.14,310.94,317.84,442800.0,0.0077940182494085,10.49,0.11,0.0105
1995-12-07,316.95,326.85,315.75,323.85,1754900.0,0.0308891658217866,10.6,0.2,0.0189
1995-12-08,323.86,327.46,318.17,325.66,1248300.0,0.0219721612031091,10.8,0.06,0.0056
1995-12-11,330.45,358.94,330.45,344.84,6606000.0,0.1162766137208516,10.86,0.64,0.0589
1995-12-12,344.24,419.2,341.54,404.81,12155800.0,0.2139623465134617,11.5,2.0,0.1739
1995-12-13,389.82,407.21,347.84,353.24,11025100.0,0.1940601413765912,13.5,-1.72,-0.1274
1995-12-14,346.94,362.84,342.14,353.84,7187600.0,0.1265137433817731,11.78,0.02,0.0017
1995-12-15,356.55,360.44,336.15,338.55,5047500.0,0.0888444153430212,11.8,-0.51,-0.0432
1995-12-18,336.16,343.06,319.07,319.97,5473100.0,0.0963356849160752,11.29,-0.62,-0.0549
1995-12-19,319.97,326.87,316.37,323.87,1245100.0,0.0219158358679734,10.67,0.13,0.0122
1995-12-20,328.38,328.38,316.69,326.88,1062300.0,0.018698251098344,10.8,0.1,0.0093
1995-12-21,326.28,335.27,323.28,328.97,2251900.0,0.0396371944350568,10.9,0.07,0.0064
1995-12-22,330.76,330.76,319.97,324.47,706600.0,0.0124373380646614,10.97,-0.15,-0.0137
1995-12-25,320.28,322.38,314.88,315.48,1146600.0,0.0201820716458262,10.82,-0.3,-0.0277
1995-12-26,314.9,320.89,314.3,315.8,501500.0,0.0088272361158048,10.52,0.01,0.001
1995-12-27,317.28,322.38,314.58,320.28,846700.0,0.0149033316435732,10.53,0.15,0.0142
1995-12-28,315.17,319.36,299.87,314.87,1693100.0,0.0298013827869775,10.68,-0.18,-0.0169
1995-12-29,302.86,308.56,286.37,287.57,1563000.0,0.0275114058803649,10.5,-0.91,-0.0867
1996-01-02,271.67,277.37,261.18,262.38,1082900.0,0.0141002604166666,9.59,-0.84,-0.0876
1996-01-03,268.36,268.36,257.27,266.86,689300.0,0.0089752604166666,8.75,0.15,0.0171
1996-01-04,265.36,274.95,261.16,273.45,792300.0,0.01031640625,8.9,0.22,0.0247
1996-01-05,275.25,275.25,252.46,254.86,950000.0,0.0123697916666666,9.12,-0.62,-0.068
1996-01-08,251.85,254.85,245.86,251.85,397600.0,0.0051770833333333,8.5,-0.1,-0.0118
1996-01-09,254.86,268.95,252.16,268.35,692800.0,0.0090208333333333,8.4,0.55,0.0655
1996-01-10,263.84,263.84,251.85,258.45,637200.0,0.008296875,8.95,-0.33,-0.0369
1996-01-11,260.56,260.56,251.26,254.26,497700.0,0.00648046875,8.62,-0.14,-0.0162
1996-01-12,251.26,257.86,250.66,254.26,309700.0,0.0040325520833333,8.48,0.0,0.0
1996-01-15,253.36,280.34,251.86,272.85,2205900.0,0.02872265625,8.48,0.62,0.0731
1996-01-16,272.84,272.84,260.84,263.54,986200.0,0.0128411458333333,9.1,-0.31,-0.0341
1996-01-17,259.34,262.34,254.25,254.85,685900.0,0.0089309895833333,8.79,-0.29,-0.033
1996-01-18,251.83,252.43,244.04,244.04,1045900.0,0.0136184895833333,8.5,-0.36,-0.0424
1996-01-19,241.34,254.83,238.64,254.53,1336900.0,0.0174075520833333,8.14,0.35,0.043
1996-01-22,248.83,250.33,244.33,245.83,417500.0,0.0054361979166666,8.49,-0.29,-0.0342
1996-01-23,244.33,248.23,243.73,245.83,372400.0,0.0048489583333333,8.2,0.0,0.0
1996-01-24,244.34,254.23,244.34,249.74,313100.0,0.0040768229166666,8.2,0.13,0.0159
1996-01-25,249.14,257.23,245.84,246.14,1264700.0,0.0164674479166666,8.33,-0.12,-0.0144
1996-01-26,242.25,251.24,241.65,247.35,319800.0,0.0041640625,8.21,0.04,0.0049
1996-01-29,249.15,262.04,249.15,254.55,1351400.0,0.0175963541666666,8.25,0.24,0.0291
1996-01-30,254.25,256.65,250.35,254.85,545600.0,0.0071041666666666,8.49,0.01,0.0012
1996-01-31,254.86,257.26,250.96,255.16,471700.0,0.0061419270833333,8.5,0.01,0.0012
1996-02-01,254.56,254.86,252.46,253.06,291200.0,0.0037916666666666,8.51,-0.07,-0.0082
1996-02-02,251.27,253.37,248.87,251.57,325700.0,0.0042408854166666,8.44,-0.05,-0.0059
1996-02-05,253.68,255.17,244.98,244.98,554200.0,0.0072161458333333,8.39,-0.22,-0.0262
1996-02-06,243.18,247.38,242.88,246.18,333000.0,0.0043359375,8.17,0.04,0.0049
1996-02-07,245.88,247.38,245.29,245.88,114600.0,0.0014921875,8.21,-0.01,-0.0012
1996-02-08,245.88,247.08,244.38,244.38,89400.0,0.0011640625,8.2,-0.05,-0.0061
1996-02-09,243.18,246.48,243.18,245.88,240100.0,0.0031263020833333,8.15,0.05,0.0061
1996-02-12,245.29,250.38,244.39,248.29,100300.0,0.0013059895833333,8.2,0.08,0.0098
1996-02-13,245.89,249.48,245.89,248.29,72100.0,0.0009388020833333,8.28,0.0,0.0
1996-02-14,247.39,250.68,245.89,248.29,82200.0,0.0010703125,8.28,0.0,0.0
1996-02-15,246.78,250.38,245.88,249.48,207600.0,0.002703125,8.28,0.04,0.0048
1996-02-16,250.97,256.36,249.77,254.87,568500.0,0.00740234375,8.32,0.18,0.0216
1996-03-04,268.96,274.06,257.87,272.86,2210100.0,0.02877734375,8.5,0.6,0.0706
1996-03-05,271.35,275.25,260.86,262.65,1579100.0,0.0205611979166666,9.1,-0.34,-0.0374
1996-03-06,260.85,262.94,252.15,254.25,885300.0,0.01152734375,8.76,-0.28,-0.032
1996-03-07,253.34,259.64,252.74,256.64,288200.0,0.0037526041666666,8.48,0.08,0.0094
1996-03-08,257.24,263.84,252.75,260.54,499500.0,0.00650390625,8.56,0.13,0.0152
1996-03-11,263.84,263.84,257.54,259.34,305400.0,0.0039765625,8.69,-0.04,-0.0046
1996-03-12,259.33,260.83,253.63,259.03,367500.0,0.00478515625,8.65,-0.01,-0.0012
1996-03-13,257.53,268.63,255.74,262.63,707700.0,0.00921484375,8.64,0.12,0.0139
1996-03-14,263.22,274.01,263.22,270.12,2988100.0,0.0389075520833333,8.76,0.25,0.0285
1996-03-15,272.5,277.0,266.21,274.3,1213500.0,0.01580078125,9.01,0.14,0.0155
1996-03-18,275.19,283.89,275.19,281.49,2181200.0,0.0284010416666666,9.15,0.24,0.0262
1996-03-19,284.5,284.5,272.8,274.9,1379900.0,0.0179674479166666,9.39,-0.22,-0.0234
1996-03-20,274.91,277.9,274.31,275.21,475100.0,0.0061861979166666,9.17,0.01,0.0011
1996-03-21,275.21,278.21,274.61,275.51,428000.0,0.0055729166666666,9.18,0.01,0.0011
1996-03-22,275.21,277.91,271.31,275.81,333700.0,0.0043450520833333,9.19,0.01,0.0011
1996-03-25,275.2,280.6,274.0,277.3,557200.0,0.0072552083333333,9.2,0.05,0.0054
1996-03-26,279.4,279.4,274.9,277.3,723600.0,0.009421875,9.25,0.0,0.0
1996-03-27,275.19,275.79,270.1,273.7,465700.0,0.0060638020833333,9.25,-0.12,-0.013
1996-03-28,271.31,274.0,269.21,269.21,278500.0,0.0036263020833333,9.13,-0.15,-0.0164
1996-03-29,266.82,268.92,265.02,266.22,489100.0,0.0063684895833333,8.98,-0.1,-0.0111
1996-04-01,269.82,277.92,266.82,272.82,566208.0,0.0073725,8.88,0.22,0.0248
1996-04-02,271.32,272.22,266.52,266.82,235200.0,0.0030625,9.1,-0.2,-0.022
1996-04-03,269.21,271.31,266.51,268.31,72400.0,0.0009427083333333,8.9,0.05,0.0056
1996-04-04,269.82,272.82,266.82,269.52,113100.0,0.00147265625,8.95,0.04,0.0045
1996-04-05,272.81,282.71,270.41,279.71,1072600.0,0.0139661458333333,8.99,0.34,0.0378
1996-04-08,281.8,293.19,280.3,284.8,2851200.0,0.037125,9.33,0.17,0.0182
1996-04-09,284.8,289.9,283.6,284.8,722400.0,0.00940625,9.5,0.0,0.0
1996-04-10,287.79,290.49,284.19,287.19,955100.0,0.0124361979166666,9.5,0.08,0.0084
1996-04-11,287.21,290.5,285.11,289.6,494500.0,0.0064388020833333,9.58,0.08,0.0084
1996-04-12,290.81,296.5,290.21,292.01,1536400.0,0.0200052083333333,9.66,0.08,0.0083
1996-04-15,292.0,308.79,290.8,306.99,2497400.0,0.0325182291666666,9.74,0.5,0.0513
1996-04-16,308.18,308.78,303.09,304.29,1850600.0,0.0240963541666666,10.24,-0.09,-0.0088
1996-04-17,305.78,313.27,297.09,301.88,2097400.0,0.0273098958333333,10.15,-0.08,-0.0079
1996-04-18,299.79,302.18,297.39,302.18,998500.0,0.0130013020833333,10.07,0.01,0.001
1996-04-19,307.27,309.97,304.27,308.77,2132000.0,0.0277604166666666,10.08,0.22,0.0218
1996-04-22,313.28,314.78,299.19,299.79,1879000.0,0.0244661458333333,10.3,-0.3,-0.0291
1996-04-23,300.09,308.48,299.19,305.48,1327600.0,0.0172864583333333,10.0,0.19,0.019
1996-04-24,308.78,334.26,307.58,332.76,5057600.0,0.0658541666666666,10.19,0.91,0.0893
1996-04-25,334.87,344.16,317.78,323.18,3328000.0,0.0433333333333333,11.1,-0.32,-0.0288
1996-04-26,327.36,359.74,327.36,350.75,4326100.0,0.0563294270833333,10.78,0.92,0.0853
1996-04-29,362.74,374.73,344.76,368.74,5353000.0,0.0697005208333333,11.7,0.6,0.0513
1996-04-30,353.76,362.16,332.78,342.67,3118700.0,0.0406080729166666,12.3,-0.87,-0.0707
1996-05-02,359.74,373.83,347.75,354.05,7449100.0,0.0969934895833333,11.43,0.38,0.0332
1996-05-03,362.74,370.23,352.85,368.14,4672700.0,0.0608424479166666,11.81,0.47,0.0398
1996-05-06,368.75,379.24,363.05,371.74,4335300.0,0.05644921875,12.28,0.12,0.0098
1996-05-07,375.06,375.06,355.57,355.87,2195400.0,0.0285859375,12.4,-0.53,-0.0427
1996-05-08,355.27,362.17,351.37,355.87,817800.0,0.0106484375,11.87,0.0,0.0
1996-05-09,357.66,362.76,347.77,353.17,1155800.0,0.0150494791666666,11.87,-0.09,-0.0076
1996-05-10,361.26,364.26,340.58,353.77,1908700.0,0.0248528645833333,11.78,0.02,0.0017
1996-05-13,356.77,356.77,342.08,344.18,1458700.0,0.0189934895833333,11.8,-0.32,-0.0271
1996-05-14,341.78,347.78,330.09,332.79,2149800.0,0.0279921875,11.48,-0.38,-0.0331
1996-05-15,335.48,335.78,324.09,335.78,2003600.0,0.0260885416666666,11.1,0.1,0.009
1996-05-16,341.19,370.28,340.59,358.88,7546700.0,0.0982643229166666,11.2,0.77,0.0688
1996-05-17,394.56,394.56,348.99,359.78,3681900.0,0.04794140625,11.97,0.03,0.0025
1996-05-20,362.79,365.19,342.1,346.9,2997300.0,0.03902734375,12.0,-0.43,-0.0358
1996-05-21,344.19,344.49,326.2,329.8,1893800.0,0.0246588541666666,11.57,-0.57,-0.0493
1996-05-22,328.3,332.19,320.8,326.8,1536300.0,0.02000390625,11.0,-0.1,-0.0091
1996-05-23,326.51,326.51,308.82,308.82,802000.0,0.0104427083333333,10.9,-0.6,-0.055
1996-05-24,308.82,322.91,307.32,317.81,678100.0,0.0088294270833333,10.3,0.3,0.0291
1996-05-27,312.13,318.42,311.83,312.73,171700.0,0.0022356770833333,10.6,-0.17,-0.016
1996-05-28,312.72,317.81,311.82,315.41,369700.0,0.0048138020833333,10.43,0.09,0.0086
1996-05-29,315.41,321.11,313.91,317.21,343900.0,0.0044778645833333,10.52,0.06,0.0057
1996-05-30,316.3,318.4,297.11,302.81,678700.0,0.0088372395833333,10.58,-0.48,-0.0454
1996-05-31,302.8,314.8,298.61,308.2,1086500.0,0.0141471354166666,10.1,0.18,0.0178
1996-06-03,307.59,313.59,299.8,301.3,739800.0,0.0096328125,10.28,-0.23,-0.0224
1996-06-04,301.31,309.1,300.11,309.1,807100.0,0.0105091145833333,10.05,0.26,0.0259
1996-06-05,311.81,322.6,300.41,322.3,1355000.0,0.0176432291666666,10.31,0.44,0.0427
1996-06-06,323.78,325.88,305.2,314.79,1783800.0,0.0232265625,10.75,-0.25,-0.0233
1996-06-07,317.8,332.79,317.8,323.79,2540100.0,0.03307421875,10.5,0.3,0.0286
1996-06-10,323.81,332.8,310.32,316.31,2002600.0,0.0260755208333333,10.8,-0.25,-0.0231
1996-06-11,317.8,328.89,310.91,311.51,872000.0,0.0113541666666666,10.55,-0.16,-0.0152
1996-06-12,311.79,322.89,306.7,308.8,1441700.0,0.0187721354166666,10.39,-0.09,-0.0087
1996-06-13,314.8,317.2,308.81,313.3,958500.0,0.01248046875,10.3,0.15,0.0146
1996-06-14,320.79,320.79,299.8,310.3,880200.0,0.0114609375,10.45,-0.1,-0.0096
1996-06-17,314.78,320.78,310.29,311.79,1192000.0,0.0155208333333333,10.35,0.05,0.0048
1996-06-18,311.8,359.47,308.2,331.58,2083900.0,0.0271341145833333,10.4,0.66,0.0635
1996-06-19,337.6,350.79,330.4,335.5,4203800.0,0.0547369791666666,11.06,0.13,0.0118
1996-06-20,334.44,335.43,322.12,327.78,1079800.0,0.0127817234848484,10.08,-0.23,-0.023
1996-06-21,329.45,342.09,323.13,327.45,925900.0,0.010959990530303,9.85,-0.01,-0.001
1996-06-24,332.44,332.78,326.12,327.45,759100.0,0.0089855587121212,9.84,0.0,0.0
1996-06-25,316.12,325.44,310.8,316.12,1055500.0,0.0124940814393939,9.84,-0.34,-0.0346
1996-06-26,317.78,324.44,317.78,324.44,593800.0,0.0070288825757575,9.5,0.25,0.0263
1996-06-27,324.45,327.78,312.8,318.79,935200.0,0.0110700757575757,9.75,-0.17,-0.0174
1996-06-28,318.8,318.8,309.48,312.48,700900.0,0.0082966382575757,9.58,-0.19,-0.0198
1996-07-01,312.49,312.49,292.86,294.86,745800.0,0.008828125,9.39,-0.53,-0.0564
1996-07-02,292.87,298.2,289.54,295.53,389800.0,0.0046141098484848,8.86,0.02,0.0023
1996-07-03,296.54,307.85,292.21,297.87,829300.0,0.0098165246212121,8.88,0.07,0.0079
1996-07-04,299.52,299.52,283.21,289.2,1023900.0,0.0121200284090909,8.95,-0.26,-0.0291
1996-07-05,286.22,296.2,279.56,292.21,911500.0,0.0107895359848484,8.69,0.09,0.0104
1996-07-08,296.21,305.86,291.88,302.2,1005100.0,0.011897490530303,8.78,0.3,0.0342
1996-07-09,299.21,302.87,293.22,296.22,1049800.0,0.0124266098484848,9.08,-0.18,-0.0198
1996-07-10,297.88,304.54,292.89,297.55,747300.0,0.0088458806818181,8.9,0.04,0.0045
1996-07-11,299.22,301.22,289.57,289.9,597200.0,0.0070691287878787,8.94,-0.23,-0.0257
1996-07-12,285.92,292.58,284.59,287.58,568000.0,0.0067234848484848,8.71,-0.07,-0.008
1996-07-15,292.23,308.88,287.91,300.55,1711400.0,0.0202580492424242,8.64,0.39,0.0451
1996-07-16,307.87,311.2,300.55,310.2,1085600.0,0.0128503787878787,9.03,0.29,0.0321
1996-07-17,312.52,324.51,306.2,306.2,2067300.0,0.0244708806818181,9.32,-0.12,-0.0129
1996-07-18,306.19,314.51,303.2,313.18,755600.0,0.0089441287878787,9.2,0.21,0.0228
1996-07-19,314.52,332.83,309.86,332.16,3466800.0,0.0410369318181818,9.41,0.57,0.0606
1996-07-22,342.8,348.79,332.82,338.14,3907100.0,0.0462488162878787,9.98,0.18,0.018
1996-07-23,342.81,342.81,326.84,332.49,1899500.0,0.0224846117424242,10.16,-0.17,-0.0167
1996-07-24,339.47,345.47,332.15,340.47,2096600.0,0.0248177083333333,9.99,0.24,0.024
1996-07-25,336.14,340.79,326.48,328.15,1686200.0,0.0199597537878787,10.23,-0.37,-0.0362
1996-07-26,328.81,361.76,328.81,342.46,5310500.0,0.0628610321969697,9.86,0.43,0.0436
1996-07-29,355.45,366.1,351.79,359.44,6223900.0,0.0736730587121212,10.29,0.51,0.0496
1996-07-30,362.1,365.1,336.81,342.8,2996000.0,0.0354640151515151,10.8,-0.5,-0.0463
1996-07-31,342.81,346.13,333.49,336.15,1854200.0,0.0219483901515151,10.3,-0.2,-0.0194
1996-08-01,342.8,369.43,340.47,362.77,6019600.0,0.0712547348484848,10.1,0.8,0.0792
1996-08-02,366.11,369.1,346.47,352.8,2754800.0,0.0326089015151515,10.9,-0.3,-0.0275
1996-08-05,351.79,357.12,344.47,354.45,1050500.0,0.0124348958333333,10.6,0.05,0.0047
1996-08-06,349.46,359.44,343.8,349.46,1330100.0,0.0157445549242424,10.65,-0.15,-0.0141
1996-08-07,354.43,367.41,352.77,356.1,4151000.0,0.0491358901515151,10.5,0.2,0.019
1996-08-08,359.42,363.08,353.1,359.09,1181500.0,0.0139855587121212,10.7,0.09,0.0084
1996-08-09,354.43,359.43,348.78,351.44,1255400.0,0.0148603219696969,10.79,-0.23,-0.0213
1996-08-12,354.45,362.77,352.78,356.11,1057700.0,0.0125201231060606,10.56,0.14,0.0133
1996-08-13,356.11,356.11,347.79,349.45,827800.0,0.0097987689393939,10.7,-0.2,-0.0187
1996-08-14,347.78,352.44,343.46,344.46,676600.0,0.0080089962121212,10.5,-0.15,-0.0143
1996-08-15,344.47,352.79,341.14,342.8,534500.0,0.0063269412878787,10.35,-0.05,-0.0048
1996-08-16,341.13,344.45,333.8,337.8,1014100.0,0.0120040246212121,10.3,-0.15,-0.0146
1996-08-19,336.13,338.79,316.49,326.14,536300.0,0.0063482481060606,10.15,-0.35,-0.0345
1996-08-20,325.47,325.47,318.81,320.14,779900.0,0.0092317708333333,9.8,-0.18,-0.0184
1996-08-21,326.13,339.45,326.13,336.12,1274300.0,0.015084043560606,9.62,0.48,0.0499
1996-08-22,335.45,342.77,323.13,325.46,772800.0,0.0091477272727272,10.1,-0.32,-0.0317
1996-08-23,329.46,332.46,316.15,322.14,1121300.0,0.0132729640151515,9.78,-0.1,-0.0102
1996-08-26,318.48,318.48,305.83,307.16,743600.0,0.0088020833333333,9.68,-0.45,-0.0465
1996-08-27,303.83,312.15,300.51,311.16,602600.0,0.0071330492424242,9.23,0.12,0.013
1996-08-28,314.48,316.14,307.82,314.14,1113900.0,0.0131853693181818,9.35,0.09,0.0096
1996-08-29,312.81,322.13,302.17,317.47,305200.0,0.0036126893939393,9.44,0.1,0.0106
1996-08-30,319.46,334.43,319.46,328.78,595600.0,0.0070501893939393,9.54,0.34,0.0356
1996-09-02,328.79,330.12,317.81,319.47,651800.0,0.0077154356060606,9.88,-0.28,-0.0283
1996-09-03,322.79,327.79,317.47,318.8,531900.0,0.0062961647727272,9.6,-0.02,-0.0021
1996-09-04,317.8,323.79,314.47,321.13,335800.0,0.0039749053030303,9.58,0.07,0.0073
1996-09-05,322.8,332.12,317.81,322.8,991200.0,0.0117329545454545,9.65,0.05,0.0052
1996-09-06,321.14,324.47,310.16,312.82,338500.0,0.004006865530303,9.7,-0.3,-0.0309
1996-09-09,312.82,312.82,304.83,306.16,342400.0,0.0040530303030303,9.4,-0.2,-0.0213
1996-09-10,305.5,305.5,295.85,296.18,472900.0,0.0055977746212121,9.2,-0.3,-0.0326
1996-09-11,295.19,301.18,293.19,300.18,261300.0,0.0030930397727272,8.9,0.12,0.0135
1996-09-12,309.49,316.15,295.51,296.85,394500.0,0.0046697443181818,9.02,-0.1,-0.0111
1996-09-13,299.52,304.51,289.53,304.18,255400.0,0.0030232007575757,8.92,0.22,0.0247
1996-09-16,302.83,303.5,292.85,296.18,266600.0,0.0031557765151515,9.14,-0.24,-0.0263
1996-09-17,302.82,302.82,294.5,299.49,249800.0,0.0029569128787878,8.9,0.1,0.0112
1996-09-18,296.16,299.48,290.17,291.5,215700.0,0.0025532670454545,9.0,-0.24,-0.0267
1996-09-19,289.51,294.5,288.84,292.17,163900.0,0.0019401041666666,8.76,0.02,0.0023
1996-09-20,293.16,304.47,291.16,303.48,299500.0,0.0035452178030303,8.78,0.34,0.0387
1996-09-23,306.14,315.79,299.49,315.13,811500.0,0.0096058238636363,9.12,0.35,0.0384
1996-09-24,317.79,328.44,312.14,314.47,1076200.0,0.0127391098484848,9.47,-0.02,-0.0021
1996-09-25,314.81,319.14,301.17,305.16,543000.0,0.0064275568181818,9.45,-0.28,-0.0296
1996-09-26,305.5,311.16,303.17,306.5,585300.0,0.0069282670454545,9.17,0.04,0.0044
1996-09-27,309.82,315.48,306.49,312.82,612500.0,0.0072502367424242,9.21,0.19,0.0206
1996-10-03,316.16,319.49,306.51,310.5,952400.0,0.0112736742424242,9.4,-0.07,-0.0074
1996-10-04,314.84,314.84,308.51,310.84,371100.0,0.0043927556818181,9.33,0.01,0.0011
1996-10-07,311.16,312.16,303.51,305.84,367500.0,0.0043501420454545,9.34,-0.15,-0.0161
1996-10-08,305.51,317.82,305.51,311.5,436100.0,0.005162168560606,9.19,0.17,0.0185
1996-10-09,312.84,313.5,304.19,304.52,416700.0,0.0049325284090909,9.36,-0.21,-0.0224
1996-10-10,306.52,315.84,305.52,314.51,784700.0,0.0092885890151515,9.15,0.3,0.0328
1996-10-11,317.84,326.16,315.18,323.5,1643000.0,0.0194483901515151,9.45,0.27,0.0286
1996-10-14,331.15,342.13,325.49,341.13,2516100.0,0.0297833806818181,9.72,0.53,0.0545
1996-10-15,341.12,341.12,324.48,331.14,1427100.0,0.0168927556818181,10.25,-0.3,-0.0293
1996-10-16,336.46,342.12,315.5,324.48,1321900.0,0.015647490530303,9.95,-0.2,-0.0201
1996-10-17,323.5,327.82,317.84,327.82,767800.0,0.0090885416666666,9.75,0.1,0.0103
1996-10-18,327.81,332.14,315.5,315.5,1101600.0,0.0130397727272727,9.85,-0.37,-0.0376
1996-10-21,315.5,322.82,314.16,322.82,1056100.0,0.0125011837121212,9.48,0.22,0.0232
1996-10-22,316.17,325.49,312.84,318.17,1205500.0,0.0142696496212121,9.7,-0.14,-0.0144
1996-10-23,324.48,351.11,321.49,348.78,5868900.0,0.0694708806818181,9.56,0.92,0.0962
1996-10-24,352.79,356.11,338.81,341.14,2711500.0,0.0320963541666666,10.48,-0.23,-0.0219
1996-10-25,341.13,395.38,332.81,372.08,9366900.0,0.1108771306818181,10.25,0.93,0.0907
1996-10-28,366.77,392.73,366.44,381.08,7093200.0,0.0839630681818181,11.18,0.27,0.0242
1996-10-29,392.05,392.72,369.42,374.41,6162500.0,0.0729462594696969,11.45,-0.2,-0.0175
1996-10-30,377.72,388.04,342.78,346.11,4979800.0,0.0589464962121212,11.25,-0.85,-0.0756
1996-10-31,352.76,364.41,336.45,347.77,2907200.0,0.0344128787878787,10.4,0.05,0.0048
1996-11-01,335.46,341.12,319.49,327.81,2997100.0,0.0354770359848484,10.45,-0.6,-0.0574
1996-11-04,331.13,341.11,324.8,337.12,1559300.0,0.0184576231060606,9.85,0.28,0.0284
1996-11-05,342.1,349.09,325.46,328.79,2417700.0,0.0286186079545454,10.13,-0.25,-0.0247
1996-11-06,328.78,332.77,323.45,332.77,917600.0,0.0108617424242424,9.88,0.12,0.0121
1996-11-07,336.1,339.42,326.11,332.1,621100.0,0.0073520359848484,10.0,-0.02,-0.002
1996-11-08,328.78,339.42,327.78,332.44,730000.0,0.0086410984848484,9.98,0.01,0.001
1996-11-11,332.77,341.08,331.1,335.43,634700.0,0.0075130208333333,9.99,0.09,0.009
1996-11-12,336.77,344.42,332.11,336.77,1077800.0,0.0127580492424242,10.08,0.04,0.004
1996-11-13,341.1,352.41,336.44,351.08,2730900.0,0.0323259943181818,10.12,0.43,0.0425
1996-11-14,353.75,372.39,351.76,362.74,4983400.0,0.0589891098484848,10.55,0.35,0.0332
1996-11-15,362.08,367.74,347.77,354.76,2528200.0,0.0299266098484848,10.9,-0.24,-0.022
1996-11-18,356.42,385.38,356.09,382.71,6289100.0,0.0744448390151515,10.66,0.84,0.0788
1996-11-19,392.7,392.7,369.41,377.39,6000900.0,0.0710333806818181,11.5,-0.16,-0.0139
1996-11-20,366.07,382.05,364.41,375.39,3330000.0,0.0394176136363636,11.34,-0.06,-0.0053
1996-11-21,388.7,425.31,376.72,377.72,15143000.0,0.1792495265151515,11.28,0.07,0.0062
1996-11-22,366.74,379.38,352.76,379.38,4914600.0,0.0581747159090909,11.35,0.05,0.0044
1996-11-25,382.71,428.63,382.71,425.97,13150100.0,0.1556593276515151,11.4,1.4,0.1228
1996-11-26,433.61,439.26,401.0,409.31,10363300.0,0.1226716382575757,12.8,-0.5,-0.0391
1996-11-27,409.33,415.98,399.34,406.0,4149600.0,0.0491193181818181,12.3,-0.1,-0.0081
1996-11-28,412.66,414.32,398.68,399.02,3312000.0,0.0392045454545454,12.2,-0.21,-0.0172
1996-11-29,399.35,412.67,399.35,408.67,3281400.0,0.0388423295454545,11.99,0.29,0.0242
1996-12-02,409.33,441.94,409.33,439.28,5371300.0,0.0635807291666666,12.28,0.92,0.0749
1996-12-03,443.59,455.9,405.32,419.29,6384000.0,0.0755681818181818,13.2,-0.6,-0.0455
1996-12-04,421.94,437.58,415.95,427.6,3733400.0,0.0441927083333333,12.6,0.25,0.0198
1996-12-05,439.26,443.92,420.96,431.27,3865600.0,0.0457575757575757,12.85,0.11,0.0086
1996-12-06,430.96,445.93,424.63,442.27,5644500.0,0.0668146306818181,12.96,0.33,0.0255
1996-12-09,454.92,475.22,452.92,462.57,7742000.0,0.0916429924242424,13.29,0.61,0.0459
1996-12-10,455.9,455.9,432.94,442.59,5093800.0,0.060295928030303,13.9,-0.6,-0.0432
1996-12-11,436.27,448.58,432.61,442.59,3779600.0,0.0447395833333333,13.3,0.0,0.0
1996-12-12,445.91,451.9,409.31,409.31,3095800.0,0.0366453598484848,13.3,-1.0,-0.0752
1996-12-13,409.31,425.95,392.68,396.0,2928800.0,0.0346685606060606,12.3,-0.4,-0.0325
1996-12-16,356.4,356.4,356.4,356.4,437800.0,0.0051822916666666,11.9,-1.19,-0.1
1996-12-17,320.8,342.76,320.8,320.8,2932700.0,0.0347147253787878,10.71,-1.07,-0.0999
1996-12-18,306.48,346.08,306.48,346.08,2742400.0,0.0324621212121212,9.64,0.76,0.0788
1996-12-19,341.74,341.74,311.46,312.13,2362200.0,0.0279616477272727,10.4,-1.02,-0.0981
1996-12-20,310.12,332.75,299.81,312.78,2491000.0,0.0294862689393939,9.38,0.02,0.0021
1996-12-23,319.43,325.08,314.77,316.1,1727900.0,0.0204533617424242,9.4,0.1,0.0106
1996-12-24,319.43,321.76,301.13,309.11,912200.0,0.0107978219696969,9.5,-0.21,-0.0221
1996-12-25,304.46,324.1,302.8,319.44,1420700.0,0.0168169981060606,9.29,0.31,0.0334
1996-12-26,319.44,324.43,314.45,324.1,861800.0,0.010201231060606,9.6,0.14,0.0146
1996-12-27,323.75,328.75,313.44,322.09,702400.0,0.0083143939393939,9.74,-0.06,-0.0062
1996-12-30,325.43,332.42,319.77,329.76,1698000.0,0.0200994318181818,9.68,0.23,0.0238
1996-12-31,329.42,329.42,318.77,319.44,1476000.0,0.0174715909090909,9.91,-0.31,-0.0313
1997-01-02,322.77,326.1,313.45,316.11,450100.0,0.0053278882575757,9.6,-0.1,-0.0104
1997-01-03,326.1,334.75,318.11,320.44,1784900.0,0.0211280776515151,9.5,0.13,0.0137
1997-01-06,316.11,320.43,310.45,313.78,507900.0,0.0060120738636363,9.63,-0.2,-0.0208
1997-01-07,312.77,323.42,309.78,319.43,359000.0,0.0042495265151515,9.43,0.17,0.018
1997-01-08,316.76,321.08,312.76,316.42,310600.0,0.0036766098484848,9.6,-0.09,-0.0094
1997-01-09,319.42,327.74,319.42,323.42,324400.0,0.0038399621212121,9.51,0.21,0.0221
1997-01-10,321.08,325.41,321.08,324.74,400000.0,0.0047348484848484,9.72,0.04,0.0041
1997-01-13,323.06,327.06,322.73,325.39,596400.0,0.007059659090909,9.76,0.02,0.002
1997-01-14,325.39,326.05,314.41,316.74,281700.0,0.0033345170454545,9.78,-0.26,-0.0266
1997-01-15,316.09,320.08,316.09,319.75,386200.0,0.0045714962121212,9.52,0.09,0.0095
1997-01-16,317.76,321.08,316.43,318.76,311100.0,0.0036825284090909,9.61,-0.03,-0.0031
1997-01-17,317.74,319.41,316.41,319.07,298600.0,0.0035345643939393,9.58,0.01,0.001
1997-01-20,317.75,322.08,316.09,320.41,358800.0,0.004247159090909,9.59,0.04,0.0042
1997-01-21,320.76,326.42,319.43,326.09,697600.0,0.0082575757575757,9.63,0.17,0.0177
1997-01-22,325.74,331.06,319.75,330.06,569700.0,0.0067436079545454,9.8,0.12,0.0122
1997-01-23,329.41,331.08,325.42,328.08,449900.0,0.0053255208333333,9.92,-0.06,-0.006
1997-01-24,326.1,352.05,322.1,341.4,1616100.0,0.019129971590909,9.86,0.4,0.0406
1997-01-27,339.4,340.74,329.42,333.41,916500.0,0.010848721590909,10.26,-0.24,-0.0234
1997-01-28,332.75,335.41,326.42,332.08,472000.0,0.0055871212121212,10.02,-0.04,-0.004
1997-01-29,330.75,333.41,328.09,331.08,689300.0,0.0081593276515151,9.98,-0.03,-0.003
1997-01-30,329.42,334.41,328.75,332.08,601700.0,0.0071223958333333,9.95,0.03,0.003
1997-01-31,330.42,335.42,324.77,326.76,985500.0,0.0116654829545454,9.98,-0.16,-0.016
1997-02-17,332.42,333.42,326.77,332.09,474400.0,0.0056155303030303,9.82,0.16,0.0163
1997-02-18,329.42,351.05,299.47,302.47,2072300.0,0.0245300662878787,9.98,-0.89,-0.0892
1997-02-19,307.12,327.75,307.12,327.75,882700.0,0.0104486268939393,9.09,0.76,0.0836
1997-02-20,295.13,332.07,295.13,328.74,2446100.0,0.0289547821969696,9.85,0.03,0.003
1997-02-21,331.06,346.04,326.07,342.71,3598600.0,0.0425970643939393,9.88,0.42,0.0425
1997-02-24,345.36,349.36,334.38,336.71,1973400.0,0.023359375,10.3,-0.18,-0.0175
1997-02-25,336.7,351.34,334.37,344.02,1565000.0,0.0185250946969696,10.12,0.22,0.0217
1997-02-26,344.35,348.68,342.02,342.02,1060100.0,0.0125485321969696,10.34,-0.06,-0.0058
1997-02-27,344.7,348.69,335.38,337.71,1114000.0,0.013186553030303,10.28,-0.13,-0.0126
1997-02-28,337.72,359.35,330.4,356.36,2403000.0,0.0284446022727272,10.15,0.56,0.0552
1997-03-03,357.67,365.66,353.68,362.66,2918600.0,0.0345478219696969,10.71,0.19,0.0177
1997-03-04,362.67,380.63,349.36,373.98,4080700.0,0.048303740530303,10.9,0.34,0.0312
1997-03-05,372.66,374.32,355.36,358.68,2191300.0,0.0259386837121212,11.24,-0.46,-0.0409
1997-03-06,356.02,372.65,350.03,366.0,1946600.0,0.0230421401515151,10.78,0.22,0.0204
1997-03-07,369.32,371.32,359.34,362.67,1485700.0,0.0175864109848484,11.0,-0.1,-0.0091
1997-03-10,356.36,375.33,356.36,369.67,2571100.0,0.0304344223484848,10.9,0.21,0.0193
1997-03-11,370.0,374.33,364.34,369.34,2628600.0,0.0311150568181818,11.11,-0.01,-0.0009
1997-03-12,369.66,381.97,369.66,378.98,3044600.0,0.0360392992424242,11.1,0.29,0.0261
1997-03-13,378.63,378.96,365.32,369.31,2243400.0,0.0265553977272727,11.39,-0.29,-0.0255
1997-03-14,365.98,372.64,359.33,369.31,1824600.0,0.0215980113636363,11.1,0.0,0.0
1997-03-17,382.61,389.27,372.96,377.62,3267000.0,0.038671875,11.1,0.25,0.0225
1997-03-18,379.28,415.54,379.28,408.89,8154800.0,0.096529356060606,11.35,0.94,0.0828
1997-03-19,419.22,441.84,415.89,417.56,8762000.0,0.103716856060606,12.29,0.26,0.0212
1997-03-20,429.18,432.51,414.54,423.19,6242000.0,0.0738873106060606,12.55,0.17,0.0135
1997-03-21,429.17,465.43,428.5,465.43,14734000.0,0.1744081439393939,12.72,1.27,0.0998
1997-03-24,482.06,498.03,465.76,472.41,12540200.0,0.1484398674242424,13.99,0.21,0.015
1997-03-25,472.4,513.98,466.08,505.67,13498600.0,0.1597845643939394,14.2,1.0,0.0704
1997-03-26,552.26,552.26,512.33,525.64,15769000.0,0.1866595643939393,15.2,0.6,0.0395
1997-03-27,532.29,533.62,512.33,521.65,6682600.0,0.0791027462121212,15.8,-0.12,-0.0076
1997-03-28,521.63,527.62,515.65,518.31,4441200.0,0.0525710227272727,15.68,-0.1,-0.0064
1997-03-31,517.31,530.28,514.98,522.3,3890100.0,0.0460475852272727,15.58,0.12,0.0077
1997-04-01,523.96,524.96,510.65,513.32,2642800.0,0.0312831439393939,15.7,-0.27,-0.0172
1997-04-02,507.3,517.28,495.0,505.31,1871700.0,0.0221555397727272,15.43,-0.24,-0.0156
1997-04-03,505.32,524.95,503.66,523.95,3054900.0,0.036161221590909,15.19,0.56,0.0369
1997-04-04,525.64,532.3,512.34,520.65,4476000.0,0.0529829545454545,15.75,-0.1,-0.0063
1997-04-07,522.65,549.6,522.65,547.93,7200600.0,0.085234375,15.65,0.82,0.0524
1997-04-08,548.27,548.6,525.65,528.98,4008700.0,0.0474514678030303,16.47,-0.57,-0.0346
1997-04-09,530.64,556.26,530.64,547.28,6964500.0,0.0824396306818181,15.9,0.55,0.0346
1997-04-10,540.6,545.59,528.96,532.28,3987700.0,0.0472028882575757,16.45,-0.45,-0.0274
1997-04-11,532.26,562.2,517.29,562.2,4709600.0,0.055748106060606,16.0,0.9,0.0562
1997-04-14,565.53,573.85,551.56,558.54,8001700.0,0.0947170928030303,16.9,-0.11,-0.0065
1997-04-15,558.87,575.5,557.21,565.19,6071400.0,0.0718678977272727,16.79,0.2,0.0119
1997-04-16,565.55,573.53,558.23,563.55,3726300.0,0.0441086647727272,16.99,-0.05,-0.0029
1997-04-17,562.22,562.55,550.58,553.24,2907000.0,0.0344105113636363,16.94,-0.31,-0.0183
1997-04-18,553.9,560.55,542.25,555.89,2340200.0,0.027701231060606,16.63,0.08,0.0048
1997-04-21,557.22,563.2,548.9,552.89,2797400.0,0.0331131628787878,16.71,-0.09,-0.0054
1997-04-22,555.55,558.87,548.89,555.55,2121900.0,0.0251171875,16.62,0.08,0.0048
1997-04-23,558.18,582.13,552.53,571.16,5409500.0,0.0640329071969696,16.7,0.47,0.0281
1997-04-24,565.51,597.11,555.87,590.46,5716900.0,0.0676716382575757,17.17,0.58,0.0338
1997-04-25,592.11,623.71,591.45,598.43,7365200.0,0.0871827651515151,17.75,0.24,0.0135
1997-04-28,615.39,628.69,598.76,605.08,5830200.0,0.0690127840909091,17.99,0.2,0.0111
1997-04-29,604.77,608.43,575.49,588.8,3739000.0,0.0442589962121212,18.19,-0.49,-0.0269
1997-04-30,592.13,615.41,592.13,608.76,3276300.0,0.0387819602272727,17.7,0.6,0.0339
1997-05-05,612.1,638.71,612.1,629.4,4610500.0,0.0545750473484848,18.3,0.62,0.0339
1997-05-06,633.72,648.03,625.4,638.71,4235300.0,0.0501337594696969,18.92,0.28,0.0148
1997-05-07,638.06,650.37,615.44,628.75,3805800.0,0.0450497159090909,19.2,-0.3,-0.0156
1997-05-08,632.07,635.4,568.86,588.82,4023400.0,0.0476254734848484,18.9,-1.2,-0.0635
1997-05-09,595.46,632.06,584.82,630.39,3810300.0,0.0451029829545454,17.7,1.25,0.0706
1997-05-12,641.35,645.34,625.38,632.03,4127900.0,0.0488624526515151,18.95,0.05,0.0026
1997-05-13,632.02,632.02,602.09,622.05,3104200.0,0.0367447916666666,19.0,-0.3,-0.0158
1997-05-14,618.74,618.74,587.14,592.13,2784900.0,0.0329651988636363,18.7,-0.9,-0.0481
1997-05-15,588.81,608.77,584.16,605.45,1948000.0,0.0230587121212121,17.8,0.4,0.0225
1997-05-16,545.58,594.82,544.92,557.56,3481500.0,0.0412109375,18.2,-1.44,-0.0791
1997-05-20,585.85,608.81,584.85,600.49,3104000.0,0.0367424242424242,16.76,1.29,0.077
1997-05-21,602.82,608.14,575.54,583.86,2021800.0,0.0239322916666666,18.05,-0.5,-0.0277
1997-05-22,530.64,561.58,525.65,525.65,2979500.0,0.0352687026515151,17.55,-1.75,-0.0997
1997-05-23,525.97,542.27,525.97,532.95,2515400.0,0.0297750946969696,15.8,0.22,0.0139
1997-05-26,526.99,529.65,479.61,487.6,1658200.0,0.0122676964962121,10.01,-0.85,-0.0851
1997-05-27,483.34,504.1,482.27,500.37,1441100.0,0.0106615471117424,9.16,0.24,0.0262
1997-05-28,500.35,500.35,482.25,486.51,1300000.0,0.0096176609848484,9.4,-0.26,-0.0277
1997-05-29,484.37,513.11,484.37,492.35,1284100.0,0.009500029592803,9.14,0.11,0.012
1997-05-30,495.0,507.77,489.68,505.64,927200.0,0.0068596117424242,9.25,0.25,0.027
1997-06-02,511.48,532.24,503.5,532.24,2120500.0,0.0156878847064393,9.5,0.5,0.0526
1997-06-03,532.24,585.46,530.64,585.46,5582600.0,0.0413011955492424,10.0,1.0,0.1
1997-06-04,612.09,643.49,609.43,619.54,14090000.0,0.1042406486742424,11.0,0.64,0.0582
1997-06-05,617.4,638.15,593.44,629.64,7172300.0,0.0530621152935606,11.64,0.19,0.0163
1997-06-06,572.18,617.43,569.52,595.07,9096100.0,0.0672947739109848,11.83,-0.65,-0.0549
1997-06-09,585.51,611.59,585.51,607.86,4502200.0,0.0333081794507575,11.18,0.24,0.0215
1997-06-10,612.1,617.42,569.52,576.44,2478600.0,0.0183371803977272,11.42,-0.59,-0.0517
1997-06-11,576.42,585.47,523.19,565.77,2818900.0,0.0208547881155303,10.83,-0.2,-0.0185
1997-06-12,563.62,569.47,537.01,542.86,1907700.0,0.0141135475852272,10.63,-0.43,-0.0405
1997-06-13,494.96,597.15,494.96,597.15,12206600.0,0.0903068773674242,10.2,1.02,0.1
1997-06-16,606.7,627.99,604.57,606.7,8885400.0,0.0657359730113636,11.22,0.18,0.016
1997-06-17,605.64,621.08,585.95,609.37,4360200.0,0.0322576349431818,11.4,0.05,0.0044
1997-06-18,612.03,620.01,598.73,601.39,2807900.0,0.0207734079071969,11.45,-0.15,-0.0131
1997-06-19,601.38,612.03,590.74,597.66,2814900.0,0.0208251953125,11.3,-0.07,-0.0062
1997-06-20,612.01,651.92,607.75,646.07,10908800.0,0.0807054924242424,11.23,0.91,0.081
1997-06-23,665.21,681.17,641.26,664.68,17476400.0,0.1292939157196969,12.14,0.35,0.0288
1997-06-24,666.26,682.76,658.81,681.16,7664700.0,0.0567049893465909,12.49,0.31,0.0248
1997-06-25,689.69,689.69,665.21,673.19,4669900.0,0.034548857717803,12.8,-0.15,-0.0117
1997-06-26,665.23,673.22,655.12,664.17,3747300.0,0.0277232776988636,12.65,-0.17,-0.0134
1997-06-27,665.22,669.48,623.71,630.63,5153500.0,0.0381266276041666,12.48,-0.63,-0.0505
1997-07-02,627.94,636.45,567.81,600.8,3259700.0,0.0241159150094696,11.85,-0.56,-0.0473
1997-07-03,593.34,593.34,558.75,570.46,2243800.0,0.0166000828598484,11.29,-0.57,-0.0505
1997-07-04,559.27,580.02,538.51,570.97,2083100.0,0.015411191998106,10.72,0.01,0.0009
1997-07-07,570.41,570.41,518.8,528.38,2030000.0,0.0150183475378787,10.73,-0.8,-0.0746
1997-07-08,521.48,548.09,511.37,548.09,1762700.0,0.0130408084753787,9.93,0.37,0.0373
1997-07-09,547.03,553.42,531.07,550.22,1094500.0,0.0080973307291666,10.3,0.04,0.0039
1997-07-10,548.1,564.06,534.8,543.84,1207800.0,0.008935546875,10.34,-0.12,-0.0116
1997-07-11,532.14,564.07,532.14,564.07,1464400.0,0.0108339251893939,10.22,0.38,0.0372
1997-07-14,564.09,577.93,548.13,574.73,2714200.0,0.0200801964962121,10.6,0.2,0.0189
1997-07-15,574.2,574.2,550.79,560.36,1744500.0,0.0129061612215909,10.8,-0.27,-0.025
1997-07-16,558.8,574.23,550.81,557.73,1529200.0,0.0113133285984848,10.53,-0.05,-0.0047
1997-07-17,548.14,569.43,542.82,566.77,1554000.0,0.0114968039772727,10.48,0.17,0.0162
1997-07-18,564.11,569.43,553.46,566.77,1413500.0,0.0104573567708333,10.65,0.0,0.0
1997-07-21,563.05,563.05,538.04,543.36,1438200.0,0.0106400923295454,10.65,-0.44,-0.0413
1997-07-22,540.16,557.72,524.19,550.8,1507800.0,0.0111550071022727,10.21,0.14,0.0137
1997-07-23,553.46,558.78,532.7,534.83,1356300.0,0.0100341796875,10.35,-0.3,-0.029
1997-07-24,540.14,564.08,535.88,542.8,1677800.0,0.0124127012310606,10.05,0.15,0.0149
1997-07-25,533.21,549.71,533.21,539.6,934600.0,0.0069143584280303,10.2,-0.06,-0.0059
1997-07-28,539.59,539.59,516.71,519.9,1031400.0,0.0076305042613636,10.14,-0.37,-0.0365
1997-07-29,516.2,526.84,502.9,518.86,1083100.0,0.0080129912405303,9.77,-0.02,-0.002
1997-07-30,518.84,538.53,518.84,538.53,838600.0,0.006204131155303,9.75,0.37,0.0379
1997-07-31,542.81,547.07,527.91,531.63,837200.0,0.0061937736742424,10.12,-0.13,-0.0128
1997-08-01,532.16,537.48,525.78,533.76,684300.0,0.005062588778409,9.99,0.04,0.004
1997-08-04,532.16,534.82,526.3,531.62,924300.0,0.0068381569602272,10.03,-0.04,-0.004
1997-08-05,535.34,554.5,532.15,541.73,1072300.0,0.0079330906723484,9.99,0.19,0.019
1997-08-06,538.0,544.92,526.3,526.83,719500.0,0.0053230054450757,10.18,-0.28,-0.0275
1997-08-07,521.51,537.47,516.72,537.47,757400.0,0.0056033972537878,9.9,0.2,0.0202
1997-08-08,543.35,543.35,530.57,534.3,901600.0,0.0066702178030303,10.1,-0.06,-0.0059
1997-08-11,537.47,537.47,510.86,516.19,1413100.0,0.0104543974905303,10.04,-0.34,-0.0339
1997-08-12,516.21,520.47,504.5,505.04,1226100.0,0.0090709339488636,9.7,-0.21,-0.0216
1997-08-13,504.52,516.23,484.29,486.96,825100.0,0.0061042554450757,9.49,-0.34,-0.0358
1997-08-14,486.98,505.61,486.98,505.61,827600.0,0.0061227509469696,9.15,0.35,0.0383
1997-08-15,505.63,505.63,482.21,485.94,820100.0,0.0060672644412878,9.5,-0.37,-0.0389
1997-08-18,486.99,486.99,468.36,471.02,812900.0,0.0060139973958333,9.13,-0.28,-0.0307
1997-08-19,472.6,504.0,472.6,487.51,669500.0,0.0049530954071969,8.85,0.31,0.035
1997-08-20,452.4,467.3,438.56,451.33,2235700.0,0.0165401574337121,9.16,-0.68,-0.0742
1997-08-21,452.39,465.16,451.85,460.9,1249500.0,0.0092440518465909,8.48,0.18,0.0212
1997-08-22,462.52,462.52,451.34,456.66,1032900.0,0.0076416015625,8.66,-0.08,-0.0092
1997-08-25,456.66,456.66,447.08,456.66,1183400.0,0.0087550307765151,8.58,0.0,0.0
1997-08-26,456.65,479.0,452.92,473.15,1339600.0,0.0099106297348484,8.58,0.31,0.0361
1997-08-27,473.16,475.82,461.98,472.63,849700.0,0.0062862511837121,8.89,-0.01,-0.0011
1997-08-28,473.14,491.77,469.95,489.64,1543200.0,0.0114169034090909,8.88,0.32,0.036
1997-08-29,489.65,502.95,486.99,502.42,1490800.0,0.0110292376893939,9.2,0.24,0.0261
1997-09-01,496.04,500.29,483.26,490.71,965800.0,0.0071451822916666,9.44,-0.22,-0.0233
1997-09-02,487.01,493.93,481.68,488.6,883100.0,0.0065333510890151,9.22,-0.04,-0.0043
1997-09-03,487.56,497.67,484.36,495.54,855800.0,0.0063313802083333,9.18,0.13,0.0142
1997-09-04,497.66,504.58,493.94,501.39,1148100.0,0.0084938742897727,9.31,0.11,0.0118
1997-09-05,499.25,500.32,487.54,492.87,720600.0,0.005331143465909,9.42,-0.16,-0.017
1997-09-08,492.35,492.88,483.3,491.29,883100.0,0.0065333510890151,9.26,-0.03,-0.0032
1997-09-09,489.7,505.67,487.57,488.64,1066500.0,0.0078901811079545,9.23,-0.05,-0.0054
1997-09-10,484.38,498.21,484.38,493.42,624000.0,0.0046164772727272,9.18,0.09,0.0098
1997-09-11,493.41,503.53,482.24,485.43,919700.0,0.0068041252367424,9.27,-0.15,-0.0162
1997-09-12,488.62,493.41,465.73,468.39,688200.0,0.0050914417613636,9.12,-0.32,-0.0351
1997-09-15,474.27,477.99,456.7,460.43,614800.0,0.0045484138257575,8.8,-0.15,-0.017
1997-09-16,460.43,468.42,460.43,464.16,402200.0,0.0029755563446969,8.65,0.07,0.0081
1997-09-17,464.14,468.4,455.09,457.75,304400.0,0.002252012310606,8.72,-0.12,-0.0138
1997-09-18,457.76,463.08,452.44,455.1,363900.0,0.0026922052556818,8.6,-0.05,-0.0058
1997-09-19,457.78,462.03,455.65,460.97,292500.0,0.0021639737215909,8.55,0.11,0.0129
1997-09-22,471.6,471.6,431.68,435.94,533800.0,0.0039491595643939,8.66,-0.47,-0.0543
1997-09-23,435.42,444.47,404.54,412.53,1054800.0,0.0078036221590909,8.19,-0.44,-0.0537
1997-09-24,430.08,440.73,425.82,438.06,792800.0,0.005865293560606,7.75,0.48,0.0619
1997-09-25,439.14,444.99,429.02,433.81,667800.0,0.004940518465909,8.23,-0.08,-0.0097
1997-09-26,433.82,436.48,424.77,435.42,482900.0,0.0035725911458333,8.15,0.03,0.0037
1997-09-29,436.5,436.5,418.93,420.53,318600.0,0.0023570667613636,8.18,-0.28,-0.0342
1997-09-30,421.06,425.85,420.53,425.32,236700.0,0.0017511541193181,7.9,0.09,0.0114
1997-10-06,420.55,430.13,420.55,426.94,219600.0,0.0016246448863636,7.99,0.03,0.0038
1997-10-07,420.57,428.55,418.44,424.29,107200.0,0.0007930871212121,8.02,-0.05,-0.0062
1997-10-08,440.79,461.02,430.14,453.57,832000.0,0.006155303030303,7.97,0.55,0.069
1997-10-09,455.17,460.49,438.66,445.59,529600.0,0.0039180871212121,8.52,-0.15,-0.0176
1997-10-10,442.39,449.85,442.39,446.12,204800.0,0.0015151515151515,8.37,0.01,0.0012
1997-10-13,445.57,445.57,433.33,435.46,255600.0,0.0018909801136363,8.38,-0.2,-0.0239
1997-10-14,433.87,447.18,426.42,446.65,350000.0,0.0025893702651515,8.18,0.21,0.0257
1997-10-15,444.53,449.86,437.61,441.87,196400.0,0.0014530066287878,8.39,-0.09,-0.0107
1997-10-16,444.53,456.77,442.93,454.11,679100.0,0.0050241181344696,8.3,0.23,0.0277
1997-10-17,457.85,467.44,455.19,466.37,1055700.0,0.0078102805397727,8.53,0.23,0.027
1997-10-20,479.16,483.42,463.19,474.9,1430600.0,0.0105838660037878,8.76,0.16,0.0183
1997-10-21,473.85,473.85,463.2,466.93,656200.0,0.0048546993371212,8.92,-0.15,-0.0168
1997-10-22,468.0,497.81,458.95,481.31,1918600.0,0.0141941879734848,8.77,0.27,0.0308
1997-10-23,484.51,510.07,468.54,496.76,3594900.0,0.026595791903409,9.04,0.29,0.0321
1997-10-24,495.16,521.79,491.44,506.35,2925500.0,0.0216434363162878,9.33,0.18,0.0193
1997-10-27,514.34,553.74,514.34,553.74,5825000.0,0.0430945194128787,9.51,0.89,0.0936
1997-10-28,557.47,559.07,510.08,516.47,3800200.0,0.0281146425189393,10.4,-0.7,-0.0673
1997-10-29,506.87,520.71,497.82,515.39,1863300.0,0.0137850674715909,9.7,-0.02,-0.0021
1997-10-30,526.03,527.63,498.35,499.41,1706400.0,0.0126242897727272,9.68,-0.3,-0.031
1997-10-31,489.83,504.74,481.84,499.41,1018600.0,0.0075358072916666,9.38,0.0,0.0
1997-11-03,491.93,500.45,486.08,489.27,592700.0,0.0043849135890151,9.38,-0.19,-0.0203
1997-11-04,490.34,494.6,487.68,489.81,432300.0,0.0031982421875,9.19,0.01,0.0011
1997-11-05,495.67,513.77,494.07,510.58,831300.0,0.0061501242897727,9.2,0.39,0.0424
1997-11-06,514.32,516.45,490.36,494.09,613800.0,0.004541015625,9.59,-0.31,-0.0323
1997-11-07,494.07,500.99,490.34,497.79,464300.0,0.0034349846117424,9.28,0.07,0.0075
1997-11-10,497.8,502.06,479.7,489.28,663200.0,0.0049064867424242,9.35,-0.16,-0.0171
1997-11-11,487.15,487.68,479.69,484.49,538800.0,0.0039861505681818,9.19,-0.09,-0.0098
1997-11-12,484.48,496.2,481.82,482.35,362400.0,0.0026811079545454,9.1,-0.04,-0.0044
1997-11-13,479.17,481.83,468.52,480.23,529400.0,0.0039166074810606,9.06,-0.04,-0.0044
1997-11-14,483.44,499.94,481.84,490.89,693800.0,0.005132871685606,9.02,0.2,0.0222
1997-11-17,497.79,497.79,479.16,479.16,354700.0,0.0026241418087121,9.22,-0.22,-0.0239
1997-11-18,479.15,487.67,479.15,480.21,280800.0,0.0020774147727272,9.0,0.02,0.0022
1997-11-19,480.2,480.74,473.28,475.41,289000.0,0.0021380800189393,9.02,-0.09,-0.01
1997-11-20,479.12,479.12,468.47,471.13,344900.0,0.0025516394412878,8.93,-0.08,-0.009
1997-11-21,471.14,472.74,463.16,463.69,467400.0,0.0034579190340909,8.85,-0.14,-0.0158
1997-11-24,453.03,457.82,439.19,440.78,530200.0,0.0039225260416666,8.71,-0.43,-0.0494
1997-11-25,438.66,447.18,432.28,446.12,341200.0,0.0025242660984848,8.28,0.1,0.0121
1997-11-26,446.11,453.56,446.11,451.96,241000.0,0.0017829663825757,8.38,0.11,0.0131
1997-11-27,451.96,452.49,436.52,437.59,346400.0,0.0025627367424242,8.49,-0.27,-0.0318
1997-11-28,438.14,447.19,436.54,446.12,287400.0,0.0021262428977272,8.22,0.16,0.0195
1997-12-01,441.88,444.54,436.55,440.81,248500.0,0.0018384528882575,8.38,-0.1,-0.0119
1997-12-02,441.87,447.19,439.21,441.87,143500.0,0.0010616418087121,8.28,0.02,0.0024
1997-12-03,441.89,449.88,436.57,436.57,183500.0,0.0013575698390151,8.3,-0.1,-0.012
1997-12-04,439.24,441.9,431.25,436.04,271800.0,0.002010830965909,8.2,-0.01,-0.0012
1997-12-05,437.66,440.85,436.06,437.66,300700.0,0.002224638967803,8.19,0.03,0.0037
1997-12-08,439.27,439.8,435.54,436.61,248700.0,0.001839932528409,8.22,-0.02,-0.0024
1997-12-09,436.63,443.02,435.56,440.89,335200.0,0.0024798768939393,8.2,0.08,0.0098
1997-12-10,442.48,451.0,440.89,447.81,261500.0,0.001934629498106,8.28,0.13,0.0157
1997-12-11,447.82,448.35,437.7,439.3,178500.0,0.0013205788352272,8.41,-0.16,-0.019
1997-12-12,440.88,446.2,439.81,441.41,232000.0,0.0017163825757575,8.25,0.04,0.0048
1997-12-15,440.35,440.35,433.97,439.29,392000.0,0.0029000946969696,8.29,-0.04,-0.0048
1997-12-16,439.3,447.28,436.1,447.28,435400.0,0.0032211766098484,8.25,0.15,0.0182
1997-12-17,443.57,443.57,431.33,432.39,358900.0,0.0026552142518939,8.4,-0.28,-0.0333
1997-12-18,428.65,435.57,425.98,431.31,477500.0,0.0035326408617424,8.12,-0.02,-0.0025
1997-12-19,436.62,437.15,428.63,433.42,376600.0,0.002786162405303,8.1,0.04,0.0049
1997-12-22,431.81,431.81,415.83,424.88,803500.0,0.0059444543087121,8.14,-0.16,-0.0197
1997-12-23,425.97,433.42,420.11,426.5,533200.0,0.0039447206439393,7.98,0.03,0.0038
1997-12-24,431.29,432.35,421.71,425.43,451600.0,0.0033410274621212,8.01,-0.02,-0.0025
1997-12-25,423.28,425.95,420.62,423.82,582600.0,0.0043101917613636,7.99,-0.03,-0.0038
1997-12-26,425.93,436.58,424.33,431.78,659400.0,0.0048783735795454,7.96,0.15,0.0188
1997-12-29,435.5,449.87,434.43,440.29,671200.0,0.0049656723484848,8.11,0.16,0.0197
1997-12-30,439.22,442.41,433.89,435.49,534600.0,0.003955078125,8.27,-0.09,-0.0109
1997-12-31,436.56,467.44,436.56,463.71,2520600.0,0.0186479048295454,8.18,0.53,0.0648
1998-01-05,468.5,495.12,468.5,477.02,2348400.0,0.0173739346590909,8.71,0.25,0.0287
1998-01-06,481.8,484.46,468.49,478.07,1179000.0,0.0087224786931818,8.96,0.02,0.0022
1998-01-07,479.15,481.81,471.17,476.49,1012100.0,0.0074877189867424,8.98,-0.03,-0.0033
1998-01-08,478.63,479.16,463.19,466.91,847600.0,0.0062707149621212,8.95,-0.18,-0.0201
1998-01-09,466.91,466.91,458.4,464.25,1054200.0,0.0077991832386363,8.77,-0.05,-0.0057
1998-01-12,473.83,498.32,472.76,487.14,2240500.0,0.0165756687973484,8.72,0.43,0.0493
1998-01-13,481.82,481.82,438.7,458.4,1860100.0,0.0137613932291666,9.15,-0.54,-0.059
1998-01-14,472.78,504.19,463.73,504.19,2864500.0,0.0211921460700757,8.61,0.86,0.0999
1998-01-15,510.04,512.71,486.62,500.46,2445600.0,0.0180930397727272,9.47,-0.07,-0.0074
1998-01-16,503.12,508.45,490.35,494.61,1353400.0,0.010012724905303,9.4,-0.11,-0.0117
1998-01-19,500.46,505.79,492.48,494.61,971900.0,0.0071903113162878,9.29,0.0,0.0
1998-01-20,495.11,496.71,483.4,484.47,667100.0,0.0049353397253787,9.29,-0.19,-0.0205
1998-01-21,488.73,495.12,484.47,486.07,622800.0,0.0046075994318181,9.1,0.03,0.0033
1998-01-22,488.72,498.3,479.13,494.57,838800.0,0.0062056107954545,9.13,0.16,0.0175
1998-01-23,497.79,500.45,485.54,488.74,770300.0,0.0056988340435606,9.29,-0.11,-0.0118
1998-02-09,502.07,502.07,486.63,490.89,1001000.0,0.0074055989583333,9.18,0.04,0.0044
1998-02-10,489.82,513.24,481.83,494.08,1408300.0,0.0104188861268939,9.22,0.06,0.0065
1998-02-11,500.49,508.48,496.76,504.75,1397600.0,0.0103397253787878,9.28,0.2,0.0216
1998-02-12,506.33,510.05,489.29,492.48,996400.0,0.0073715672348484,9.48,-0.23,-0.0243
1998-02-13,495.16,497.83,482.92,485.05,893700.0,0.0066117720170454,9.25,-0.14,-0.0151
1998-02-16,487.2,487.73,471.23,473.36,859700.0,0.0063602331912878,9.11,-0.22,-0.0241
1998-02-17,473.87,477.06,466.41,476.53,592700.0,0.0043849135890151,8.89,0.06,0.0067
1998-02-18,483.46,486.12,473.87,479.2,611500.0,0.0045239997632575,8.95,0.05,0.0056
1998-02-19,479.19,495.16,474.93,494.63,799500.0,0.0059148615056818,9.0,0.29,0.0322
1998-02-20,495.16,497.82,482.38,483.45,574200.0,0.004248046875,9.29,-0.21,-0.0226
1998-02-23,479.19,492.5,473.86,484.51,913300.0,0.0067567767518939,9.08,0.02,0.0022
1998-02-24,483.98,489.84,479.19,486.64,592900.0,0.0043863932291666,9.1,0.04,0.0044
1998-02-25,486.63,487.16,473.85,474.38,431700.0,0.0031938032670454,9.14,-0.23,-0.0252
1998-02-26,472.76,484.48,470.63,475.42,537400.0,0.0039757930871212,8.91,0.02,0.0022
1998-02-27,479.17,515.38,475.45,503.66,4855300.0,0.0359204841382575,8.93,0.53,0.0594
1998-03-02,505.79,540.4,481.83,492.48,6237800.0,0.046148496685606,9.46,-0.21,-0.0222
1998-03-03,484.49,495.14,473.84,489.28,1470700.0,0.0108805338541666,9.25,-0.06,-0.0065
1998-03-04,492.48,493.01,477.57,480.77,1123300.0,0.0083103989109848,9.19,-0.16,-0.0174
1998-03-05,481.85,497.82,481.85,485.58,591400.0,0.0043752959280303,9.03,0.09,0.01
1998-03-06,490.36,493.55,479.18,481.84,531800.0,0.0039343631628787,9.12,-0.07,-0.0077
1998-03-09,484.52,484.52,472.81,477.6,817800.0,0.0060502485795454,9.05,-0.08,-0.0088
1998-03-10,478.13,479.2,467.48,473.87,606400.0,0.0044862689393939,8.97,-0.07,-0.0078
1998-03-11,471.2,472.8,463.21,465.34,765700.0,0.0056648023200757,8.9,-0.16,-0.018
1998-03-12,463.19,465.32,455.74,456.27,566700.0,0.0041925603693181,8.74,-0.17,-0.0195
1998-03-13,456.25,463.71,453.59,458.91,453100.0,0.0033521247632575,8.57,0.05,0.0058
1998-03-16,460.52,467.44,454.13,465.84,405800.0,0.0030021898674242,8.62,0.13,0.0151
1998-03-17,465.85,471.17,457.86,463.19,465500.0,0.0034438624526515,8.75,-0.05,-0.0057
1998-03-18,464.27,465.87,457.89,458.42,431000.0,0.0031886245265151,8.7,-0.09,-0.0103
1998-03-19,456.3,483.46,454.71,475.47,1158500.0,0.0085708155776515,8.61,0.32,0.0372
1998-03-20,484.5,499.95,478.12,484.5,1790000.0,0.0132427793560606,8.93,0.17,0.019
1998-03-23,483.43,489.82,471.72,472.78,677200.0,0.0050100615530303,9.1,-0.22,-0.0242
1998-03-24,472.77,481.82,472.24,479.16,471900.0,0.0034912109375,8.88,0.12,0.0135
1998-03-25,489.79,497.77,483.4,490.85,1568500.0,0.0116040778882575,9.0,0.22,0.0244
1998-03-26,491.39,497.78,484.47,484.47,690300.0,0.0051069779829545,9.22,-0.12,-0.013
1998-03-27,479.16,505.78,479.16,499.93,2140100.0,0.0158328894412878,9.1,0.29,0.0319
1998-03-30,503.1,520.67,498.31,508.43,2350500.0,0.0173894708806818,9.39,0.16,0.017
1998-03-31,511.11,511.11,495.67,497.8,1078200.0,0.0079767400568181,9.55,-0.2,-0.0209
1998-04-01,497.78,536.65,497.78,535.58,3276400.0,0.0242394649621212,9.35,0.71,0.0759
1998-04-02,540.38,585.63,540.38,553.69,13153400.0,0.0973114938446969,10.06,0.34,0.0338
1998-04-03,553.67,568.58,543.55,557.4,4229200.0,0.0312884706439393,10.4,0.07,0.0067
1998-04-06,564.31,574.95,545.67,559.51,3505900.0,0.0259373520359848,10.47,0.04,0.0038
1998-04-07,559.5,561.63,544.06,548.32,2259300.0,0.0167147549715909,10.51,-0.21,-0.02
1998-04-08,548.34,572.29,545.14,557.92,3659000.0,0.0270700165719696,10.3,0.18,0.0175
1998-04-09,557.9,564.29,523.3,529.69,3611200.0,0.0267163825757575,10.48,-0.53,-0.0506
1998-04-10,528.1,540.35,515.86,537.69,2160100.0,0.0159808534564393,9.95,0.15,0.0151
1998-04-13,543.01,547.27,517.99,521.72,1882800.0,0.0139293323863636,10.1,-0.3,-0.0297
1998-04-14,519.06,521.72,511.07,516.4,1173500.0,0.0086817885890151,9.8,-0.1,-0.0102
1998-04-15,516.4,537.7,515.34,526.52,1083700.0,0.0080174301609848,9.7,0.19,0.0196
1998-04-16,525.97,544.61,519.05,532.36,2117100.0,0.0156627308238636,9.89,0.11,0.0111
1998-04-17,531.3,532.36,513.73,515.33,1270500.0,0.0093994140625,10.0,-0.32,-0.032
1998-04-20,511.59,544.59,511.59,535.01,1921300.0,0.0142141631155303,9.68,0.37,0.0382
1998-04-21,535.53,544.58,527.01,532.34,1299200.0,0.0096117424242424,10.05,-0.05,-0.005
1998-04-22,532.87,557.89,531.27,556.29,3008700.0,0.0222589666193181,10.0,0.45,0.045
1998-04-23,558.95,563.21,548.84,552.56,2918500.0,0.0215916489109848,10.45,-0.07,-0.0067
1998-04-24,548.86,572.82,543.54,548.86,3481900.0,0.025759795217803,10.38,-0.07,-0.0067
1998-04-27,549.41,569.64,546.21,566.97,2869000.0,0.0212254379734848,10.31,0.34,0.033
1998-04-28,566.96,572.29,553.65,565.9,1983900.0,0.0146772904829545,10.65,-0.02,-0.0019
1998-04-29,566.99,569.65,544.63,545.7,1748300.0,0.0129342743844696,10.63,-0.38,-0.0357
1998-04-30,554.22,564.34,548.9,556.88,1674100.0,0.0123853278882575,10.25,0.21,0.0205
1998-05-04,561.67,564.33,543.04,548.36,1703700.0,0.0126043146306818,10.46,-0.16,-0.0153
1998-05-05,548.34,551.54,535.03,544.08,1344000.0,0.0099431818181818,10.3,-0.08,-0.0078
1998-05-06,543.02,564.32,536.63,558.99,2403500.0,0.0177815755208333,10.22,0.28,0.0274
1998-05-07,558.45,599.98,549.4,572.3,9423200.0,0.0697147253787878,10.5,0.25,0.0238
1998-05-08,579.24,629.81,575.51,629.81,16177700.0,0.1196858723958333,10.75,1.08,0.1005
1998-05-11,664.43,691.05,638.87,648.45,17222700.0,0.1274169921875,11.83,0.35,0.0296
1998-05-12,649.53,681.47,620.78,670.83,10258600.0,0.0758951822916666,12.18,0.42,0.0345
1998-05-13,676.15,737.91,676.15,737.91,15846100.0,0.1172326290246212,12.6,1.26,0.1
1998-05-14,760.26,786.88,732.05,748.02,17770200.0,0.1314675071022727,13.86,0.19,0.0137
1998-05-15,756.03,819.92,740.05,769.34,15967600.0,0.1181315104166666,14.05,0.4,0.0285
1998-05-18,777.29,804.98,749.61,760.26,8815700.0,0.0652203184185606,14.45,-0.17,-0.0118
1998-05-19,763.96,836.36,755.97,833.17,16118900.0,0.1192508581912878,14.28,1.37,0.0959
1998-05-20,833.16,873.09,815.6,852.33,15000100.0,0.1109737511837121,15.65,0.36,0.023
1998-05-21,852.88,865.12,836.38,845.43,6797600.0,0.0502900094696969,16.01,-0.13,-0.0081
1998-05-22,851.29,919.44,849.16,891.76,11236600.0,0.0831306226325757,15.88,0.87,0.0548
1998-05-25,921.01,962.54,896.52,922.61,13368800.0,0.0989050662878787,16.75,0.58,0.0346
1998-05-26,936.95,939.08,841.13,852.31,13878100.0,0.1026729699337121,17.33,-1.32,-0.0762
1998-05-27,846.41,893.79,841.62,892.2,9083700.0,0.0672030362215909,16.01,0.75,0.0468
1998-05-28,892.21,892.21,825.13,846.43,6460400.0,0.0477953361742424,16.76,-0.86,-0.0513
1998-05-29,846.43,860.27,801.18,818.75,10868100.0,0.080404385653409,15.9,-0.52,-0.0327
1998-06-01,809.67,812.33,779.86,784.11,6420500.0,0.0475001479640151,15.38,-0.65,-0.0423
1998-06-02,777.19,819.77,774.53,799.01,5182900.0,0.0383441347064393,14.73,0.28,0.019
1998-06-03,804.33,839.99,804.33,824.02,4243200.0,0.0313920454545454,15.01,0.47,0.0313
1998-06-04,825.12,877.29,791.05,802.76,3378000.0,0.0249911221590909,15.48,-0.4,-0.0258
1998-06-05,798.48,811.78,772.39,787.83,4036600.0,0.0298635771780303,15.08,-0.28,-0.0186
1998-06-08,790.53,803.84,777.75,788.93,2463800.0,0.0182276870265151,14.8,0.02,0.0014
1998-06-09,788.94,793.2,731.98,740.49,4233600.0,0.0313210227272727,14.82,-0.91,-0.0614
1998-06-10,738.92,753.29,686.75,694.73,5948700.0,0.0440096768465909,13.91,-0.86,-0.0618
1998-06-11,692.63,738.94,676.12,701.68,5030700.0,0.0372181285511363,13.05,0.13,0.01
1998-06-12,729.36,734.68,708.07,726.17,3284100.0,0.0242964311079545,13.18,0.46,0.0349
1998-06-15,724.03,724.03,689.96,697.41,2633200.0,0.0194809422348484,13.64,-0.54,-0.0396
1998-06-16,692.63,701.15,669.74,700.62,2587600.0,0.019143584280303,13.1,0.06,0.0046
1998-06-17,705.4,734.15,693.15,720.31,3407800.0,0.0252115885416666,13.16,0.37,0.0281
1998-06-18,725.61,760.21,724.54,760.21,6334900.0,0.0468668619791666,13.53,0.75,0.0554
1998-06-19,766.6,771.92,749.56,760.74,4307400.0,0.0318670099431818,14.28,0.01,0.0007
1998-06-23,760.21,781.5,739.98,747.96,2774000.0,0.0205226089015151,14.29,-0.24,-0.0168
1998-06-24,748.99,750.59,718.65,722.91,2828600.0,0.0209265506628787,14.05,-0.47,-0.0335
1998-06-25,718.63,733.54,693.08,702.66,2021400.0,0.0149547230113636,13.58,-0.38,-0.028
1998-06-26,708.02,737.3,692.05,730.91,2315100.0,0.0171275745738636,13.2,0.53,0.0402
1998-06-29,729.35,755.44,718.7,743.19,3520700.0,0.0260468454071969,13.73,0.23,0.0168
1998-06-30,743.18,749.57,706.98,714.43,1546000.0,0.0114376183712121,13.96,-0.54,-0.0387
1998-07-01,745.33,752.26,717.12,718.72,3724900.0,0.0275575580018939,13.42,0.08,0.006
1998-07-02,724.04,790.59,721.38,790.59,9651100.0,0.0714007753314393,13.5,1.35,0.1
1998-07-03,801.26,834.8,782.62,799.13,12118800.0,0.0896573153409091,14.85,0.16,0.0108
1998-07-06,803.93,816.7,766.66,770.92,4618100.0,0.0341656309185606,15.01,-0.53,-0.0353
1998-07-07,761.33,787.42,748.02,776.24,2819800.0,0.0208614464962121,14.48,0.1,0.0069
1998-07-08,779.95,782.08,757.06,768.24,1843400.0,0.0136378432765151,14.58,-0.15,-0.0103
1998-07-09,766.62,786.32,762.36,773.54,1698700.0,0.0125673236268939,14.43,0.1,0.0069
1998-07-10,771.94,784.18,760.76,773.0,2019800.0,0.0149428858901515,14.53,-0.01,-0.0007
1998-07-13,777.3,777.3,742.69,746.95,2588800.0,0.0191524621212121,14.52,-0.49,-0.0337
1998-07-14,747.99,753.31,710.72,714.98,4265600.0,0.0315577651515151,14.03,-0.6,-0.0428
1998-07-15,708.03,726.66,696.32,710.69,2031700.0,0.0150309244791666,13.43,-0.08,-0.006
1998-07-16,705.35,715.47,686.72,697.9,2835600.0,0.0209783380681818,13.35,-0.24,-0.018
1998-07-17,703.25,716.55,697.92,702.71,1265500.0,0.0093624230587121,13.11,0.09,0.0069
1998-07-20,697.41,697.41,652.7,661.75,1986100.0,0.0146935665246212,13.2,-0.77,-0.0583
1998-07-21,660.15,697.41,654.29,685.7,1344500.0,0.0099468809185606,12.43,0.45,0.0362
1998-07-22,686.75,690.48,660.13,664.92,916700.0,0.0067819306344696,12.88,-0.39,-0.0303
1998-07-23,665.45,685.15,663.32,674.5,744600.0,0.0055087002840909,12.49,0.18,0.0144
1998-07-24,673.96,712.82,670.77,698.98,1440200.0,0.0106548887310606,12.67,0.46,0.0363
1998-07-27,699.01,702.74,678.78,685.7,1228200.0,0.0090864701704545,13.13,-0.25,-0.019
1998-07-28,685.71,701.68,677.19,683.58,568400.0,0.004205137310606,12.88,-0.04,-0.0031
1998-07-29,683.55,695.8,681.42,685.15,640300.0,0.0047370679450757,12.84,0.03,0.0023
1998-07-30,685.12,689.91,673.41,675.01,854500.0,0.0063217625473484,12.87,-0.19,-0.0148
1998-07-31,676.09,690.99,666.51,671.3,866300.0,0.0064090613162878,12.68,-0.07,-0.0055
1998-08-03,678.74,681.94,668.1,670.76,697000.0,0.0051565459280303,12.61,-0.01,-0.0008
1998-08-04,670.74,670.74,644.65,651.04,2049600.0,0.0151633522727272,12.6,-0.37,-0.0294
1998-08-05,650.5,665.41,644.11,663.28,1028600.0,0.0076097892992424,12.23,0.23,0.0188
1998-08-06,665.4,665.4,643.04,644.11,1004900.0,0.0074344519412878,12.46,-0.36,-0.0289
1998-08-07,644.11,648.9,617.5,623.88,1820300.0,0.0134669448390151,12.1,-0.38,-0.0314
1998-08-10,617.52,617.52,588.24,592.5,1503400.0,0.0111224550189393,11.72,-0.59,-0.0503
1998-08-11,590.91,601.56,556.84,558.97,1129200.0,0.0083540482954545,11.13,-0.63,-0.0566
1998-08-12,563.25,573.9,543.55,561.65,1916400.0,0.0141779119318181,10.5,0.05,0.0048
1998-08-13,564.32,572.31,550.48,566.99,1213500.0,0.0089777166193181,10.55,0.1,0.0095
1998-08-14,566.46,566.46,530.79,531.32,1657400.0,0.012261777935606,10.65,-0.67,-0.0629
1998-08-17,526.01,556.35,506.84,527.07,2267400.0,0.0167746803977272,9.98,-0.08,-0.008
1998-08-18,521.77,556.91,516.97,546.26,1886200.0,0.0139544862689393,9.9,0.36,0.0364
1998-08-19,548.41,585.68,547.35,583.02,2208500.0,0.016338926373106,10.26,0.69,0.0673
1998-08-20,583.03,617.11,567.06,610.19,3932400.0,0.0290926846590909,10.95,0.51,0.0466
1998-08-21,605.9,612.29,585.67,605.37,2666800.0,0.019729521780303,11.46,-0.09,-0.0079
1998-08-24,601.63,609.62,588.85,589.39,1734800.0,0.0128343986742424,11.37,-0.3,-0.0264
1998-08-25,586.73,622.4,580.34,605.36,2570300.0,0.0190155954071969,11.07,0.3,0.0271
1998-08-26,602.69,614.93,586.72,589.38,1408300.0,0.0104188861268939,11.37,-0.3,-0.0264
1998-08-27,582.98,586.71,575.0,575.53,1016600.0,0.0075210108901515,11.07,-0.26,-0.0235
1998-08-28,569.64,581.89,553.67,561.66,1213500.0,0.0089777166193181,10.81,-0.26,-0.0241
1998-08-31,559.01,593.62,532.39,593.62,1785900.0,0.0132124467329545,10.55,0.6,0.0569
1998-09-01,585.66,604.29,572.35,585.13,1597900.0,0.0118215849905303,11.15,-0.16,-0.0143
1998-09-02,584.6,593.65,575.02,579.28,673500.0,0.0049826882102272,10.99,-0.11,-0.01
1998-09-03,572.33,601.61,572.33,586.17,934900.0,0.0069165778882575,10.88,0.13,0.0119
1998-09-04,588.27,605.31,588.27,595.72,1078500.0,0.0079789595170454,11.01,0.18,0.0163
1998-09-07,596.28,628.23,590.96,625.03,2282800.0,0.0168886126893939,11.19,0.55,0.0492
1998-09-08,625.05,628.24,602.15,604.28,1480800.0,0.0109552556818181,11.74,-0.39,-0.0332
1998-09-09,599.99,646.84,598.93,639.39,4773700.0,0.0353167909564393,11.35,0.66,0.0581
1998-09-10,638.85,673.45,632.99,652.69,5289700.0,0.0391342625473484,12.01,0.25,0.0208
1998-09-11,652.14,672.9,644.68,653.73,3029700.0,0.0224143288352272,12.26,0.02,0.0016
1998-09-14,669.7,708.03,660.12,691.0,4557100.0,0.0337143406723484,12.28,0.7,0.057
1998-09-15,697.38,717.61,668.1,672.89,4640900.0,0.0343343098958333,12.98,-0.34,-0.0262
1998-09-16,668.1,692.06,662.78,690.99,2897400.0,0.021435546875,12.64,0.34,0.0269
1998-09-17,700.07,760.23,692.09,760.23,17267000.0,0.1277447324810606,12.98,1.3,0.1002
1998-09-18,778.88,803.9,710.2,726.71,17492700.0,0.1294145063920454,14.28,-0.63,-0.0441
1998-09-21,717.65,753.32,705.4,720.31,6433500.0,0.0475963245738636,13.65,-0.12,-0.0088
1998-09-22,724.06,724.59,689.45,702.23,4431500.0,0.0327851266571969,13.53,-0.34,-0.0251
1998-09-23,703.8,713.38,670.79,678.78,3806400.0,0.0281605113636363,13.19,-0.44,-0.0334
1998-09-24,676.09,678.75,639.89,643.62,3706200.0,0.0274192116477272,12.75,-0.66,-0.0518
1998-09-25,643.63,680.37,643.63,674.51,2832500.0,0.0209554036458333,12.09,0.58,0.048
1998-09-28,676.11,678.78,654.82,660.14,1558100.0,0.0115271366003787,12.67,-0.27,-0.0213
1998-09-29,665.47,707.0,662.81,684.11,2941500.0,0.021761807528409,12.4,0.45,0.0363
1998-09-30,684.61,699.52,678.76,685.68,1753900.0,0.0129757043087121,12.85,0.03,0.0023
1998-10-05,692.07,700.05,685.68,694.73,1509500.0,0.0111675840435606,12.88,0.17,0.0132
1998-10-06,694.69,694.69,668.08,671.8,1375200.0,0.0101740056818181,13.05,-0.43,-0.033
1998-10-07,668.11,670.24,647.34,653.73,2130100.0,0.0157589074337121,12.62,-0.34,-0.0269
1998-10-08,654.79,665.43,652.66,665.43,1440800.0,0.0106593276515151,12.28,0.22,0.0179
1998-10-09,669.69,677.15,643.08,662.77,1563600.0,0.0115678267045454,12.5,-0.05,-0.004
1998-10-12,701.67,712.31,665.47,687.83,3356300.0,0.0248305812026515,12.45,0.47,0.0378
1998-10-13,687.84,700.62,665.48,676.13,2011200.0,0.0148792613636363,12.92,-0.22,-0.017
1998-10-14,682.49,686.75,665.98,682.49,1189200.0,0.008797940340909,12.7,0.12,0.0094
1998-10-15,686.76,732.01,686.23,717.64,8661300.0,0.0640780362215909,12.82,0.66,0.0515
1998-10-16,721.35,733.59,700.58,712.83,5386200.0,0.0398481889204545,13.48,-0.09,-0.0067
1998-10-19,715.99,751.12,715.99,730.36,6226000.0,0.0460611979166666,13.39,0.33,0.0246
1998-10-20,732.5,745.28,716.0,728.25,3930600.0,0.0290793678977272,13.72,-0.04,-0.0029
1998-10-21,729.34,734.66,697.4,698.46,4926100.0,0.0364442767518939,13.68,-0.56,-0.0409
1998-10-22,698.49,722.98,687.84,716.06,4267900.0,0.0315747810132575,13.12,0.33,0.0252
1998-10-23,717.69,738.99,702.78,703.32,3528400.0,0.0261038115530303,13.45,-0.24,-0.0178
1998-10-26,712.38,734.74,702.8,732.08,4825800.0,0.035702237215909,13.21,0.54,0.0409
1998-10-27,739.53,782.66,739.53,755.51,10546600.0,0.0780258641098484,13.75,0.44,0.032
1998-10-28,757.64,766.69,743.26,755.51,4168300.0,0.030837920217803,14.19,0.0,0.0
1998-10-29,761.37,764.04,713.99,720.38,5594400.0,0.0413884943181818,14.19,-0.66,-0.0465
1998-10-30,718.23,731.54,708.11,716.63,3212700.0,0.0237681995738636,13.53,-0.07,-0.0052
1998-11-02,718.24,725.69,708.65,717.71,1966100.0,0.0145456025094696,13.46,0.02,0.0015
1998-11-03,719.85,728.37,707.08,716.13,2065400.0,0.0152802438446969,13.48,-0.03,-0.0022
1998-11-04,720.41,736.92,712.42,723.07,1627400.0,0.0120398319128787,13.45,0.13,0.0097
1998-11-05,724.16,734.81,708.72,718.3,2851500.0,0.0210959694602272,13.58,-0.09,-0.0066
1998-11-06,719.36,760.36,719.36,739.06,6089400.0,0.0450506036931818,13.49,0.39,0.0289
1998-11-09,746.01,764.12,739.09,761.45,4636200.0,0.0342995383522727,13.88,0.42,0.0303
1998-11-10,755.06,781.69,741.75,761.45,6403800.0,0.0473765980113636,14.3,0.0,0.0
1998-11-11,761.43,766.76,737.47,740.13,4011600.0,0.0296786221590909,14.3,-0.4,-0.028
1998-11-12,740.11,755.55,721.47,727.33,4254600.0,0.0314763849431818,13.9,-0.24,-0.0173
1998-11-13,727.31,734.76,715.06,729.44,2370500.0,0.0175374348958333,13.66,0.04,0.0029
1998-11-16,729.44,734.76,708.14,713.46,3618000.0,0.026766690340909,13.7,-0.3,-0.0219
1998-11-17,713.48,726.8,712.95,717.74,1724200.0,0.0127559777462121,13.4,0.08,0.006
1998-11-18,716.13,718.79,692.17,696.43,3583700.0,0.0265129320549242,13.48,-0.4,-0.0297
1998-11-19,716.69,716.69,697.52,700.19,2113600.0,0.0156368371212121,13.08,0.07,0.0054
1998-11-20,705.52,711.91,698.6,701.8,1578000.0,0.0116743607954545,13.15,0.03,0.0023
1998-11-23,702.84,707.63,678.87,685.8,2205900.0,0.0163196910511363,13.18,-0.3,-0.0228
1998-11-24,681.51,711.86,680.45,709.73,2019900.0,0.0149436257102272,12.88,0.45,0.0349
1998-11-25,713.43,713.96,688.4,690.0,1361800.0,0.0100748697916666,13.33,-0.37,-0.0278
1998-11-26,686.81,700.12,681.48,686.27,1086500.0,0.008038145123106,12.96,-0.07,-0.0054
1998-11-27,686.31,695.36,683.11,687.37,803400.0,0.0059437144886363,12.89,0.02,0.0016
1998-11-30,691.11,692.18,671.94,679.4,1207600.0,0.0089340672348484,12.91,-0.15,-0.0116
1998-12-01,691.08,691.08,668.72,671.38,985100.0,0.0072879675662878,12.76,-0.15,-0.0118
1998-12-02,671.36,680.94,666.03,676.15,740300.0,0.0054768880208333,12.61,0.09,0.0071
1998-12-03,678.8,681.46,666.02,667.09,709700.0,0.0052505030776515,12.7,-0.17,-0.0134
1998-12-04,668.13,671.86,655.36,658.55,974900.0,0.0072125059185606,12.53,-0.16,-0.0128
1998-12-07,675.08,677.21,646.87,649.53,792500.0,0.0058630741003787,12.37,-0.17,-0.0137
1998-12-08,650.61,658.59,648.48,657.0,634900.0,0.0046971176609848,12.2,0.14,0.0115
1998-12-09,660.19,661.26,638.9,641.56,1747800.0,0.0129305752840909,12.34,-0.29,-0.0235
1998-12-10,641.56,644.22,626.65,630.91,1913400.0,0.0141557173295454,12.05,-0.2,-0.0166
1998-12-11,628.28,637.86,620.82,635.2,741600.0,0.0054865056818181,11.85,0.08,0.0068
1998-12-14,636.24,641.56,623.99,624.53,1052800.0,0.0077888257575757,11.93,-0.2,-0.0168
1998-12-15,622.93,632.51,609.62,624.53,899800.0,0.0066569010416666,11.73,0.0,0.0
1998-12-16,627.19,635.17,617.6,625.59,915200.0,0.0067708333333333,11.73,0.02,0.0017
1998-12-17,628.25,632.51,619.2,622.4,554400.0,0.0041015625,11.75,-0.06,-0.0051
1998-12-18,622.95,662.88,621.88,639.45,2412000.0,0.0178444602272727,11.69,0.32,0.0274
1998-12-21,639.46,652.24,638.93,649.04,669900.0,0.0049560546875,12.01,0.18,0.015
1998-12-22,649.02,665.53,649.02,662.87,1216200.0,0.0089976917613636,12.19,0.26,0.0213
1998-12-23,664.99,667.12,651.68,664.99,1632400.0,0.0120768229166666,12.45,0.04,0.0032
1998-12-24,660.2,682.03,645.29,665.52,1834600.0,0.0135727391098484,12.49,0.01,0.0008
1998-12-25,663.92,673.51,653.81,664.46,1183200.0,0.0087535511363636,12.5,-0.02,-0.0016
1998-12-28,664.46,668.18,649.55,663.92,721200.0,0.0053355823863636,12.48,-0.01,-0.0008
1998-12-29,662.87,662.87,642.1,660.21,899200.0,0.0066524621212121,12.47,-0.07,-0.0056
1998-12-30,653.31,676.21,644.79,673.54,2492500.0,0.0184400153882575,12.4,0.25,0.0202
1998-12-31,676.19,711.86,671.4,700.15,10667500.0,0.0789203065814393,12.65,0.5,0.0395
1999-01-04,692.18,713.48,686.85,696.44,3480600.0,0.0257501775568181,13.15,-0.07,-0.0053
1999-01-05,694.87,729.48,690.61,716.7,4890400.0,0.0361801609848484,13.08,0.38,0.0291
1999-01-06,721.52,744.41,709.8,711.4,7157600.0,0.0529533617424242,13.46,-0.1,-0.0074
1999-01-07,703.92,720.43,697.53,716.17,3538300.0,0.0261770537405303,13.36,0.09,0.0067
1999-01-08,718.84,726.83,708.19,713.52,3582000.0,0.0265003551136363,13.45,-0.05,-0.0037
1999-01-11,713.48,740.1,710.82,727.86,5210600.0,0.0385490648674242,13.4,0.27,0.0201
1999-01-12,727.88,738.53,710.84,715.63,3738400.0,0.0276574337121212,13.67,-0.23,-0.0168
1999-01-13,710.86,715.12,677.85,682.64,4370100.0,0.0323308771306818,13.44,-0.62,-0.0461
1999-01-14,680.48,694.86,670.37,681.55,2418900.0,0.0178955078125,12.82,-0.02,-0.0016
1999-01-15,682.08,691.14,669.84,670.37,1787900.0,0.0132272431344696,12.8,-0.21,-0.0164
1999-01-18,669.83,697.52,660.78,696.98,2091600.0,0.0154740767045454,12.59,0.5,0.0397
1999-01-19,698.05,701.77,672.49,689.53,1992800.0,0.0147431344696969,13.09,-0.14,-0.0107
1999-01-20,689.55,692.21,675.17,680.49,1387100.0,0.0102620442708333,12.95,-0.17,-0.0131
1999-01-21,680.49,691.67,662.92,686.35,2043100.0,0.015115263967803,12.78,0.11,0.0086
1999-01-22,681.53,712.41,681.53,707.62,2247200.0,0.0166252367424242,12.89,0.4,0.031
1999-01-25,718.83,724.15,705.52,711.37,2574300.0,0.0190451882102272,13.29,0.07,0.0053
1999-01-26,712.95,732.12,706.56,718.27,3971700.0,0.0293834339488636,13.36,0.13,0.0097
1999-01-27,716.65,724.64,693.22,716.12,2599000.0,0.0192279237689393,13.49,-0.04,-0.003
1999-01-28,719.3,745.39,713.98,731.01,10489500.0,0.0776034268465909,13.45,0.28,0.0208
1999-01-29,734.75,739.01,703.87,708.13,3527000.0,0.0260934540719696,13.73,-0.43,-0.0313
1999-02-01,726.8,735.32,707.1,710.82,3540300.0,0.0261918501420454,13.3,0.05,0.0038
1999-02-02,709.25,744.4,702.86,734.28,8115400.0,0.0600393584280303,13.35,0.44,0.033
1999-02-03,740.67,761.44,724.16,727.89,8767200.0,0.0648615056818181,13.79,-0.12,-0.0087
1999-02-04,739.59,742.78,700.72,701.25,5172700.0,0.0382686730587121,13.67,-0.5,-0.0366
1999-02-05,696.49,708.21,673.6,675.73,4137200.0,0.0306078361742424,13.17,-0.48,-0.0364
1999-02-08,670.93,688.5,664.54,666.67,2205200.0,0.016314512310606,12.69,-0.17,-0.0134
1999-02-09,672.01,681.6,669.88,675.74,2030700.0,0.015023526278409,12.52,0.17,0.0136
1999-03-01,676.28,701.3,676.28,693.85,1523600.0,0.0112718986742424,12.69,0.34,0.0268
1999-03-02,692.75,696.48,676.24,681.57,1097900.0,0.0081224846117424,13.03,-0.23,-0.0177
1999-03-04,708.2,724.18,697.55,707.67,3325400.0,0.0246019767992424,12.8,0.49,0.0383
1999-03-05,703.41,712.99,690.1,697.55,1983500.0,0.0146743312026515,13.29,-0.19,-0.0143
1999-03-08,700.76,718.86,700.76,710.87,1601200.0,0.0118459990530303,13.1,0.25,0.0191
1999-03-09,707.16,717.28,692.25,693.32,1421800.0,0.0105187618371212,13.35,-0.33,-0.0247
1999-03-10,692.24,716.2,687.98,699.69,1620500.0,0.0119887843276515,13.02,0.12,0.0092
1999-03-11,702.9,711.95,701.83,703.96,1455700.0,0.010769560842803,13.14,0.08,0.0061
1999-03-12,718.9,721.57,701.86,704.53,1284400.0,0.0095022490530303,13.22,0.01,0.0008
1999-03-15,705.61,729.58,704.55,724.25,2771000.0,0.0205004142992424,13.23,0.37,0.028
1999-03-16,724.78,729.57,710.4,727.44,1599200.0,0.0118312026515151,13.6,0.06,0.0044
1999-03-17,724.27,731.72,710.95,712.02,2033900.0,0.0150472005208333,13.66,-0.29,-0.0212
1999-03-18,711.99,726.91,710.4,716.79,2970300.0,0.0219748757102272,13.37,0.09,0.0067
1999-03-19,723.38,730.41,699.74,715.71,3169100.0,0.0195380316840277,11.22,-0.02,-0.0015
1999-03-22,715.72,715.72,697.19,698.46,2128100.0,0.0131200925268308,11.2,-0.27,-0.0241
1999-03-23,698.49,718.94,697.21,705.52,1451000.0,0.0089456577493686,10.93,0.11,0.0101
1999-03-24,706.12,717.63,697.18,699.73,1186500.0,0.007314970999053,11.04,-0.09,-0.0082
1999-03-25,699.11,699.11,685.05,688.89,1667600.0,0.0102810329861111,10.95,-0.17,-0.0155
1999-03-26,688.86,691.41,677.36,680.55,1509700.0,0.0093075530697601,10.78,-0.13,-0.0121
1999-03-29,680.56,689.5,673.53,683.75,1190400.0,0.0073390151515151,10.65,0.05,0.0047
1999-03-30,683.77,695.27,680.58,685.05,1260800.0,0.0077730429292929,10.7,0.02,0.0019
1999-03-31,684.38,712.5,684.38,711.22,1579700.0,0.0097391147806186,10.72,0.41,0.0382
1999-04-01,712.47,715.03,691.38,696.5,1249500.0,0.0077033765388257,11.13,-0.23,-0.0207
1999-04-02,695.22,695.22,683.08,692.67,1593800.0,0.0098260436395202,10.9,-0.06,-0.0055
1999-04-05,692.63,698.38,681.77,693.91,1647400.0,0.0101564966066919,10.84,0.02,0.0018
1999-04-06,693.24,706.66,681.74,695.16,1310800.0,0.0080813012941919,10.86,0.02,0.0018
1999-04-07,696.44,701.55,683.03,684.94,1610200.0,0.009927152383207,10.88,-0.16,-0.0147
1999-04-08,686.88,698.38,676.02,682.41,2051600.0,0.0126484572285353,10.72,-0.04,-0.0037
1999-04-09,683.69,690.08,669.63,675.38,2308400.0,0.0142316721906565,10.68,-0.11,-0.0103
1999-04-12,670.93,670.93,648.57,656.87,2168200.0,0.0133673157354797,10.57,-0.29,-0.0274
1999-04-13,653.07,669.05,648.6,648.6,1030000.0,0.0063501223169191,10.28,-0.13,-0.0126
1999-04-14,644.12,654.99,644.12,648.6,984400.0,0.0060689906881313,10.15,0.0,0.0
1999-04-15,651.79,658.18,634.53,635.17,1494500.0,0.0092138425268308,10.15,-0.21,-0.0207
1999-04-16,636.45,698.43,635.17,698.43,8619000.0,0.0531375769412878,9.94,0.99,0.0996
1999-04-19,715.7,745.09,708.03,723.37,15969800.0,0.0984564887152777,10.93,0.39,0.0357
1999-04-20,720.8,733.58,709.3,730.38,5347500.0,0.0329682321259469,11.32,0.11,0.0097
1999-04-21,738.03,758.48,709.28,714.39,6380600.0,0.0393374664614898,11.43,-0.25,-0.0219
1999-04-22,709.92,710.56,677.97,692.03,4743000.0,0.0292413884943181,11.18,-0.35,-0.0313
1999-04-23,696.49,701.6,683.71,686.91,1689600.0,0.0104166666666666,10.83,-0.08,-0.0074
1999-04-26,683.71,684.35,653.04,653.04,2627300.0,0.0161977440419823,10.75,-0.53,-0.0493
1999-04-27,645.37,672.84,642.17,655.59,1396800.0,0.0086115056818181,10.22,0.04,0.0039
1999-04-28,664.54,692.01,658.15,663.26,1494000.0,0.0092107599431818,10.26,0.12,0.0117
1999-04-29,658.13,680.5,654.94,671.55,1166300.0,0.0071904346196338,10.38,0.13,0.0125
1999-04-30,671.55,709.25,664.52,695.19,3297000.0,0.0203265565814393,10.51,0.37,0.0352
1999-05-04,695.83,701.58,677.3,681.77,900200.0,0.0055498836016414,10.88,-0.21,-0.0193
1999-05-05,683.71,692.65,677.32,688.18,731900.0,0.0045122859453914,10.67,0.1,0.0094
1999-05-06,693.29,707.99,685.63,701.6,1702800.0,0.010498046875,10.77,0.21,0.0195
1999-05-07,701.63,705.46,680.54,681.82,1085300.0,0.0066910560684974,10.98,-0.31,-0.0282
1999-05-10,677.35,677.35,646.68,652.43,2809100.0,0.017318571456755,10.67,-0.46,-0.0431
1999-05-11,658.18,670.32,656.26,667.76,880400.0,0.0054278132891414,10.21,0.24,0.0235
1999-05-12,669.68,670.96,654.98,663.29,915800.0,0.0056460602114898,10.45,-0.07,-0.0067
1999-05-13,664.53,667.73,651.75,653.67,979600.0,0.006039397885101,10.38,-0.15,-0.0145
1999-05-14,651.75,667.73,645.36,647.92,1091300.0,0.0067280470722853,10.23,-0.09,-0.0088
1999-05-17,642.81,656.87,638.98,648.57,671100.0,0.0041374437736742,10.14,0.01,0.001
1999-05-18,651.79,663.93,644.12,646.04,501000.0,0.0030887488162878,10.15,-0.04,-0.0039
1999-05-19,646.05,674.17,642.86,670.97,1185300.0,0.0073075727982954,10.11,0.39,0.0386
1999-05-20,677.39,708.07,667.81,698.48,3475500.0,0.0214270389441287,10.5,0.43,0.041
1999-05-21,699.78,712.56,686.99,693.38,3489000.0,0.0215102687026515,10.93,-0.08,-0.0073
1999-05-24,696.58,763.05,687.64,752.18,12598600.0,0.0776724767203282,10.85,0.92,0.0848
1999-05-25,758.59,765.62,708.11,709.38,7553300.0,0.0465673581518308,11.77,-0.67,-0.0569
1999-05-26,704.26,732.38,697.87,720.24,4278500.0,0.0263776682844065,11.1,0.17,0.0153
1999-05-27,725.34,792.44,725.34,779.66,20037500.0,0.1235345397332702,11.27,0.93,0.0825
1999-05-28,779.69,779.69,738.15,745.82,9323100.0,0.0574784712357954,12.2,-0.53,-0.0434
1999-05-31,747.71,805.23,741.32,763.05,10008700.0,0.0617053099352904,11.67,0.27,0.0231
1999-06-01,768.83,775.86,746.46,767.55,5451600.0,0.0336100260416666,11.94,0.07,0.0059
1999-06-02,773.33,843.63,749.04,800.17,22453500.0,0.1384295839251894,12.01,0.51,0.0425
1999-06-03,796.98,811.04,752.88,752.88,7324500.0,0.045156767874053,12.52,-0.74,-0.0591
1999-06-04,754.84,773.37,741.41,752.28,5103800.0,0.0314657808554292,11.78,-0.01,-0.0008
1999-06-07,754.2,774.02,741.42,763.79,4137100.0,0.0255059136284722,11.77,0.18,0.0153
1999-06-08,766.97,777.83,747.79,755.46,4223500.0,0.0260385840830176,11.95,-0.13,-0.0109
1999-06-09,755.48,772.09,747.81,758.03,3298300.0,0.0203345712989267,11.82,0.04,0.0034
1999-06-10,780.37,804.65,761.19,767.58,7173200.0,0.0442239780618686,11.86,0.15,0.0126
1999-06-11,768.87,791.88,765.67,775.26,3632200.0,0.0223931206597222,12.01,0.12,0.01
1999-06-14,779.7,816.76,779.7,802.7,6831500.0,0.0421173403961489,12.13,0.43,0.0354
1999-06-15,816.75,830.81,747.73,766.9,8417500.0,0.0518952957307449,12.56,-0.56,-0.0446
1999-06-16,779.66,812.89,767.52,803.94,6013100.0,0.0370717674794823,12.0,0.58,0.0483
1999-06-17,810.33,856.34,792.43,853.15,17923500.0,0.1105013760653409,12.58,0.77,0.0612
1999-06-18,857.63,892.14,835.9,858.26,14133700.0,0.087136625039457,13.35,0.08,0.006
1999-06-21,875.54,943.92,875.54,943.92,17155400.0,0.1057659110637626,13.43,1.34,0.0998
1999-06-22,969.48,977.79,919.0,943.92,16410000.0,0.1011703953598484,14.77,0.0,0.0
1999-06-23,945.85,971.41,938.82,947.13,10211700.0,0.0629568388967803,14.77,0.05,0.0034
1999-06-24,958.59,1013.55,957.95,971.38,10261000.0,0.0632607816445707,14.82,0.38,0.0256
1999-06-25,990.59,1068.56,981.0,984.2,21350500.0,0.1316294043955176,15.2,0.2,0.0132
1999-06-28,1080.06,1082.62,1059.61,1082.62,4278300.0,0.0263764352509469,15.4,1.54,0.1
1999-06-29,1190.66,1190.66,1190.66,1190.66,1786300.0,0.0110128383443813,16.94,1.69,0.0998
1999-06-30,1288.48,1309.57,1115.28,1291.04,24091800.0,0.1485299775094697,18.63,1.57,0.0843
1999-07-01,1265.47,1291.04,1161.93,1161.93,19193100.0,0.118328672466856,20.2,-2.02,-0.1
1999-07-02,1169.55,1214.28,1058.98,1070.49,19751300.0,0.1217700688525883,18.18,-1.43,-0.0787
1999-07-05,1067.29,1067.29,963.76,963.76,12799100.0,0.0789085927635732,16.75,-1.67,-0.0997
1999-07-06,944.62,998.3,928.64,945.26,8812800.0,0.0543323863636363,15.08,-0.29,-0.0192
1999-07-07,958.67,1015.55,939.5,1004.05,7829700.0,0.0482714103929924,14.79,0.92,0.0622
1999-07-08,1004.08,1004.08,960.62,965.09,4929600.0,0.0303918087121212,15.71,-0.61,-0.0388
1999-07-09,965.11,968.3,926.76,933.15,6328800.0,0.0390181107954545,15.1,-0.5,-0.0331
1999-07-12,927.4,928.67,863.48,873.71,6273900.0,0.0386796431107954,14.6,-0.93,-0.0637
1999-07-13,860.3,906.32,844.32,891.62,4048300.0,0.0249584467724116,13.67,0.28,0.0205
1999-07-14,894.81,922.29,882.03,903.12,3163600.0,0.0195041232638888,13.95,0.18,0.0129
1999-07-15,906.32,919.75,882.67,902.49,2286500.0,0.0140966550268308,14.13,-0.01,-0.0007
1999-07-16,902.48,937.63,899.92,903.12,4143700.0,0.0255466037326388,14.12,0.01,0.0007
1999-07-19,894.85,938.31,882.07,924.25,4217495.0,0.0260015622533933,14.13,0.33,0.0234
1999-07-20,926.79,1013.72,926.79,1013.72,9702600.0,0.0598181522253787,14.46,1.4,0.0968
1999-07-21,1022.63,1052.03,996.43,1020.72,12305800.0,0.0758673157354797,15.86,0.11,0.0069
1999-07-22,1009.85,1014.96,939.54,940.18,6305700.0,0.0388756954308712,15.97,-1.26,-0.0789
1999-07-23,939.52,975.96,939.52,945.92,2953400.0,0.0182082050978535,14.71,0.09,0.0061
1999-07-26,945.96,1001.57,926.78,973.44,3348800.0,0.0206459122474747,14.8,0.43,0.0291
1999-07-27,978.54,981.09,942.74,951.05,2059100.0,0.0126946959832702,15.23,-0.35,-0.023
1999-07-28,945.98,983.69,938.31,949.82,1797300.0,0.011080655184659,14.88,-0.02,-0.0013
1999-07-29,971.5,977.9,945.3,951.05,1529100.0,0.0094271573153409,14.86,0.02,0.0013
1999-07-30,952.97,984.29,952.97,974.07,2446900.0,0.0150855478614267,14.88,0.36,0.0242
1999-08-02,990.68,1030.95,969.59,1010.5,4966100.0,0.0306168373184974,15.24,0.57,0.0374
1999-08-03,1011.18,1032.27,981.14,990.08,3015000.0,0.018587979403409,15.81,-0.32,-0.0202
1999-08-04,997.77,1040.59,995.85,1027.81,4968500.0,0.0306316337200126,15.49,0.59,0.0381
1999-08-05,1041.85,1130.69,1038.65,1130.69,19964400.0,0.1230838660037878,16.08,1.61,0.1001
1999-08-06,1190.82,1243.87,1118.59,1243.87,40026800.0,0.2467719184027778,17.69,1.77,0.1001
1999-08-09,1246.43,1251.54,1144.16,1156.3,23112100.0,0.1424899631076389,19.46,-1.37,-0.0704
1999-08-10,1134.62,1162.1,1055.35,1067.5,15340400.0,0.0945761324179293,18.09,-1.39,-0.0768
1999-08-11,1064.96,1105.87,1051.54,1075.83,9733600.0,0.0600092724116161,16.7,0.13,0.0078
1999-08-12,1086.66,1096.25,1029.14,1029.14,5774600.0,0.0356013750789141,16.83,-0.73,-0.0434
1999-08-13,1034.28,1070.71,1024.69,1037.47,4220200.0,0.0260182390309343,16.1,0.13,0.0081
1999-08-16,1047.1,1065.64,1027.93,1047.74,2756700.0,0.0169955166903409,16.23,0.16,0.0099
1999-08-17,1051.62,1077.19,1032.44,1038.84,3788700.0,0.023357969341856,16.39,-0.14,-0.0085
1999-08-18,1040.76,1086.15,1035.65,1067.61,3038800.0,0.018734710385101,16.25,0.45,0.0277
1999-08-19,1072.72,1137.93,1061.21,1117.47,7398200.0,0.0456111407039141,16.7,0.78,0.0467
1999-08-20,1122.56,1172.42,1095.07,1112.33,7041000.0,0.0434089429450757,17.48,-0.08,-0.0046
1999-08-23,1112.37,1137.94,1074.01,1080.41,4228500.0,0.0260694099195075,17.4,-0.5,-0.0287
1999-08-24,1081.04,1121.96,1081.04,1103.42,2831200.0,0.0174548216540404,16.9,0.36,0.0213
1999-08-25,1074.03,1141.15,1072.75,1119.42,4577000.0,0.0282179707228535,17.26,0.25,0.0145
1999-08-26,1121.93,1162.21,1118.74,1158.37,5615100.0,0.0346180308948863,17.51,0.61,0.0348
1999-08-27,1164.15,1188.44,1131.55,1134.74,5562500.0,0.0342937430950126,18.12,-0.37,-0.0204
1999-08-30,1139.2,1157.1,1115.55,1118.74,2283400.0,0.014077543008207,17.75,-0.25,-0.0141
1999-08-31,1118.79,1136.69,1086.82,1130.94,3013400.0,0.0185781151357323,17.5,0.19,0.0109
1999-09-01,1125.15,1134.74,1086.8,1088.07,2757100.0,0.0169979827572601,17.69,-0.67,-0.0379
1999-09-02,1115.58,1115.58,1081.05,1109.18,2380000.0,0.0146730981691919,17.02,0.33,0.0194
1999-09-03,1114.27,1120.02,1081.66,1086.78,1573500.0,0.0097008907433712,17.35,-0.35,-0.0202
1999-09-06,1073.96,1080.35,1034.32,1036.24,2471000.0,0.015234128393308,17.0,-0.79,-0.0465
1999-09-07,1036.28,1054.82,1034.36,1038.83,1613800.0,0.0099493469854797,16.21,0.04,0.0025
1999-09-08,1038.79,1064.36,1038.79,1044.55,1018200.0,0.006277373342803,16.25,0.09,0.0055
1999-09-09,1061.81,1138.52,1061.81,1129.57,3317700.0,0.0204541755445075,16.34,1.33,0.0814
1999-09-10,1139.79,1168.56,1105.91,1121.89,5590700.0,0.0344676008128156,17.67,-0.12,-0.0068
1999-09-13,1112.94,1142.98,1100.15,1109.1,1862500.0,0.0114826240924873,17.55,-0.2,-0.0114
1999-09-14,1112.28,1126.34,1096.94,1105.89,1535300.0,0.0094653813525883,17.35,-0.05,-0.0029
1999-09-15,1118.69,1118.69,1080.33,1091.84,1885800.0,0.0116262724905303,17.3,-0.22,-0.0127
1999-09-16,1091.9,1102.76,1070.8,1072.08,1574500.0,0.0097070559106691,17.08,-0.31,-0.0181
1999-09-17,1067.56,1081.62,1063.72,1065.0,1429900.0,0.0088155727193813,16.77,-0.11,-0.0066
1999-09-20,1067.56,1095.68,1066.28,1075.87,1493500.0,0.0092076773595328,16.66,0.17,0.0102
1999-09-21,1073.97,1080.37,1064.39,1067.58,720900.0,0.0044444691051136,16.83,-0.13,-0.0077
1999-09-22,1070.75,1086.1,1054.77,1055.41,729300.0,0.0044962565104166,16.7,-0.19,-0.0114
1999-09-23,1059.85,1073.91,1038.75,1048.34,1251800.0,0.0077175564236111,16.51,-0.11,-0.0067
1999-09-24,1054.73,1073.91,1041.95,1041.95,1008600.0,0.0062181877367424,16.4,-0.1,-0.0061
1999-09-27,1054.69,1059.8,1025.93,1034.23,988300.0,0.0060930348405934,16.3,-0.12,-0.0074
1999-09-28,1035.55,1048.33,1024.68,1025.96,1104100.0,0.0068069612136994,16.18,-0.13,-0.008
1999-09-29,1029.19,1057.95,1022.16,1027.91,1156614.0,0.0071307188091856,16.05,0.03,0.0019
1999-09-30,1032.34,1061.1,1022.75,1029.14,1266600.0,0.0078088008996212,16.08,0.02,0.0012
1999-10-08,1035.49,1053.38,1029.09,1033.57,626900.0,0.0038649433791035,16.1,0.07,0.0043
1999-10-11,1029.14,1048.32,1022.75,1035.53,573500.0,0.0035357234453914,16.17,0.03,0.0019
1999-10-12,1043.25,1068.18,1041.97,1059.87,1084300.0,0.0066848909011994,16.2,0.38,0.0235
1999-10-13,1060.48,1061.12,1022.76,1024.68,928500.0,0.0057243578361742,16.58,-0.55,-0.0332
1999-10-14,1015.14,1033.68,990.85,996.6,1105000.0,0.0068125098642676,16.03,-0.44,-0.0274
1999-10-15,1000.45,1035.61,996.61,1019.63,1150100.0,0.0070905589094065,15.59,0.36,0.0231
1999-10-18,1022.23,1022.23,959.58,964.06,1537200.0,0.0094770951704545,15.95,-0.87,-0.0545
1999-10-19,953.22,971.76,927.65,933.4,1095900.0,0.006756406841856,15.08,-0.48,-0.0318
1999-10-20,939.79,958.33,933.4,941.71,686200.0,0.0042305377998737,14.6,0.13,0.0089
1999-10-21,946.2,951.31,914.23,918.07,812500.0,0.0050091984296085,14.73,-0.37,-0.0251
1999-10-22,924.42,1010.09,914.19,962.78,1408100.0,0.0086811720722853,14.36,0.7,0.0487
1999-10-25,965.35,976.22,936.58,941.69,566500.0,0.0034925672743055,15.06,-0.33,-0.0219
1999-10-26,941.67,976.83,941.03,949.98,496600.0,0.0030616220801767,14.73,0.13,0.0088
1999-10-27,974.94,1002.43,970.47,990.93,1460700.0,0.009005459872159,14.86,0.64,0.0431
1999-10-28,1010.1,1010.1,955.76,964.07,1083500.0,0.0066799587673611,15.5,-0.42,-0.0271
1999-10-29,968.55,990.29,950.65,958.96,910000.0,0.0056103022411616,15.08,-0.08,-0.0053
1999-11-01,961.55,974.34,935.34,938.54,770900.0,0.0047527274700126,15.0,-0.32,-0.0213
1999-11-02,933.44,952.63,932.17,936.0,626000.0,0.0038593947285353,14.68,-0.04,-0.0027
1999-11-03,936.61,946.2,927.02,930.85,537000.0,0.0033106948390151,14.64,-0.08,-0.0055
1999-11-04,927.03,938.54,914.89,921.92,561100.0,0.0034592753708964,14.56,-0.14,-0.0096
1999-11-05,923.81,971.76,923.81,938.51,924100.0,0.0056972311000631,14.42,0.26,0.018
1999-11-08,939.75,971.08,926.97,971.08,1224400.0,0.0075486308396464,14.68,0.51,0.0347
1999-11-09,971.73,978.12,948.07,958.94,942100.0,0.0058082041114267,15.19,-0.19,-0.0125
1999-11-10,951.27,968.53,933.37,941.68,1054900.0,0.0065036349826388,15.0,-0.27,-0.018
1999-11-11,941.71,950.66,924.45,927.65,511700.0,0.0031547161063762,14.73,-0.22,-0.0149
1999-11-12,927.63,936.58,926.99,932.1,375500.0,0.0023150203203914,14.51,0.07,0.0048
1999-11-15,930.14,945.49,921.83,925.67,451800.0,0.0027854225852272,14.58,-0.1,-0.0069
1999-11-16,938.47,946.14,928.88,933.35,920100.0,0.0056725704308712,14.48,0.12,0.0083
1999-11-17,944.23,997.3,933.37,980.67,2081100.0,0.0128303296638257,14.6,0.74,0.0507
1999-11-18,981.35,1013.31,968.56,1002.44,3950700.0,0.0243567264441287,15.34,0.34,0.0222
1999-11-19,1002.42,1010.1,988.36,990.92,1905000.0,0.0117446437026515,15.68,-0.18,-0.0115
1999-11-22,996.71,1022.92,993.51,996.07,1093500.0,0.0067416104403409,15.5,0.08,0.0052
1999-11-23,1000.52,1000.52,978.14,978.14,642500.0,0.003961119988952,15.58,-0.28,-0.018
1999-11-24,978.1,989.61,968.51,985.77,684000.0,0.0042169744318181,15.3,0.12,0.0078
1999-11-25,983.83,983.83,970.41,978.08,361900.0,0.0022311740451388,15.42,-0.12,-0.0078
1999-11-26,981.28,988.95,971.69,978.08,474800.0,0.0029272214330808,15.3,0.0,0.0
1999-11-29,976.81,999.19,976.81,985.12,514500.0,0.0031719785748106,15.3,0.11,0.0072
1999-11-30,987.66,1012.59,984.46,1001.08,888400.0,0.0054771346275252,15.41,0.25,0.0162
1999-12-01,1008.07,1020.85,1000.39,1015.1,1371900.0,0.0084579930160984,15.66,0.22,0.014
1999-12-02,1015.73,1045.13,1015.73,1036.82,3899900.0,0.0240435359453914,15.88,0.34,0.0214
1999-12-03,1035.54,1035.54,1013.8,1017.64,1210500.0,0.0074629350142045,16.22,-0.3,-0.0185
1999-12-06,1018.27,1024.02,1008.68,1008.68,766700.0,0.0047268337673611,15.92,-0.14,-0.0088
1999-12-07,1002.28,1025.94,1001.01,1020.18,856000.0,0.0052773832070707,15.78,0.18,0.0114
1999-12-08,1022.74,1030.41,1002.93,1008.04,663000.0,0.0040875059185606,15.96,-0.19,-0.0119
1999-12-09,997.21,1009.35,978.03,983.14,810100.0,0.0049944020280934,15.77,-0.39,-0.0247
1999-12-10,982.5,995.93,963.97,983.14,1181672.0,0.0072852055713383,15.38,0.0,0.0
1999-12-13,988.22,988.22,946.03,949.23,860500.0,0.0053051264599116,15.38,-0.53,-0.0345
1999-12-14,949.22,971.6,946.67,958.81,1127900.0,0.0069536921953914,14.85,0.15,0.0101
1999-12-15,981.22,1022.77,962.68,994.0,2046500.0,0.0126170148753156,15.0,0.55,0.0367
1999-12-16,990.8,1009.34,965.23,970.34,888500.0,0.005477751144255,15.55,-0.37,-0.0238
1999-12-17,971.62,985.05,965.23,970.34,891000.0,0.0054931640625,15.18,0.0,0.0
1999-12-21,970.3,981.81,957.52,958.8,855100.0,0.0052718345565025,15.18,-0.18,-0.0119
1999-12-22,958.83,978.0,958.19,974.81,1094500.0,0.0067477756076388,15.0,0.25,0.0167
1999-12-23,971.65,1010.01,952.48,981.24,1380070.0,0.0085083624329229,15.25,0.1,0.0066
1999-12-24,971.63,983.13,926.88,926.88,2055300.0,0.0126712683475378,15.35,-0.85,-0.0554
1999-12-27,933.87,952.4,862.91,874.42,3911100.0,0.0241125858191287,14.5,-0.82,-0.0566
1999-12-28,881.48,901.3,861.67,875.73,1711800.0,0.0105535333806818,13.68,0.02,0.0015
1999-12-30,881.45,903.82,872.5,887.2,1182600.0,0.0072909268465909,13.7,0.18,0.0131
2000-01-04,888.51,920.48,887.24,917.28,1400900.0,0.0086367828677398,13.88,0.47,0.0339
2000-01-05,916.67,1009.36,902.61,965.25,7043200.0,0.0434225063131313,14.35,0.75,0.0523
2000-01-06,953.11,997.21,942.88,994.02,2145400.0,0.0132267499210858,15.1,0.45,0.0298
2000-01-07,993.98,1041.93,978.64,1009.33,7018800.0,0.0432720762310606,15.55,0.24,0.0154
2000-01-10,1011.21,1041.25,991.4,1017.6,5804700.0,0.0357869466145833,15.79,0.13,0.0082
2000-01-11,1002.9,1082.8,1002.26,1017.6,8813300.0,0.0543354689472853,15.92,0.0,0.0
2000-01-12,1020.12,1045.69,963.87,963.87,4458000.0,0.0274843158143939,15.92,-0.84,-0.0528
2000-01-13,968.34,1008.6,957.47,961.95,2313100.0,0.014260648476957,15.08,-0.03,-0.002
2000-01-14,971.55,977.94,914.02,928.08,2016100.0,0.012429593789457,15.05,-0.53,-0.0352
2000-01-17,920.38,1008.58,920.38,954.26,1592400.0,0.009817412405303,14.52,0.41,0.0282
2000-01-18,946.59,952.99,920.39,945.95,2086400.0,0.012863005050505,14.93,-0.13,-0.0087
2000-01-19,945.94,945.94,926.77,935.08,977200.0,0.0060246014835858,14.8,-0.17,-0.0115
2000-01-20,933.19,952.36,926.8,944.05,2003500.0,0.0123519126815025,14.63,0.14,0.0096
2000-01-21,949.21,984.36,926.84,953.68,3979700.0,0.0245355162957702,14.77,0.15,0.0102
2000-01-24,942.79,997.12,934.48,989.45,4062500.0,0.0250459921480429,14.92,0.56,0.0375
2000-01-25,990.73,1064.88,987.54,1031.0,15357700.0,0.0946827898121843,15.48,0.65,0.042
2000-01-26,1022.69,1040.59,997.12,1015.02,5287700.0,0.0325995551215277,16.13,-0.25,-0.0155
2000-01-27,1016.3,1045.07,1002.88,1021.42,6247400.0,0.0385162661773989,15.88,0.1,0.0063
2000-01-28,1028.42,1085.31,1009.88,1064.21,11013200.0,0.0678982204861111,15.98,0.67,0.0419
2000-02-14,1085.31,1170.95,1085.31,1170.95,13094400.0,0.0807291666666666,16.65,1.67,0.1003
2000-02-15,1187.55,1278.31,1126.19,1137.7,14521200.0,0.0895256273674242,18.32,-0.52,-0.0284
2000-02-16,1150.51,1232.33,1144.12,1198.45,12555700.0,0.0774079910432449,17.8,0.95,0.0534
2000-02-17,1220.82,1286.66,1078.93,1079.57,19737800.0,0.1216868390940656,18.75,-1.86,-0.0992
2000-02-18,1099.35,1182.44,1086.57,1181.8,17752500.0,0.1094471324573863,16.89,1.6,0.0947
2000-02-21,1211.89,1300.1,1211.89,1300.1,26240100.0,0.1617746064157197,18.49,1.85,0.1001
2000-02-22,1349.28,1429.82,1247.65,1275.14,40083400.0,0.2471208668718434,20.34,-0.39,-0.0192
2000-02-23,1272.01,1306.53,1148.01,1148.01,17050300.0,0.1051179519807449,19.95,-1.99,-0.0997
2000-02-24,1137.78,1172.3,1081.53,1156.96,13308900.0,0.0820515950520833,17.96,0.14,0.0078
2000-02-25,1164.04,1167.23,1117.37,1146.78,8573300.0,0.0528558287957702,18.1,-0.16,-0.0088
2000-02-28,1137.88,1211.4,1137.88,1173.04,12033600.0,0.0741891571969697,17.94,0.41,0.0229
2000-02-29,1182.66,1290.7,1182.66,1290.7,22383100.0,0.1379955561474116,18.35,1.84,0.1003
2000-03-01,1310.48,1374.41,1231.21,1246.55,14029400.0,0.0864935980902777,20.19,-0.69,-0.0342
2000-03-02,1246.54,1310.47,1201.8,1236.96,9357000.0,0.0576874704071969,19.5,-0.15,-0.0077
2000-03-03,1252.99,1300.3,1246.6,1265.78,10070200.0,0.0620844677241161,19.35,0.45,0.0233
2000-03-06,1291.36,1313.73,1169.25,1176.29,11121000.0,0.0685628255208333,19.8,-1.4,-0.0707
2000-03-07,1163.51,1194.83,1137.93,1157.11,5255900.0,0.032403502801452,18.4,-0.3,-0.0163
2000-03-08,1168.57,1200.53,1145.55,1181.99,4742800.0,0.0292401554608585,18.1,0.39,0.0215
2000-03-09,1182.59,1206.88,1150.62,1179.39,4035000.0,0.0248764500473484,18.49,-0.04,-0.0022
2000-03-10,1180.02,1188.96,1126.32,1138.47,6383600.0,0.0393559619633838,18.45,-0.64,-0.0347
2000-03-13,1137.79,1169.75,1123.73,1142.91,4719100.0,0.0290940409958964,17.81,0.07,0.0039
2000-03-14,1118.62,1187.01,1102.64,1163.36,7528200.0,0.0464126124526515,17.88,0.32,0.0179
2000-03-15,1157.01,1169.8,1123.77,1147.43,3883600.0,0.0239430437184343,18.2,-0.25,-0.0137
2000-03-16,1150.62,1150.62,1061.76,1098.2,3512500.0,0.021655150134154,17.95,-0.77,-0.0429
2000-03-17,1089.25,1137.83,1086.69,1130.16,2600200.0,0.016030668008207,17.18,0.5,0.0291
2000-03-20,1118.65,1206.86,1086.69,1189.61,7696000.0,0.0474471275252525,17.68,0.93,0.0526
2000-03-21,1183.16,1233.02,1176.13,1207.45,7863700.0,0.0484810260811237,18.61,0.28,0.015
2000-03-22,1206.75,1224.01,1177.35,1188.85,4969100.0,0.0306353328203914,18.89,-0.29,-0.0154
2000-03-23,1188.84,1270.65,1188.84,1245.09,8401800.0,0.0517985026041666,18.6,0.88,0.0473
2000-03-24,1257.91,1319.91,1227.23,1257.91,12516800.0,0.0771681660353535,19.48,0.2,0.0103
2000-03-27,1247.1,1295.68,1227.29,1246.46,6420200.0,0.0395816070864898,19.68,-0.18,-0.0091
2000-03-28,1252.82,1287.98,1195.93,1202.96,7537600.0,0.0464705650252525,19.5,-0.68,-0.0349
2000-03-29,1232.35,1233.63,1150.53,1176.74,6286300.0,0.0387560911852904,18.82,-0.41,-0.0218
2000-03-30,1188.91,1206.81,1151.84,1188.27,4242800.0,0.0261575718118686,18.41,0.18,0.0098
2000-03-31,1195.26,1211.24,1173.52,1188.86,3923900.0,0.0241914999605429,18.59,0.01,0.0005
2000-04-03,1169.74,1204.89,1168.46,1172.93,3353400.0,0.0206742720170454,18.6,-0.25,-0.0134
2000-04-04,1163.99,1214.49,1151.85,1192.76,3522100.0,0.0217143357402146,18.35,0.31,0.0169
2000-04-05,1188.92,1202.98,1169.74,1185.72,2298100.0,0.0141681709674873,18.66,-0.11,-0.0059
2000-04-06,1187.61,1232.35,1187.61,1225.32,5977700.0,0.0368535205571338,18.55,0.62,0.0334
2000-04-07,1245.17,1245.17,1195.31,1206.82,3525500.0,0.0217352973090277,19.17,-0.29,-0.0151
2000-04-10,1214.54,1233.08,1182.58,1214.54,4151800.0,0.0255965415877525,18.88,0.12,0.0064
2000-04-11,1215.79,1217.71,1147.4,1151.87,5491300.0,0.0338547831833964,19.0,-0.98,-0.0516
2000-04-12,1153.8,1169.78,1130.79,1137.82,4830400.0,0.0297802241161616,18.02,-0.22,-0.0122
2000-04-13,1141.03,1157.01,1125.05,1134.63,4437100.0,0.0273554638178661,17.8,-0.05,-0.0028
2000-04-14,1137.78,1140.98,1099.43,1139.06,4797800.0,0.0295792396622474,17.75,0.07,0.0039
2000-04-17,1118.59,1124.98,1087.91,1102.61,1694400.0,0.0104462594696969,17.82,-0.57,-0.032
2000-04-18,1102.57,1142.84,1102.57,1114.08,1714200.0,0.0105683297821969,17.25,0.18,0.0104
2000-04-19,1118.56,1137.73,1108.97,1116.64,1786700.0,0.0110153044113005,17.43,0.04,0.0023
2000-04-20,1118.6,1155.03,1103.26,1138.41,3790000.0,0.0233659840593434,17.47,0.34,0.0195
2000-04-21,1150.51,1179.28,1121.75,1137.73,3076700.0,0.0189683702256944,17.81,-0.01,-0.0006
2000-04-24,1138.95,1145.98,1085.26,1105.08,3368000.0,0.0207642834595959,17.8,-0.51,-0.0287
2000-04-25,1105.7,1117.21,1080.14,1083.97,2211800.0,0.0136361170296717,17.29,-0.33,-0.0191
2000-04-26,1111.5,1118.53,1085.29,1105.11,2005400.0,0.0123636264993686,16.96,0.33,0.0195
2000-04-27,1105.78,1114.73,1082.77,1085.33,1731300.0,0.0106737541429924,17.29,-0.31,-0.0179
2000-04-28,1092.98,1099.38,1085.31,1096.18,1334400.0,0.0082267992424242,16.98,0.17,0.01
2000-05-08,1099.36,1117.26,1086.58,1110.87,1257900.0,0.0077551639441287,17.15,0.23,0.0134
2000-05-09,1108.91,1110.82,1078.87,1091.65,1376800.0,0.0084882023358585,17.38,-0.3,-0.0173
2000-05-10,1086.58,1108.95,1054.62,1080.19,1603000.0,0.0098827631786616,17.08,-0.18,-0.0105
2000-05-11,1073.8,1080.19,1035.45,1041.84,866800.0,0.0053439670138888,16.9,-0.6,-0.0355
2000-05-12,1050.79,1054.62,1011.8,1051.43,1230400.0,0.0075856218434343,16.3,0.15,0.0092
2000-05-15,1035.42,1049.48,1022.64,1029.03,599400.0,0.003695401278409,16.45,-0.35,-0.0213
2000-05-16,1029.0,1048.18,1025.81,1044.98,582000.0,0.0035881273674242,16.1,0.25,0.0155
2000-05-17,1045.0,1045.0,1029.02,1032.86,509300.0,0.0031399197048611,16.35,-0.19,-0.0116
2000-05-18,1035.39,1062.88,1027.73,1053.93,980500.0,0.0060449465356691,16.16,0.33,0.0204
2000-05-19,1055.85,1098.03,1048.18,1083.33,1890600.0,0.0116558652935606,16.49,0.46,0.0279
2000-05-22,1089.68,1123.56,1074.35,1106.3,3767400.0,0.023226651278409,16.95,0.36,0.0212
2000-05-23,1106.25,1106.25,1081.32,1087.72,1372600.0,0.008462308633207,17.31,-0.29,-0.0168
2000-05-24,1087.13,1117.81,1073.71,1105.66,2099100.0,0.0129413026751893,17.02,0.28,0.0165
2000-05-25,1116.53,1119.08,1096.08,1105.66,1653700.0,0.0101953371606691,17.3,0.0,0.0
2000-05-26,1106.29,1122.9,1097.98,1113.95,2781600.0,0.0171490293560606,17.3,0.13,0.0075
2000-05-29,1115.26,1144.02,1101.84,1112.06,2427300.0,0.0149647105823863,17.43,-0.03,-0.0017
2000-05-30,1118.49,1144.05,1098.04,1130.63,3835100.0,0.0236440331044823,17.4,0.29,0.0167
2000-05-31,1129.39,1162.63,1119.8,1146.01,4716300.0,0.0290767785274621,17.69,0.24,0.0136
2000-06-01,1163.25,1206.71,1150.47,1176.03,8460500.0,0.052160397924558,17.93,0.47,0.0262
2000-06-02,1169.69,1185.67,1144.12,1150.51,3335100.0,0.0205614494554924,18.4,-0.4,-0.0217
2000-06-05,1151.81,1173.54,1100.67,1114.73,3179900.0,0.0196046154908459,18.0,-0.56,-0.0311
2000-06-06,1114.78,1137.8,1105.84,1123.09,1819700.0,0.0112187549321338,17.44,0.13,0.0075
2000-06-07,1118.64,1130.15,1106.5,1117.37,1683700.0,0.0103802921796085,17.57,-0.09,-0.0051
2000-06-08,1112.27,1115.47,1093.1,1099.49,1868000.0,0.0115165325126262,17.48,-0.28,-0.016
2000-06-09,1099.47,1134.62,1099.47,1109.05,1401000.0,0.0086373993844696,17.2,0.15,0.0087
2000-06-12,1100.71,1105.83,1082.18,1086.65,1517100.0,0.0093531753077651,17.35,-0.35,-0.0202
2000-06-13,1105.84,1117.99,1086.66,1109.04,1382900.0,0.0085258098563762,17.0,0.35,0.0206
2000-06-14,1109.01,1124.35,1102.62,1108.37,1473800.0,0.0090862235637626,17.35,-0.01,-0.0006
2000-06-15,1108.98,1137.74,1086.61,1137.74,3940100.0,0.0242913756707702,17.34,0.46,0.0265
2000-06-16,1143.47,1163.29,1112.15,1130.69,3256900.0,0.0200793333727904,17.8,-0.11,-0.0062
2000-06-19,1123.65,1150.5,1105.75,1112.15,1610100.0,0.0099265358664772,17.69,-0.29,-0.0164
2000-06-20,1112.14,1115.33,1092.96,1099.36,1032800.0,0.0063673847853535,17.4,-0.2,-0.0115
2000-06-21,1099.31,1112.09,1094.83,1111.45,954700.0,0.0058858852193813,17.2,0.19,0.011
2000-06-22,1105.7,1149.8,1105.7,1121.67,1008200.0,0.0062157216698232,17.39,0.16,0.0092
2000-06-23,1123.59,1129.98,1102.5,1108.89,1150900.0,0.0070954910432449,17.55,-0.2,-0.0114
2000-06-26,1112.13,1112.13,1096.15,1099.35,1771200.0,0.0109197443181818,17.35,-0.15,-0.0086
2000-06-27,1099.32,1105.72,1087.18,1091.65,1985300.0,0.0122397066366792,17.2,-0.12,-0.007
2000-06-28,1094.19,1124.87,1089.72,1121.68,1927600.0,0.0118839764835858,17.08,0.47,0.0275
2000-06-29,1124.9,1199.68,1124.9,1137.04,6021800.0,0.0371254044349747,17.55,0.24,0.0137
2000-07-03,1122.38,1139.0,1105.76,1108.96,1170200.0,0.0072144787720959,17.79,-0.44,-0.0247
2000-07-04,1105.8,1121.78,1099.41,1115.39,616800.0,0.0038026751893939,17.35,0.1,0.0058
2000-07-05,1118.56,1142.21,1117.29,1133.9,1186000.0,0.007311888415404,17.45,0.29,0.0166
2000-07-06,1133.9,1137.73,1105.77,1110.89,1123300.0,0.0069253324258207,17.74,-0.36,-0.0203
2000-07-07,1110.6,1120.57,1089.12,1106.0,2284200.0,0.0117353971575493,14.48,-0.06,-0.0044
2000-07-10,1108.29,1115.96,1089.12,1093.72,1958100.0,0.0100600127721728,14.42,-0.16,-0.0111
2000-07-11,1095.27,1150.49,1093.73,1148.19,7009600.0,0.0360128009436817,14.26,0.71,0.0498
2000-07-12,1148.91,1150.45,1112.1,1130.51,3084600.0,0.0158475641678384,14.97,-0.23,-0.0154
2000-07-13,1130.47,1138.91,1112.06,1115.13,2771200.0,0.0142374278097367,14.74,-0.2,-0.0136
2000-07-14,1118.23,1165.78,1118.23,1154.27,4120200.0,0.0211681040926953,14.54,0.51,0.0351
2000-07-17,1184.99,1188.83,1155.85,1165.82,4621500.0,0.0237436029960661,15.05,0.15,0.01
2000-07-18,1169.69,1181.19,1158.18,1177.36,2362600.0,0.0121381881290719,15.2,0.15,0.0099
2000-07-19,1188.87,1196.54,1171.99,1175.83,5742900.0,0.0295049524280229,15.35,-0.02,-0.0013
2000-07-20,1177.3,1184.21,1148.92,1158.9,2521200.0,0.0129530178240142,15.33,-0.22,-0.0144
2000-07-21,1169.68,1192.69,1162.78,1165.85,1829700.0,0.0094003398035058,15.11,0.09,0.006
2000-07-24,1179.66,1187.33,1165.85,1175.06,1537300.0,0.0078980938842047,15.2,0.12,0.0079
2000-07-25,1177.34,1194.21,1173.51,1179.64,2038700.0,0.0104741065515698,15.32,0.06,0.0039
2000-07-26,1182.0,1188.9,1170.5,1180.47,2306100.0,0.0118479114722986,15.38,0.01,0.0007
2000-07-27,1181.29,1187.42,1149.07,1156.74,2927900.0,0.0150424959887876,15.39,-0.31,-0.0201
2000-07-28,1150.55,1158.22,1132.91,1139.04,2698300.0,0.0138628938579,15.08,-0.23,-0.0153
2000-07-31,1142.88,1146.71,1118.33,1127.54,2518900.0,0.0129412012521456,14.85,-0.15,-0.0101
2000-08-01,1135.18,1149.76,1123.68,1134.42,1294200.0,0.0066491336140882,14.7,0.09,0.0061
2000-08-02,1127.56,1142.13,1127.56,1139.07,1274700.0,0.0065489496352018,14.79,0.06,0.0041
2000-08-03,1141.4,1148.3,1124.52,1128.36,1583300.0,0.0081344253215777,14.85,-0.14,-0.0094
2000-08-04,1127.61,1135.28,1112.27,1121.48,1571300.0,0.008072773642263,14.71,-0.09,-0.0061
2000-08-07,1113.81,1132.99,1105.38,1131.46,1094800.0,0.0056246882094759,14.62,0.13,0.0089
2000-08-08,1135.32,1147.59,1131.48,1132.25,1387100.0,0.0071264203647827,14.75,0.01,0.0007
2000-08-09,1142.19,1142.19,1116.11,1124.55,1901800.0,0.0097707636433881,14.76,-0.1,-0.0068
2000-08-10,1127.62,1156.76,1118.41,1154.46,3578000.0,0.0183824757156604,14.66,0.39,0.0266
2000-08-11,1150.6,1187.42,1139.09,1169.01,6045400.0,0.0310590885107471,15.05,0.19,0.0126
2000-08-14,1172.05,1174.35,1150.58,1152.88,2048000.0,0.0105218866030387,15.24,-0.21,-0.0138
2000-08-15,1154.42,1164.4,1135.25,1139.85,1506700.0,0.0077408821019523,15.03,-0.17,-0.0113
2000-08-16,1139.9,1150.64,1131.46,1138.37,1589500.0,0.0081662786892236,14.86,-0.02,-0.0013
2000-08-17,1146.05,1153.73,1139.15,1147.59,1381300.0,0.0070966220531139,14.84,0.12,0.0081
2000-08-18,1147.63,1162.21,1141.49,1146.1,1740700.0,0.0089430898485886,14.96,-0.02,-0.0013
2000-08-21,1146.81,1151.41,1131.47,1139.91,2191200.0,0.0112575966428605,14.94,-0.08,-0.0054
2000-08-22,1146.83,1204.37,1136.09,1166.01,10559400.0,0.0542503952129526,14.86,0.34,0.0229
2000-08-23,1166.03,1282.64,1159.13,1246.58,31137800.0,0.15997480501372,15.2,1.05,0.0691
2000-08-24,1248.1,1269.58,1227.39,1257.3,13793500.0,0.0708660365522531,16.25,0.14,0.0086
2000-08-25,1271.86,1273.39,1221.99,1243.47,6791500.0,0.0348922816721374,16.39,-0.18,-0.011
2000-08-28,1244.27,1287.23,1235.06,1274.19,6712600.0,0.0344869218806433,16.21,0.4,0.0247
2000-08-29,1274.22,1319.48,1256.58,1264.25,8548100.0,0.0439170599958179,16.61,-0.13,-0.0078
2000-08-30,1265.05,1272.72,1225.92,1227.46,6315600.0,0.032447278823316,16.48,-0.48,-0.0291
2000-08-31,1227.49,1258.18,1218.28,1223.65,5789100.0,0.0297423113933844,16.0,-0.05,-0.0031
2000-09-01,1219.83,1239.01,1177.63,1200.65,5078200.0,0.0260899631579839,15.95,-0.3,-0.0188
2000-09-04,1196.82,1221.37,1189.91,1204.49,2158200.0,0.0110880545247451,15.65,0.05,0.0032
2000-09-05,1205.25,1246.67,1189.13,1206.78,3157900.0,0.0162241531756523,15.7,0.03,0.0019
2000-09-06,1193.75,1221.37,1172.27,1193.75,2152104.0,0.0110567354716533,15.73,-0.17,-0.0108
2000-09-07,1197.58,1219.83,1185.31,1199.12,1780100.0,0.0091455128623384,15.56,0.07,0.0045
2000-09-08,1204.46,1265.83,1204.46,1257.4,6550700.0,0.0336551379738894,15.63,0.76,0.0486
2000-09-11,1270.49,1288.13,1239.03,1262.05,4120100.0,0.021167590328701,16.39,0.06,0.0037
2000-09-12,1265.84,1269.68,1227.48,1245.89,2597900.0,0.0133470748076339,16.45,-0.21,-0.0128
2000-09-13,1250.56,1317.3,1245.95,1287.38,10133400.0,0.0520617605972814,16.24,0.54,0.0333
2000-09-14,1292.81,1311.99,1280.53,1295.88,5617400.0,0.0288601786151902,16.78,0.11,0.0066
2000-09-15,1300.45,1303.52,1266.69,1274.37,3062300.0,0.015732994797112,16.89,-0.28,-0.0166
2000-09-18,1274.34,1285.85,1241.35,1244.42,2654800.0,0.0136394065203843,16.61,-0.39,-0.0235
2000-09-19,1235.27,1242.18,1190.0,1219.16,3295500.0,0.0169310924317939,16.22,-0.33,-0.0203
2000-09-20,1219.19,1227.63,1193.87,1223.79,1661800.0,0.0085377300570945,15.89,0.06,0.0038
2000-09-21,1213.8,1223.77,1166.23,1170.07,2576300.0,0.0132361017848674,15.95,-0.7,-0.0439
2000-09-22,1166.29,1177.8,1147.87,1150.18,2699900.0,0.0138711140818086,15.25,-0.26,-0.017
2000-09-25,1147.08,1165.49,1135.57,1137.87,1392200.0,0.0071526223284914,14.99,-0.16,-0.0107
2000-09-26,1144.82,1166.3,1139.44,1150.95,835200.0,0.0042909568803017,14.83,0.17,0.0115
2000-09-27,1155.56,1168.6,1139.44,1164.77,998300.0,0.005128905954987,15.0,0.18,0.012
2000-09-28,1166.35,1168.65,1137.96,1139.49,1279800.0,0.0065751515989106,15.18,-0.33,-0.0217
2000-09-29,1143.32,1170.94,1143.32,1170.94,834400.0,0.0042868467683474,14.85,0.41,0.0276
2000-10-09,1166.32,1166.32,1144.07,1158.64,810200.0,0.0041625158817294,15.26,-0.16,-0.0105
2000-10-10,1158.65,1183.97,1154.82,1177.07,983800.0,0.0050544101758151,15.1,0.24,0.0159
2000-10-11,1177.03,1193.15,1166.29,1168.59,1101300.0,0.0056580828691047,15.34,-0.11,-0.0072
2000-10-12,1166.34,1188.6,1148.7,1151.76,1493400.0,0.0076725514907119,15.23,-0.22,-0.0144
2000-10-13,1151.04,1185.57,1145.67,1157.18,1565700.0,0.0080440028585828,15.01,0.07,0.0047
2000-10-16,1154.84,1155.61,1113.41,1114.94,2000300.0,0.0102768211777628,15.08,-0.55,-0.0365
2000-10-17,1116.44,1140.99,1112.6,1125.64,1210400.0,0.006218599386874,14.53,0.14,0.0096
2000-10-18,1127.9,1134.04,1116.4,1124.07,1053400.0,0.0054119899158403,14.67,-0.02,-0.0014
2000-10-19,1135.58,1137.88,1124.07,1124.07,668700.0,0.0034355398298105,14.65,0.0,0.0
2000-10-20,1119.43,1147.05,1113.29,1140.14,1082800.0,0.0055630365301612,14.65,0.21,0.0143
2000-10-23,1145.52,1145.52,1132.48,1143.22,997900.0,0.0051268508990099,14.86,0.04,0.0027
2000-10-24,1143.2,1164.68,1140.13,1158.54,811800.0,0.004170736105638,14.9,0.2,0.0134
2000-10-25,1151.66,1166.24,1150.9,1157.03,1307800.0,0.0067190055173115,15.1,-0.02,-0.0013
2000-10-26,1158.54,1165.45,1131.69,1137.83,1289300.0,0.006623959178368,15.08,-0.25,-0.0166
2000-10-27,1139.36,1143.19,1126.31,1131.68,1733600.0,0.008906612604994,14.83,-0.08,-0.0054
2000-10-30,1134.02,1150.13,1120.21,1143.23,1158000.0,0.0059493870538666,14.75,0.15,0.0102
2000-10-31,1135.56,1147.07,1126.36,1130.19,735200.0,0.0037771928860127,14.9,-0.17,-0.0114
2000-11-01,1129.47,1141.75,1124.1,1131.78,1021200.0,0.0052465579096792,14.73,0.02,0.0014
2000-11-02,1143.27,1157.08,1127.92,1141.74,1078800.0,0.0055424859703897,14.75,0.13,0.0088
2000-11-03,1141.7,1147.07,1130.19,1140.94,872400.0,0.0044820770861772,14.88,-0.01,-0.0007
2000-11-06,1143.19,1144.72,1132.45,1142.42,973600.0,0.0050020062483976,14.87,0.02,0.0013
2000-11-07,1139.32,1162.33,1136.25,1146.99,1122500.0,0.005767000835894,14.89,0.06,0.004
2000-11-08,1150.85,1170.03,1143.18,1162.36,1177600.0,0.0060500847967472,14.95,0.2,0.0134
2000-11-09,1166.19,1174.63,1156.99,1170.03,1517800.0,0.0077979099053184,15.15,0.1,0.0066
2000-11-10,1170.09,1212.29,1170.09,1196.94,3363000.0,0.017277883127939,15.25,0.35,0.023
2000-11-13,1204.56,1222.97,1185.38,1201.49,2913400.0,0.0149680002096157,15.6,0.06,0.0038
2000-11-14,1208.42,1208.42,1178.49,1189.23,2049500.0,0.010529593062953,15.66,-0.16,-0.0102
2000-11-15,1193.04,1195.34,1174.62,1184.6,1814500.0,0.0093222476763738,15.5,-0.06,-0.0039
2000-11-16,1185.33,1204.51,1173.83,1193.01,2878800.0,0.0147902378675917,15.44,0.11,0.0071
2000-11-17,1193.01,1203.76,1171.53,1171.53,1790800.0,0.0092004856097274,15.55,-0.28,-0.018
2000-11-20,1166.13,1176.87,1151.56,1167.67,1483775.0,0.0076231017062616,15.27,-0.05,-0.0033
2000-11-21,1170.0,1185.35,1159.26,1164.63,1187274.0,0.0060997863255547,15.22,-0.04,-0.0026
2000-11-22,1164.64,1189.19,1164.64,1181.52,1363035.0,0.007002783059557,15.18,0.22,0.0145
2000-11-23,1189.2,1210.68,1181.52,1187.66,1941010.0,0.0099722105055489,15.4,0.08,0.0052
2000-11-24,1187.61,1196.81,1150.78,1159.99,2090052.0,0.0107379346379171,15.48,-0.36,-0.0233
2000-11-27,1150.01,1157.68,1131.6,1140.04,1590184.0,0.0081697928349445,15.12,-0.26,-0.0172
2000-11-28,1140.07,1154.65,1136.24,1152.35,852299.0,0.0043788053856851,14.86,0.16,0.0108
2000-11-29,1152.33,1154.64,1135.46,1140.83,1283729.0,0.0065953373862462,15.02,-0.15,-0.01
2000-11-30,1143.14,1143.9,1131.63,1135.46,1169857.0,0.0060103040506694,14.87,-0.07,-0.0047
2000-12-01,1139.35,1149.32,1135.51,1146.25,858392.0,0.0044101090258572,14.8,0.14,0.0095
2000-12-04,1146.25,1173.87,1132.44,1166.2,1953008.0,0.0100338519095837,14.94,0.26,0.0174
2000-12-05,1168.47,1186.11,1160.79,1163.86,1865370.0,0.0095835994202687,15.2,-0.03,-0.002
2000-12-06,1166.21,1196.13,1164.68,1181.55,2478200.0,0.0127320993064699,15.17,0.23,0.0152
2000-12-07,1181.55,1187.68,1163.13,1173.87,1024669.0,0.0052643803826411,15.4,-0.1,-0.0065
2000-12-08,1177.75,1239.13,1177.75,1209.21,7721037.0,0.0396679080917315,15.3,0.46,0.0301
2000-12-11,1212.23,1221.44,1196.89,1212.23,3038613.0,0.0156112995197847,15.76,0.04,0.0025
2000-12-12,1213.73,1226.77,1188.41,1219.87,3309658.0,0.0170038311381054,15.8,0.1,0.0063
2000-12-13,1223.74,1225.27,1193.81,1195.35,1675519.0,0.0086082133394711,15.9,-0.32,-0.0201
2000-12-14,1204.53,1207.6,1177.68,1179.21,1186080.0,0.0060936519834629,15.58,-0.21,-0.0135
2000-12-15,1179.17,1186.84,1150.79,1158.46,1682734.0,0.008645281411659,15.37,-0.27,-0.0176
2000-12-18,1159.97,1173.78,1150.76,1172.24,875215.0,0.0044965395426164,15.1,0.18,0.0119
2000-12-19,1173.73,1186.78,1168.36,1169.9,862327.0,0.0044303256390325,15.28,-0.03,-0.002
2000-12-20,1173.02,1186.83,1166.88,1177.62,1010103.0,0.005189545519233,15.25,0.1,0.0066
2000-12-21,1177.67,1196.85,1176.9,1181.51,1449828.0,0.0074486942431203,15.35,0.05,0.0033
2000-12-22,1189.16,1235.96,1181.49,1223.69,7232387.0,0.0371574003336383,15.4,0.55,0.0357
2000-12-25,1250.5,1310.34,1250.5,1275.81,13058220.0,0.0670884326550449,15.95,0.68,0.0426
2000-12-26,1278.88,1294.99,1262.0,1278.11,4916114.0,0.0252572236502007,16.63,0.03,0.0018
2000-12-27,1281.18,1318.0,1265.83,1284.25,6498316.0,0.0333860078431211,16.66,0.08,0.0048
2000-12-28,1281.17,1315.69,1269.66,1311.09,6737447.0,0.0346145768203043,16.74,0.35,0.0209
2000-12-29,1311.88,1318.02,1277.36,1281.19,5483371.0,0.0281715858712846,17.09,-0.39,-0.0228
2001-01-02,1285.01,1346.38,1277.34,1334.11,6608086.0,0.0339499665796521,16.7,0.69,0.0413
2001-01-03,1342.51,1369.36,1317.96,1324.1,10630438.0,0.0546153628792156,17.39,-0.13,-0.0075
2001-01-04,1327.12,1358.57,1321.75,1326.35,5195291.0,0.0266915345565369,17.26,0.03,0.0017
2001-01-05,1327.11,1342.46,1305.63,1333.25,3872481.0,0.0198954130636825,17.29,0.09,0.0052
2001-01-08,1334.85,1348.66,1288.82,1291.12,4480357.0,0.0230184610816067,17.38,-0.55,-0.0316
2001-01-09,1288.87,1314.95,1285.8,1296.54,2659966.0,0.0136659475683293,16.83,0.07,0.0042
2001-01-10,1297.27,1386.26,1292.67,1377.06,7768673.0,0.039912644708051,16.9,1.05,0.0621
2001-01-11,1380.95,1384.79,1342.59,1351.03,3836194.0,0.0197089835230749,17.95,-0.34,-0.0189
2001-01-12,1343.42,1361.84,1318.1,1321.17,3243921.0,0.0166660981011796,17.61,-0.39,-0.0221
2001-01-15,1320.42,1337.3,1264.41,1265.95,4723846.0,0.0242694198936611,17.22,-0.72,-0.0418
2001-01-16,1252.19,1302.83,1239.92,1298.23,2858347.0,0.0146851577178397,16.5,0.42,0.0255
2001-01-17,1292.88,1296.71,1252.21,1265.25,1425356.0,0.0073229659184379,16.92,-0.43,-0.0254
2001-01-18,1265.28,1289.07,1249.17,1250.7,1800960.0,0.0092526840315471,16.49,-0.19,-0.0115
2001-01-19,1254.5,1280.59,1254.5,1263.71,1559582.0,0.0080125707774122,16.3,0.17,0.0104
2001-02-05,1265.99,1279.03,1193.1,1212.28,1712444.0,0.0087979206943623,16.47,-0.67,-0.0407
2001-02-06,1203.12,1227.67,1196.98,1227.67,1250774.0,0.0064260264619282,15.8,0.2,0.0127
2001-02-07,1233.84,1235.38,1204.69,1211.59,927540.0,0.0047653665526281,16.0,-0.21,-0.0131
2001-02-08,1212.4,1223.91,1176.33,1178.64,999820.0,0.0051367151677002,15.79,-0.43,-0.0272
2001-02-09,1180.18,1216.24,1180.18,1210.11,945305.0,0.0048566367262136,15.36,0.41,0.0267
2001-02-12,1213.9,1216.2,1178.6,1210.83,671170.0,0.0034482298004694,15.77,0.01,0.0006
2001-02-13,1216.17,1220.0,1196.98,1204.66,522237.0,0.002683065670855,15.78,-0.08,-0.0051
2001-02-14,1204.61,1212.28,1194.63,1199.24,455562.0,0.0023405135276628,15.7,-0.07,-0.0045
2001-02-15,1199.96,1217.6,1193.82,1199.96,561141.0,0.0028829404151932,15.63,0.01,0.0006
2001-02-16,1196.85,1212.19,1180.74,1212.19,741867.0,0.0038114455315119,15.64,0.16,0.0102
2001-02-19,1212.24,1233.73,1204.57,1225.29,1126866.0,0.0057894317718846,15.8,0.17,0.0108
2001-02-20,1227.56,1236.76,1206.08,1208.38,989487.0,0.0050836279341703,15.97,-0.22,-0.0138
2001-02-21,1204.6,1204.6,1153.19,1170.07,1723476.0,0.0088545991382122,15.75,-0.5,-0.0317
2001-02-22,1158.53,1181.54,1154.69,1167.73,875264.0,0.0044967912869736,15.25,-0.03,-0.002
2001-02-23,1170.03,1173.87,1147.78,1167.73,1641257.0,0.0084321875197478,15.22,0.0,0.0
2001-02-26,1170.07,1198.46,1162.4,1196.93,1610649.0,0.0082749346363758,15.22,0.38,0.025
2001-02-27,1196.94,1198.47,1173.92,1189.26,953020.0,0.004896273618373,15.6,-0.1,-0.0064
2001-02-28,1196.96,1196.96,1181.61,1183.91,637736.0,0.0032764579466188,15.5,-0.07,-0.0045
2001-03-01,1189.33,1197.01,1177.82,1180.12,1181672.0,0.0060710052665947,15.43,-0.05,-0.0032
2001-03-02,1189.38,1207.8,1185.55,1202.43,1216024.0,0.0062474934739128,15.38,0.29,0.0189
2001-03-05,1203.18,1208.55,1185.53,1188.6,1058514.0,0.0054382638065082,15.67,-0.18,-0.0115
2001-03-06,1200.86,1200.86,1180.14,1185.51,871577.0,0.0044778488085042,15.49,-0.04,-0.0026
2001-03-07,1186.24,1210.8,1186.24,1190.85,931527.0,0.0047858503230804,15.45,0.07,0.0045
2001-03-08,1196.96,1219.21,1190.06,1215.38,1155300.0,0.0059355154260208,15.52,0.32,0.0206
2001-03-09,1217.68,1241.46,1211.54,1227.65,2068327.0,0.0106263194101578,15.84,0.16,0.0101
2001-03-12,1235.36,1247.63,1226.15,1242.26,2231996.0,0.0114671918019706,16.0,0.19,0.0119
2001-03-13,1246.84,1250.68,1220.76,1229.96,2041809.0,0.0104900794741522,16.19,-0.16,-0.0099
2001-03-14,1231.5,1255.29,1227.67,1249.15,1611324.0,0.0082784025433372,16.03,0.25,0.0156
2001-03-15,1249.11,1254.48,1229.16,1234.54,1397547.0,0.007180093289266,16.28,-0.19,-0.0117
2001-03-16,1235.31,1239.15,1216.13,1219.97,1885783.0,0.0096884740644229,16.09,-0.19,-0.0118
2001-03-19,1229.15,1236.82,1216.11,1233.75,1274379.0,0.0065473004527802,15.9,0.18,0.0113
2001-03-20,1235.25,1251.36,1231.41,1231.41,1358608.0,0.0069800387275298,16.08,-0.03,-0.0019
2001-03-21,1242.97,1256.79,1235.3,1249.88,1584317.0,0.0081396503013996,16.05,0.24,0.015
2001-03-22,1252.16,1279.01,1246.79,1267.5,2852281.0,0.0146539927939462,16.29,0.23,0.0141
2001-03-23,1272.91,1279.82,1249.12,1249.12,3719625.0,0.0191100939725721,16.52,-0.24,-0.0145
2001-03-26,1249.16,1269.88,1246.86,1258.37,1634283.0,0.008396357618786,16.28,0.12,0.0074
2001-03-27,1266.07,1269.91,1246.89,1264.53,2787021.0,0.0143187104112732,16.4,0.08,0.0049
2001-03-28,1263.02,1264.55,1249.21,1251.51,1623930.0,0.0083431676324573,16.48,-0.17,-0.0103
2001-03-29,1250.69,1266.04,1249.93,1253.76,1573529.0,0.0080842254416957,16.31,0.03,0.0018
2001-03-30,1253.74,1264.48,1239.16,1248.37,1518640.0,0.0078022255228704,16.34,-0.07,-0.0043
2001-04-02,1246.86,1250.69,1235.35,1242.25,1838701.0,0.0094465837006317,16.27,-0.08,-0.0049
2001-04-03,1249.12,1273.68,1240.68,1265.24,1830400.0,0.0094039361514658,16.19,0.3,0.0185
2001-04-04,1266.01,1295.17,1262.17,1264.48,4500910.0,0.023124054995353,16.49,-0.01,-0.0006
2001-04-05,1266.78,1319.72,1266.78,1309.75,7034511.0,0.036140784692299,16.48,0.59,0.0358
2001-04-06,1311.99,1317.36,1292.04,1296.65,2674692.0,0.0137416044541283,17.07,-0.17,-0.01
2001-04-09,1296.71,1318.19,1289.81,1310.52,1977880.0,0.0101616352902432,16.9,0.18,0.0107
2001-04-10,1315.85,1335.03,1296.67,1303.58,1937597.0,0.0099546757404238,17.08,-0.09,-0.0053
2001-04-11,1304.35,1310.49,1281.33,1290.54,1769885.0,0.0090930318703218,16.99,-0.17,-0.01
2001-04-12,1290.5,1311.98,1282.83,1285.89,1784362.0,0.009167409483775,16.82,-0.06,-0.0036
2001-04-13,1285.93,1302.81,1279.79,1292.07,1413902.0,0.007264119390532,16.76,0.08,0.0048
2001-04-16,1273.61,1290.49,1272.08,1275.92,5546767.0,0.0284972916931041,16.84,-0.21,-0.0125
2001-04-17,1274.33,1319.6,1273.56,1298.88,3810033.0,0.0195745777245289,16.63,0.3,0.018
2001-04-18,1311.87,1318.0,1300.36,1303.43,3504829.0,0.0180065494633991,16.93,0.06,0.0035
2001-04-19,1304.23,1304.23,1272.01,1291.96,2062956.0,0.0105987251460245,16.99,-0.15,-0.0088
2001-04-20,1296.61,1420.9,1275.12,1420.9,23904238.0,0.1228113679531488,16.84,1.68,0.0998
2001-04-23,1434.76,1494.61,1411.75,1439.37,34979272.0,0.1797109050004136,18.52,0.24,0.013
2001-04-24,1443.2,1473.13,1427.09,1437.06,9870390.0,0.0507105099159019,18.76,-0.03,-0.0016
2001-04-25,1442.36,1509.88,1435.46,1458.48,13254750.0,0.0680981330330211,18.73,0.28,0.0149
2001-04-26,1448.53,1463.87,1382.55,1390.22,10693817.0,0.054940981361156,19.01,-0.89,-0.0468
2001-04-27,1396.32,1430.84,1390.18,1402.45,6511714.0,0.0334548419430759,18.12,0.16,0.0088
2001-04-30,1403.98,1486.07,1403.98,1427.0,9663726.0,0.0496487446947445,18.28,0.32,0.0175
2001-05-08,1427.76,1442.34,1400.91,1433.13,3256218.0,0.0167292756595573,18.6,0.08,0.0043
2001-05-09,1438.48,1492.19,1411.63,1463.8,7633986.0,0.039220671397063,18.68,0.4,0.0214
2001-05-10,1456.95,1501.45,1442.37,1450.04,6945725.0,0.0356846341923296,19.08,-0.18,-0.0094
2001-05-11,1450.04,1487.64,1434.7,1450.04,5639279.0,0.0289725850395007,18.9,0.0,0.0
2001-05-14,1478.38,1526.71,1440.78,1503.69,14274657.0,0.0733380479742542,18.9,0.7,0.037
2001-05-15,1525.14,1567.34,1488.32,1512.87,17996962.0,0.0924619108218734,19.6,0.12,0.0061
2001-05-16,1512.88,1520.56,1449.97,1457.65,11495006.0,0.0590572019693601,19.72,-0.72,-0.0365
2001-05-17,1453.83,1472.25,1407.8,1419.31,8865549.0,0.0455479986580484,19.0,-0.5,-0.0263
2001-05-18,1417.75,1452.28,1411.62,1442.3,4891907.0,0.0251328568001031,18.5,0.3,0.0162
2001-05-21,1444.59,1446.12,1390.12,1399.32,7205630.0,0.0370199325016864,18.8,-0.56,-0.0298
2001-05-22,1403.96,1434.64,1400.12,1408.56,3371819.0,0.0173231919745954,18.24,0.12,0.0066
2001-05-23,1412.36,1431.54,1401.62,1419.26,2394264.0,0.0123008663602235,18.36,0.14,0.0076
2001-05-24,1419.21,1449.13,1415.37,1416.14,2973805.0,0.0152783393503659,18.5,-0.04,-0.0022
2001-05-25,1416.18,1429.99,1357.88,1367.85,5499764.0,0.0282558072028684,18.46,-0.63,-0.0341
2001-05-28,1367.13,1371.73,1311.13,1319.57,5282490.0,0.0271395316219169,17.83,-0.63,-0.0353
2001-05-29,1313.39,1334.88,1310.33,1322.6,2318602.0,0.0119121422468646,17.2,0.04,0.0023
2001-05-30,1322.6,1347.92,1322.6,1334.11,1819383.0,0.009347334772215,17.24,0.15,0.0087
2001-05-31,1334.91,1341.81,1304.99,1313.43,4590017.0,0.0235818546777441,17.39,-0.27,-0.0155
2001-06-01,1313.4,1357.13,1311.87,1350.99,2864871.0,0.0147186756808272,17.12,0.49,0.0286
2001-06-04,1350.93,1363.2,1327.15,1359.37,3246126.0,0.0166774265972537,17.61,0.11,0.0062
2001-06-05,1357.83,1357.83,1340.95,1346.32,1765658.0,0.0090713150662832,17.72,-0.17,-0.0096
2001-06-06,1346.38,1348.68,1321.83,1327.2,2311603.0,0.0118761839049043,17.55,-0.25,-0.0142
2001-06-07,1329.52,1369.42,1327.99,1348.7,3111182.0,0.0159841329128003,17.3,0.28,0.0162
2001-06-08,1350.22,1384.74,1350.22,1365.56,3167954.0,0.0162758070076381,17.58,0.22,0.0125
2001-06-11,1366.28,1380.09,1342.5,1344.8,1837484.0,0.0094403311928212,17.8,-0.27,-0.0152
2001-06-12,1346.38,1380.91,1332.57,1371.7,1620289.0,0.0083244614854252,17.53,0.35,0.02
2001-06-13,1373.25,1407.77,1365.58,1403.93,3578959.0,0.0183874027123656,17.88,0.42,0.0235
2001-06-14,1410.13,1419.33,1361.79,1368.7,2744245.0,0.0140989427250761,18.3,-0.46,-0.0251
2001-06-15,1368.65,1433.86,1366.34,1393.2,4090193.0,0.021013938930929,17.84,0.32,0.0179
2001-06-18,1399.33,1419.28,1374.01,1394.73,3805603.0,0.0195518179795819,18.16,0.02,0.0011
2001-06-19,1403.87,1403.87,1361.67,1369.34,1973911.0,0.0101412439973099,18.18,-0.33,-0.0182
2001-06-20,1367.05,1419.22,1354.01,1410.01,5393445.0,0.0277095784617803,17.85,0.53,0.0297
2001-06-21,1418.41,1442.19,1400.0,1419.18,4235731.0,0.0217616607729373,18.38,0.12,0.0065
2001-06-22,1418.47,1426.9,1403.89,1422.3,1917286.0,0.0098503251355437,18.5,0.04,0.0022
2001-06-25,1423.78,1442.19,1415.35,1426.85,2589300.0,0.013302891104125,18.54,0.06,0.0032
2001-06-26,1428.38,1456.0,1426.85,1445.26,4370069.0,0.0224518410475853,18.6,0.24,0.0129
2001-06-27,1446.0,1449.84,1407.65,1410.72,3095324.0,0.015902660218586,18.84,-0.45,-0.0239
2001-06-28,1385.43,1430.69,1385.43,1419.18,3996098.0,0.0205305127005028,18.39,0.11,0.006
2001-07-02,1407.7,1442.22,1384.69,1392.36,2953801.0,0.0151755660009484,18.5,-0.35,-0.0189
2001-07-03,1392.38,1403.12,1365.53,1378.57,1859807.0,0.0095550187292664,18.15,-0.18,-0.0099
2001-07-04,1375.44,1384.64,1350.12,1354.73,1433279.0,0.0073636714397054,17.97,-0.31,-0.0173
2001-07-05,1353.91,1364.65,1347.01,1353.91,1692345.0,0.0086946592691501,17.66,-0.01,-0.0006
2001-07-06,1353.91,1362.35,1349.31,1351.61,1297182.0,0.0066644540563979,17.65,-0.03,-0.0017
2001-07-09,1348.57,1355.47,1323.26,1333.23,1652142.0,0.0084881107305261,17.62,-0.24,-0.0136
2001-07-10,1342.39,1353.9,1330.89,1347.76,1289278.0,0.0066238461502893,17.38,0.19,0.0109
2001-07-11,1357.03,1357.03,1318.67,1324.04,1058321.0,0.0054372722419992,17.57,-0.31,-0.0176
2001-07-12,1319.49,1334.07,1316.42,1325.63,1223506.0,0.0062859332959655,17.26,0.02,0.0012
2001-07-13,1327.96,1350.21,1321.82,1326.42,779904.0,0.0040068659420196,17.28,0.01,0.0006
2001-07-16,1365.55,1365.55,1325.66,1326.42,883393.0,0.0045385551620694,17.29,0.0,0.0
2001-07-17,1324.06,1341.71,1296.44,1314.09,1504588.0,0.0077300314063929,17.29,-0.16,-0.0093
2001-07-18,1316.34,1342.42,1310.2,1326.31,722961.0,0.0037143133107516,17.13,0.16,0.0093
2001-07-19,1326.35,1345.53,1323.28,1330.95,596888.0,0.0030665956302317,17.29,0.06,0.0035
2001-07-20,1334.74,1403.78,1333.21,1378.47,2970667.0,0.0152622174362251,17.35,0.62,0.0357
2001-07-23,1396.12,1396.12,1363.9,1366.2,1247106.0,0.0064071815986177,17.97,-0.16,-0.0089
2001-07-24,1357.81,1395.4,1356.28,1376.99,2621368.0,0.0134676449418136,17.81,0.14,0.0079
2001-07-25,1380.83,1417.65,1361.65,1371.62,3873789.0,0.0199021330967278,17.95,-0.07,-0.0039
2001-07-26,1373.22,1375.52,1327.19,1334.86,1427318.0,0.0073330459680058,17.88,-0.48,-0.0268
2001-07-27,1334.85,1350.96,1315.68,1319.51,1269541.0,0.0065224445507365,17.4,-0.2,-0.0115
2001-07-30,1319.46,1319.46,1225.87,1227.41,2853026.0,0.0146578203357036,17.2,-1.2,-0.0698
2001-07-31,1196.69,1265.73,1195.16,1215.87,1890749.0,0.0097139875843793,16.0,-0.15,-0.0094
2001-08-01,1231.16,1274.12,1231.16,1254.17,1863141.0,0.009572147620836,15.85,0.5,0.0315
2001-08-02,1263.33,1263.33,1182.02,1223.44,2159877.0,0.0110966703469294,16.35,-0.4,-0.0245
2001-08-03,1227.31,1249.55,1218.87,1234.21,1278677.0,0.0065693820292547,15.95,0.14,0.0088
2001-08-06,1223.44,1223.44,1180.49,1185.09,1829402.0,0.0093988087868028,16.09,-0.64,-0.0398
2001-08-07,1188.94,1227.3,1185.11,1217.32,1231185.0,0.006325385233087,15.45,0.42,0.0272
2001-08-08,1219.6,1230.34,1204.26,1212.7,557568.0,0.0028645836276772,15.87,-0.06,-0.0038
2001-08-09,1212.69,1247.97,1210.39,1238.77,1140149.0,0.005857675043246,15.81,0.34,0.0215
2001-08-10,1242.63,1260.27,1238.79,1257.97,1193949.0,0.0061340800721735,16.15,0.25,0.0155
2001-08-13,1257.2,1257.2,1235.72,1242.62,792398.0,0.0040710556154661,16.4,-0.2,-0.0122
2001-08-14,1241.14,1251.88,1218.13,1231.94,937235.0,0.0048151759718745,16.2,-0.14,-0.0086
2001-08-15,1227.38,1245.79,1218.18,1244.26,1090145.0,0.0056007724955418,16.06,0.16,0.01
2001-08-16,1244.98,1258.79,1224.27,1231.94,841850.0,0.0043251221859219,16.22,-0.16,-0.0099
2001-08-17,1219.69,1227.36,1209.71,1221.22,341706.0,0.0017555623943251,16.06,-0.14,-0.0087
2001-08-20,1221.26,1242.74,1213.59,1231.23,523599.0,0.0026900631364572,15.92,0.13,0.0082
2001-08-21,1227.44,1238.94,1218.23,1223.6,699740.0,0.0035950121736378,16.05,-0.1,-0.0062
2001-08-22,1215.9,1221.27,1198.25,1204.39,976528.0,0.0050170492581504,15.95,-0.25,-0.0157
2001-08-23,1201.31,1225.86,1187.51,1212.82,594085.0,0.0030521948254718,15.7,0.11,0.007
2001-08-24,1210.57,1219.78,1185.26,1190.63,1246403.0,0.0064035698377379,15.81,-0.29,-0.0183
2001-08-27,1173.76,1177.6,1104.72,1110.85,3733963.0,0.0191837574540733,15.52,-1.04,-0.067
2001-08-28,1109.28,1113.89,999.58,1050.98,5874960.0,0.030183429158881,14.48,-0.78,-0.0539
2001-08-29,1050.95,1068.59,1016.43,1044.04,2404216.0,0.0123519961529352,13.7,-0.09,-0.0066
2001-08-30,1045.57,1081.62,1045.57,1066.28,2031241.0,0.0104357848952358,13.61,0.29,0.0213
2001-08-31,1062.46,1078.57,1058.63,1061.7,1101500.0,0.0056591103970933,13.9,-0.06,-0.0043
2001-09-03,1046.34,1077.02,1046.34,1072.42,1040787.0,0.0053471888632406,13.84,0.14,0.0101
2001-09-04,1064.73,1093.12,1061.67,1093.12,870634.0,0.004473004014038,13.98,0.27,0.0193
2001-09-05,1097.73,1111.54,1085.45,1090.06,1070329.0,0.0054989650224335,14.25,-0.04,-0.0028
2001-09-06,1086.26,1103.14,1078.59,1082.43,533282.0,0.0027398109040242,14.21,-0.1,-0.007
2001-09-07,1093.14,1100.04,1072.43,1084.7,2259051.0,0.0116061906506255,14.11,0.03,0.0021
2001-09-10,1081.63,1150.67,1061.69,1137.63,2946656.0,0.0151388575635564,14.14,0.69,0.0488
2001-09-11,1146.07,1149.14,1124.59,1137.63,1124145.0,0.0057754522536,14.83,0.0,0.0
2001-09-12,1074.73,1162.18,1074.73,1137.63,2612561.0,0.0134223977468366,14.83,0.0,0.0
2001-09-13,1145.34,1166.05,1136.13,1144.57,1663304.0,0.0085454570675687,14.83,0.09,0.0061
2001-09-14,1149.99,1169.94,1127.75,1127.75,1226309.0,0.0063003341007254,14.92,-0.22,-0.0147
2001-09-17,1120.08,1139.26,1113.17,1123.91,1363741.0,0.0070064102333567,14.7,-0.05,-0.0034
2001-09-18,1120.09,1150.78,1120.09,1137.74,613509.0,0.0031519883437224,14.65,0.18,0.0123
2001-09-19,1125.47,1135.44,1089.41,1117.03,1758030.0,0.0090321251487988,14.83,-0.27,-0.0182
2001-09-20,1112.37,1112.37,1064.81,1090.89,2367089.0,0.0121612509947755,14.56,-0.34,-0.0234
2001-09-21,1083.99,1112.38,1082.46,1090.13,768960.0,0.0039506396104846,14.22,-0.01,-0.0007
2001-09-24,1067.11,1081.69,1047.16,1049.47,1338100.0,0.0068746760075811,14.21,-0.53,-0.0373
2001-09-25,1047.18,1072.49,1042.57,1064.05,1073514.0,0.0055153284056516,13.68,0.19,0.0139
2001-09-26,1064.1,1070.24,1028.04,1029.58,1027534.0,0.0052790997210775,13.87,-0.45,-0.0324
2001-09-27,1035.74,1066.43,1030.37,1049.55,828714.0,0.0042576341476321,13.42,0.26,0.0194
2001-09-28,1035.77,1035.77,997.41,1014.29,1279959.0,0.0065759684836615,13.68,-0.46,-0.0336
2001-10-08,1013.56,1040.42,997.45,1015.1,437041.0,0.0022453592982805,13.22,0.01,0.0008
2001-10-09,1015.13,1052.73,1013.6,1043.52,960580.0,0.0049351141763412,13.23,0.37,0.028
2001-10-10,1043.48,1043.48,1001.28,1005.12,498200.0,0.0025595722195477,13.6,-0.5,-0.0368
2001-10-11,993.57,1014.29,955.21,958.28,1207229.0,0.0062023079306151,13.1,-0.61,-0.0466
2001-10-12,959.02,1011.19,934.47,997.38,1133559.0,0.0058238179960224,12.49,0.51,0.0408
2001-10-15,997.37,1008.11,975.89,989.7,481959.0,0.0024761318092353,13.0,-0.1,-0.0077
2001-10-16,989.71,997.38,959.78,965.15,283410.0,0.0014560585362144,12.9,-0.32,-0.0248
2001-10-17,962.86,985.88,955.96,966.7,297565.0,0.001528781829606,12.58,0.02,0.0016
2001-10-18,966.7,972.07,942.15,942.92,349248.0,0.0017943104747744,12.6,-0.31,-0.0246
2001-10-19,939.82,947.49,889.95,922.17,1018021.0,0.0052302253523008,12.29,-0.27,-0.022
2001-10-22,920.68,921.45,888.46,889.99,829915.0,0.0042638044532035,12.02,-0.42,-0.0349
2001-10-23,959.04,978.99,959.04,978.99,2345182.0,0.0120487007165466,11.6,1.16,0.1
2001-10-24,1008.17,1035.02,972.87,1003.56,3957446.0,0.0203319326414302,12.76,0.32,0.0251
2001-10-25,997.38,997.38,962.85,987.4,1387587.0,0.0071289223954348,13.08,-0.21,-0.0161
2001-10-26,1020.41,1064.91,998.93,1001.23,4185129.0,0.0215016859165472,12.87,0.18,0.014
2001-10-29,997.43,1031.96,997.43,1020.45,1299311.0,0.0066753920918363,13.05,0.25,0.0192
2001-10-30,1020.44,1027.35,1002.03,1004.33,625960.0,0.0032159570986514,13.3,-0.21,-0.0158
2001-10-31,1001.21,1001.21,974.36,1001.21,688609.0,0.0035378251034335,13.09,-0.04,-0.0031
2001-11-01,1005.09,1027.34,1001.26,1015.83,733211.0,0.0037669741201663,13.05,0.19,0.0146
2001-11-02,1008.92,1028.1,1001.25,1002.02,551000.0,0.0028308396085323,13.24,-0.18,-0.0136
2001-11-05,997.42,997.42,972.1,982.08,670160.0,0.0034430407841271,13.06,-0.26,-0.0199
2001-11-06,982.03,989.7,974.36,975.89,330447.0,0.0016977177062081,12.8,-0.08,-0.0063
2001-11-07,975.89,978.2,919.89,920.65,981975.0,0.0050450339829194,12.72,-0.72,-0.0566
2001-11-08,905.34,941.4,897.67,936.03,699494.0,0.0035937483142118,12.0,0.2,0.0167
2001-11-09,940.62,959.8,903.8,959.8,908369.0,0.004666872857283,12.2,0.31,0.0254
2001-11-12,955.19,963.63,936.01,940.61,384705.0,0.0019764757742294,12.51,-0.25,-0.02
2001-11-13,920.64,947.49,909.13,932.14,400919.0,0.0020597774682635,12.26,-0.11,-0.009
2001-11-14,939.77,951.28,936.7,943.61,350400.0,0.0018002290359886,12.15,0.15,0.0123
2001-11-15,951.28,958.18,939.01,943.61,256899.0,0.0013198545636884,12.3,0.0,0.0
2001-11-16,1030.34,1030.34,952.08,958.99,1526428.0,0.0078422374627456,12.3,0.2,0.0163
2001-11-20,944.41,1001.18,944.41,991.21,2053971.0,0.0105525634511377,12.5,0.42,0.0336
2001-11-21,991.23,991.23,975.12,985.86,865702.0,0.0044476651738397,12.92,-0.07,-0.0054
2001-11-22,989.71,1020.4,985.88,1011.2,2231760.0,0.0114659793189441,12.85,0.33,0.0257
2001-11-23,1018.07,1021.91,1001.19,1005.03,1361837.0,0.0069966281669054,13.18,-0.08,-0.0061
2001-11-26,1001.15,1008.06,981.97,995.78,620108.0,0.0031858916297056,13.1,-0.12,-0.0092
2001-11-27,984.23,997.27,984.23,997.27,979171.0,0.0050306280405195,12.98,0.02,0.0015
2001-11-28,998.07,1016.48,998.07,1008.05,1217990.0,0.0062575940740405,13.0,0.14,0.0108
2001-11-29,1007.24,1015.68,999.57,1003.41,738763.0,0.0037954982971292,13.14,-0.06,-0.0046
2001-11-30,1003.41,1031.79,1001.87,1027.19,1322173.0,0.0067928488162106,13.08,0.31,0.0237
2001-12-03,1027.97,1039.48,1024.9,1030.27,1578005.0,0.0081072215180801,13.39,0.04,0.003
2001-12-04,1033.32,1034.08,1017.21,1027.18,1077991.0,0.0055383296196759,13.43,-0.04,-0.003
2001-12-05,1024.16,1024.16,1000.38,1001.91,1728480.0,0.0088803078884864,13.39,-0.33,-0.0246
2001-12-06,997.32,1011.13,990.41,1008.82,812098.0,0.004172267122341,13.06,0.09,0.0069
2001-12-07,1008.8,1020.31,1008.8,1014.17,540712.0,0.0027779835687999,13.15,0.07,0.0053
2001-12-10,1014.93,1034.11,1003.42,1033.34,989277.0,0.0050825490297823,13.22,0.25,0.0189
2001-12-11,1033.29,1034.83,1006.44,1008.75,727169.0,0.0037359324996313,13.47,-0.32,-0.0238
2001-12-12,1003.34,1010.24,997.2,1000.27,774492.0,0.0039790610346487,13.15,-0.11,-0.0084
2001-12-13,997.18,999.48,974.16,974.16,938060.0,0.0048194145248273,13.04,-0.34,-0.0261
2001-12-14,974.18,991.82,964.97,968.81,745582.0,0.0038305318638998,12.7,-0.07,-0.0055
2001-12-17,967.28,969.58,958.84,960.38,309510.0,0.0015901509387238,12.63,-0.11,-0.0087
2001-12-18,966.55,979.59,958.87,979.59,317246.0,0.001629895721322,12.52,0.25,0.02
2001-12-19,978.06,980.36,947.37,948.14,955848.0,0.0049108028641315,12.77,-0.41,-0.0321
2001-12-20,947.33,955.0,920.48,926.62,938090.0,0.0048195686540256,12.36,-0.28,-0.0227
2001-12-21,926.65,935.85,920.51,931.25,511734.0,0.0026291050385348,12.08,0.06,0.005
2001-12-24,931.24,932.0,903.62,905.92,725805.0,0.0037289247587492,12.14,-0.33,-0.0272
2001-12-25,908.19,934.27,898.99,932.74,1215451.0,0.0062445496062255,11.81,0.35,0.0296
2001-12-26,839.17,944.25,839.17,928.91,558508.0,0.0028694130092236,12.16,-0.05,-0.0041
2001-12-27,928.91,935.81,905.9,908.2,839700.0,0.0043140762600447,12.11,-0.27,-0.0223
2001-12-28,899.0,911.27,844.54,866.78,2023304.0,0.010395007447009,11.84,-0.54,-0.0456
2001-12-31,866.77,874.44,841.45,845.29,2754455.0,0.014151398028893,11.3,-0.28,-0.0248
2002-01-04,847.55,864.43,843.72,849.85,1059629.0,0.0054439922750445,11.02,0.06,0.0054
2002-01-07,843.71,855.22,834.51,851.38,943932.0,0.004849582746572,11.08,0.02,0.0018
2002-01-08,851.38,865.95,847.55,852.15,724485.0,0.0037221430740246,11.1,0.01,0.0009
2002-01-09,851.38,882.83,849.08,877.46,2221056.0,0.0114109860209954,11.11,0.33,0.0297
2002-01-10,878.24,918.89,865.97,916.59,2132558.0,0.0109563151613296,11.44,0.51,0.0446
2002-01-11,905.85,914.29,893.58,895.88,1518649.0,0.0078022717616299,11.95,-0.27,-0.0226
2002-01-14,880.52,904.3,880.52,885.13,1227950.0,0.0063087649678717,11.68,-0.14,-0.012
2002-01-15,885.15,889.76,845.27,869.81,1138376.0,0.0058485660076273,11.54,-0.2,-0.0173
2002-01-16,865.17,877.44,830.66,855.2,1433346.0,0.0073640156615816,11.34,-0.19,-0.0168
2002-01-17,847.49,849.79,770.02,770.02,1015401.0,0.0052167647356504,11.15,-1.11,-0.0996
2002-01-18,759.3,759.3,697.94,716.35,2171785.0,0.0111578493633693,10.04,-0.7,-0.0697
2002-01-21,710.19,710.19,652.67,678.74,1716078.0,0.0088165908779147,9.34,-0.49,-0.0525
2002-01-22,674.91,703.29,658.04,701.75,1450337.0,0.0074513093018512,8.85,0.3,0.0339
2002-01-23,706.32,766.91,701.72,761.54,3475827.0,0.0178575476297755,9.15,0.78,0.0852
2002-01-24,761.56,771.53,727.82,747.76,2987414.0,0.0153482574923487,9.93,-0.18,-0.0181
2002-01-25,736.22,749.26,728.55,736.99,980066.0,0.0050352262282684,9.75,-0.14,-0.0144
2002-01-28,729.32,732.39,663.37,663.37,2606685.0,0.0133922089745322,9.61,-0.96,-0.0999
2002-01-29,659.51,691.72,637.27,685.59,2366546.0,0.0121584612562865,8.65,0.29,0.0335
2002-01-31,680.99,748.47,680.22,739.27,3967316.0,0.0203826411476665,8.94,0.7,0.0783
2002-02-01,736.2,789.11,724.69,753.83,4233495.0,0.021750173010025,9.64,0.19,0.0197
2002-02-04,747.66,776.03,739.99,773.73,2065829.0,0.0106134855855804,9.83,0.26,0.0264
2002-02-05,770.7,803.67,761.5,786.04,3488141.0,0.0179208125280322,10.09,0.16,0.0159
2002-02-06,786.84,792.98,750.03,756.17,1880801.0,0.0096628783422274,10.25,-0.39,-0.038
2002-02-07,759.2,781.44,758.44,769.17,1247174.0,0.0064075309581338,9.86,0.17,0.0172
2002-02-08,774.55,779.15,743.11,746.18,2005947.0,0.0103058334305203,10.03,-0.3,-0.0299
2002-02-25,773.03,812.91,770.73,789.9,4632690.0,0.023801093187027,9.73,0.57,0.0586
2002-02-26,786.05,789.88,763.04,781.45,1742158.0,0.0089505805276253,10.3,-0.11,-0.0107
2002-02-27,782.21,786.81,771.47,776.84,2014007.0,0.01034724280846,10.19,-0.06,-0.0059
2002-02-28,766.85,766.85,744.61,751.51,1833873.0,0.0094217791749875,10.13,-0.33,-0.0326
2002-03-01,751.5,772.2,743.83,756.1,1513362.0,0.0077751090592518,9.8,0.06,0.0061
2002-03-04,755.31,774.48,743.81,773.71,1002463.0,0.0051502939500693,9.86,0.23,0.0233
2002-03-05,774.48,851.16,773.72,851.16,9617568.0,0.0494116015102606,10.09,1.01,0.1001
2002-03-06,868.02,902.53,854.22,860.36,13123817.0,0.0674254464223787,11.1,0.12,0.0108
2002-03-07,866.49,916.34,858.82,913.27,9682318.0,0.0497442636965627,11.22,0.69,0.0615
2002-03-08,920.21,927.11,881.86,912.54,8470893.0,0.0435203982287472,11.91,-0.01,-0.0008
2002-03-11,904.1,954.71,889.53,924.04,6491921.0,0.0333531526356863,11.9,0.15,0.0126
2002-03-12,922.51,1004.56,908.7,962.38,12935111.0,0.0664559429393157,12.05,0.5,0.0415
2002-03-13,920.2,934.01,886.46,889.53,7446149.0,0.0382556325231103,12.55,-0.95,-0.0757
2002-03-14,881.83,920.17,875.7,917.11,5430288.0,0.0278988645301962,11.6,0.36,0.031
2002-03-15,920.18,930.15,866.5,870.33,4805773.0,0.0246903313212622,11.96,-0.61,-0.051
2002-03-18,881.84,902.55,858.84,878.78,2568364.0,0.0131953294742807,11.35,0.11,0.0097
2002-03-19,874.98,904.89,874.22,894.15,3061318.0,0.0157279496346881,11.46,0.2,0.0175
2002-03-20,901.85,925.62,893.41,916.42,3426603.0,0.0176046524412266,11.66,0.29,0.0249
2002-03-21,928.71,941.75,896.5,917.98,4236638.0,0.0217663206123655,11.95,0.02,0.0017
2002-03-22,884.24,901.11,826.72,878.87,5134744.0,0.0263804658709147,11.97,-0.51,-0.0426
2002-03-26,835.19,856.67,835.19,835.19,4964776.0,0.0255072314851016,11.46,-0.57,-0.0497
2002-03-27,796.07,811.4,793.77,793.77,8363490.0,0.042968600285961,10.89,-0.54,-0.0496
2002-03-28,768.43,815.98,768.43,799.88,14238943.0,0.0731545623013338,10.35,0.08,0.0077
2002-03-29,789.89,801.4,774.56,788.36,6740242.0,0.0346289365239447,10.43,-0.15,-0.0144
2002-04-01,788.33,825.14,786.03,809.8,5549765.0,0.0285126943376528,10.28,0.28,0.0272
2002-04-02,816.73,822.1,798.33,806.0,3904050.0,0.0200576032190396,10.56,-0.05,-0.0047
2002-04-03,796.02,816.73,775.32,783.75,4583052.0,0.0235460710155418,10.51,-0.29,-0.0276
2002-04-04,769.16,796.0,753.82,789.86,5960322.0,0.0306219883796859,10.22,0.08,0.0078
2002-04-05,789.88,797.55,774.54,779.91,4604924.0,0.0236584414763727,10.3,-0.13,-0.0126
2002-04-08,774.56,797.56,771.49,789.9,2774642.0,0.0142551115664201,10.17,0.13,0.0128
2002-04-09,789.9,819.05,779.17,806.01,5902671.0,0.0303257982993384,10.3,0.21,0.0204
2002-04-10,809.06,824.4,806.0,813.67,4395256.0,0.0225812427848269,10.51,0.1,0.0095
2002-04-11,809.05,820.55,789.87,796.01,3482362.0,0.0178911221068022,10.61,-0.23,-0.0217
2002-04-12,795.97,809.78,790.61,801.34,2252805.0,0.0115741009515422,10.38,0.07,0.0067
2002-04-15,801.3,804.37,771.4,784.43,3144564.0,0.0161556376093739,10.45,-0.22,-0.0211
2002-04-16,782.16,789.83,772.96,775.26,2138988.0,0.0109893501861623,10.23,-0.12,-0.0117
2002-04-17,767.62,781.42,758.41,770.68,5276969.0,0.0271111667117922,10.11,-0.06,-0.0059
2002-04-18,769.16,782.19,766.86,772.22,2673935.0,0.0137377152606915,10.05,0.02,0.002
2002-04-19,770.72,770.72,733.91,753.84,4867710.0,0.025008541326405,10.07,-0.24,-0.0238
2002-04-22,747.68,757.65,740.01,742.31,1723623.0,0.0088553543712838,9.83,-0.15,-0.0153
2002-04-23,736.17,741.53,706.26,707.79,3960041.0,0.020345264817082,9.68,-0.45,-0.0465
2002-04-24,692.45,723.89,686.31,707.02,2214590.0,0.0113777660411247,9.23,-0.01,-0.0011
2002-04-25,705.45,728.45,705.45,724.62,1997180.0,0.010260791741141,9.22,0.23,0.0249
2002-04-26,728.44,744.55,723.08,735.34,2687897.0,0.0138094469895741,9.45,0.14,0.0148
2002-04-29,736.09,759.1,732.26,759.1,3417170.0,0.0175561890836454,9.59,0.31,0.0323
2002-04-30,759.07,785.9,751.4,762.13,3200449.0,0.0164427546175823,9.9,0.04,0.004
2002-05-08,754.46,772.86,744.49,763.66,1177854.0,0.0060513897572927,9.94,0.02,0.002
2002-05-09,761.35,788.95,755.22,783.59,3384486.0,0.0173882704597519,9.96,0.26,0.0261
2002-05-10,783.61,783.61,759.08,759.85,1826138.0,0.0093820395300292,10.22,-0.31,-0.0303
2002-05-13,755.27,766.77,751.44,756.81,1164631.0,0.0059834547443279,9.91,-0.04,-0.004
2002-05-14,756.83,764.5,739.96,743.03,1365890.0,0.007017451021594,9.87,-0.18,-0.0182
2002-05-15,739.99,747.66,724.66,725.42,1521013.0,0.0078144171424549,9.69,-0.23,-0.0237
2002-05-16,717.75,725.42,689.38,693.21,2331203.0,0.0119768816477849,9.46,-0.42,-0.0444
2002-05-17,693.22,710.86,687.09,703.96,1510634.0,0.0077610935774876,9.04,0.14,0.0155
2002-05-20,703.93,710.06,679.39,707.76,1472349.0,0.0075643990322741,9.18,0.05,0.0054
2002-05-21,720.05,735.39,710.08,727.72,2209266.0,0.0113504132460688,9.23,0.26,0.0282
2002-05-22,728.47,729.23,701.63,702.39,1195644.0,0.0061427883718767,9.49,-0.33,-0.0348
2002-05-23,703.94,725.42,703.94,713.91,1137438.0,0.0058437469013609,9.16,0.15,0.0164
2002-05-24,709.28,719.25,699.31,700.85,855600.0,0.0043957647351366,9.31,-0.17,-0.0183
2002-05-27,705.47,714.67,697.8,704.7,523415.0,0.0026891178107077,9.14,0.05,0.0055
2002-05-28,707.02,722.36,705.49,719.29,936634.0,0.0048120882502688,9.19,0.19,0.0207
2002-05-29,718.53,718.53,691.7,694.76,1067293.0,0.0054833671475668,9.38,-0.32,-0.0341
2002-05-30,694.75,702.42,682.48,699.35,854858.0,0.004391952606299,9.06,0.06,0.0066
2002-05-31,701.61,703.91,687.04,688.58,890393.0,0.0045745186416696,9.12,-0.14,-0.0154
2002-06-03,681.71,681.71,660.24,663.31,1549607.0,0.0079613228189819,8.98,-0.33,-0.0367
2002-06-04,661.79,674.82,657.95,667.15,740768.0,0.0038057992652147,8.65,0.05,0.0058
2002-06-05,667.17,667.17,634.2,634.2,1685470.0,0.0086593379945427,8.7,-0.43,-0.0494
2002-06-06,630.39,665.66,621.95,664.13,2335498.0,0.0119989478113396,8.27,0.39,0.0472
2002-06-07,659.55,686.39,653.41,667.98,1979183.0,0.0101683296350888,8.66,0.05,0.0058
2002-06-10,659.57,674.91,651.9,659.57,957554.0,0.004919567677874,8.71,-0.11,-0.0126
2002-06-11,661.1,692.54,661.1,692.54,2374445.0,0.0121990434741954,8.6,0.43,0.05
2002-06-12,690.25,697.15,671.07,681.81,2292931.0,0.0117802538918906,9.03,-0.14,-0.0155
2002-06-13,688.75,688.75,659.6,661.9,1104371.0,0.0056738605613693,8.89,-0.26,-0.0292
2002-06-14,659.62,659.62,644.28,645.82,1482981.0,0.0076190224201469,8.63,-0.21,-0.0243
2002-06-17,637.4,648.9,630.49,647.37,611305.0,0.0031406649852883,8.42,0.02,0.0024
2002-06-18,648.13,677.28,648.13,667.31,1302449.0,0.0066915140059771,8.44,0.26,0.0308
2002-06-19,664.26,668.87,648.92,651.22,669500.0,0.0034396499417648,8.7,-0.21,-0.0241
2002-06-20,658.14,668.11,652.0,658.91,661276.0,0.0033973979908745,8.49,0.1,0.0118
2002-06-21,658.14,691.89,658.14,686.52,2591704.0,0.0133152419905477,8.59,0.36,0.0419
2002-06-24,721.05,721.05,706.47,721.05,6522311.0,0.0335092855135507,8.95,0.45,0.0503
2002-06-25,744.86,747.16,708.04,713.41,6884781.0,0.0353715258636501,9.4,-0.1,-0.0106
2002-06-26,705.75,720.33,699.61,717.26,3710183.0,0.0190615843762314,9.3,0.05,0.0054
2002-06-27,714.93,732.58,711.87,716.47,2727178.0,0.0140112586241708,9.35,-0.01,-0.0011
2002-07-01,696.54,704.21,680.43,680.43,3353975.0,0.0172315159274544,9.34,-0.47,-0.0503
2002-07-02,672.78,696.56,666.64,688.12,2837402.0,0.0145775498492359,8.87,0.1,0.0113
2002-07-03,686.59,701.17,682.75,698.1,2362641.0,0.0121383987723095,8.97,0.13,0.0145
2002-07-04,689.64,695.78,675.06,678.9,1979849.0,0.0101717513032908,9.1,-0.25,-0.0275
2002-07-05,678.1,691.91,676.57,690.37,1529426.0,0.0078576401072944,8.85,0.15,0.0169
2002-07-08,690.38,698.05,686.54,696.52,1689715.0,0.0086811472761003,9.0,0.08,0.0089
2002-07-09,696.5,716.45,694.97,708.01,3472963.0,0.017842833428979,9.08,0.15,0.0165
2002-07-10,706.45,735.6,702.62,734.06,9575718.0,0.0491965912786506,9.23,0.34,0.0368
2002-07-11,728.7,742.5,720.26,734.06,5786419.0,0.0297285373806975,9.57,0.0,0.0
2002-07-12,732.5,753.21,729.44,736.34,6796894.0,0.0349199941019893,9.57,0.03,0.0031
2002-07-15,740.18,773.16,740.18,763.95,10208516.0,0.0524476795592315,9.6,0.36,0.0375
2002-07-16,765.51,770.88,755.54,757.84,5988001.0,0.0307641931156652,9.96,-0.08,-0.008
2002-07-17,757.85,759.38,736.37,750.94,4675923.0,0.024023208774678,9.88,-0.09,-0.0091
2002-07-18,750.21,788.56,739.47,781.66,9307566.0,0.0478189228526848,9.79,0.4,0.0409
2002-07-19,781.68,804.69,774.01,790.88,9626494.0,0.0494574600843908,10.19,0.12,0.0118
2002-07-22,793.92,806.96,777.04,784.71,6895285.0,0.0354254916336102,10.31,-0.08,-0.0078
2002-07-23,784.7,794.68,769.36,780.87,4797661.0,0.0246486547860455,10.23,-0.05,-0.0049
2002-07-24,780.89,793.93,777.05,786.26,2905154.0,0.0149256352306466,10.18,0.07,0.0069
2002-07-25,787.75,789.29,747.87,750.17,4952454.0,0.0254439254857253,10.25,-0.47,-0.0459
2002-07-26,750.19,764.76,739.45,742.52,3367069.0,0.0172987881848666,9.78,-0.1,-0.0102
2002-07-29,742.54,751.75,732.57,750.98,2079923.0,0.0106858954829355,9.68,0.11,0.0114
2002-07-30,751.74,770.91,744.07,769.38,2586640.0,0.0132892249818769,9.79,0.24,0.0245
2002-07-31,774.72,774.72,754.77,758.61,1853920.0,0.0095247734429226,10.03,-0.14,-0.014
2002-08-01,755.56,770.14,745.59,763.24,1778696.0,0.0091382996158586,9.89,0.06,0.0061
2002-08-02,763.26,774.0,760.2,772.47,1767681.0,0.0090817085118877,9.95,0.12,0.0121
2002-08-05,771.7,787.81,769.4,783.21,2480302.0,0.0127428986256299,10.07,0.14,0.0139
2002-08-06,784.73,786.26,772.45,782.42,2249407.0,0.0115566432510163,10.21,-0.01,-0.001
2002-08-07,782.45,786.28,765.57,767.87,1702309.0,0.0087458507135411,10.2,-0.19,-0.0186
2002-08-08,767.87,774.0,760.96,764.03,1507095.0,0.0077429114697297,10.01,-0.05,-0.005
2002-08-09,761.7,766.31,748.66,751.73,1475692.0,0.0075815741626032,9.96,-0.16,-0.0161
2002-08-12,747.87,757.84,741.73,749.4,947916.0,0.0048700511041045,9.8,-0.03,-0.0031
2002-08-13,752.46,755.53,740.95,743.26,790153.0,0.0040595216137943,9.77,-0.08,-0.0082
2002-08-14,744.01,759.35,743.24,753.22,591934.0,0.0030411437619546,9.69,0.13,0.0134
2002-08-15,756.27,780.04,756.27,770.84,3938540.0,0.0202348004206699,9.82,0.23,0.0234
2002-08-16,770.84,773.14,757.8,770.84,1381244.0,0.0070963343452771,10.05,0.0,0.0
2002-08-19,767.73,767.73,760.06,763.13,700092.0,0.0035968206228977,10.05,-0.1,-0.01
2002-08-20,763.1,773.83,757.73,770.0,1378741.0,0.0070834748325,9.95,0.09,0.009
2002-08-21,770.77,778.44,763.87,771.54,1713264.0,0.0088021335591154,10.04,0.02,0.002
2002-08-22,770.77,770.77,756.96,757.73,2721955.0,0.0139844247307491,10.06,-0.18,-0.0179
2002-08-23,757.77,763.14,747.03,754.7,1944750.0,0.0099914252789353,9.88,-0.04,-0.004
2002-08-26,752.41,760.84,747.81,749.34,1280290.0,0.0065776690424826,9.84,-0.07,-0.0071
2002-08-27,749.34,756.24,727.86,733.23,3683868.0,0.0189263873811342,9.77,-0.21,-0.0215
2002-08-28,733.21,737.81,717.1,727.07,3067249.0,0.0157584209771893,9.56,-0.08,-0.0084
2002-08-29,727.06,737.03,723.22,730.12,1397921.0,0.0071820147666047,9.48,0.04,0.0042
2002-08-30,732.43,734.73,717.09,719.39,1706116.0,0.0087654097088037,9.52,-0.14,-0.0147
2002-09-02,719.39,720.92,704.05,712.49,2350073.0,0.0120738289135073,9.38,-0.09,-0.0096
2002-09-03,710.2,717.1,710.2,713.27,1071728.0,0.0055061525807136,9.29,0.01,0.0011
2002-09-04,713.3,732.48,713.3,727.11,1685974.0,0.008661927365074,9.3,0.18,0.0194
2002-09-05,728.63,728.63,701.79,704.86,1209554.0,0.0062142529434823,9.48,-0.29,-0.0306
2002-09-06,704.08,708.69,695.65,697.95,1245331.0,0.0063980622877191,9.19,-0.09,-0.0098
2002-09-09,701.79,701.79,692.58,700.25,901472.0,0.0046314385545969,9.1,0.03,0.0033
2002-09-10,700.27,704.1,696.43,704.1,375205.0,0.001927668194772,9.13,0.05,0.0055
2002-09-11,702.57,704.11,690.3,697.2,1017520.0,0.0052276513946894,9.18,-0.09,-0.0098
2002-09-12,696.44,710.24,692.6,699.5,712019.0,0.0036580972544965,9.09,0.03,0.0033
2002-09-13,701.83,718.71,698.0,708.74,1294140.0,0.0066488253556916,9.12,0.12,0.0132
2002-09-16,705.68,708.75,681.13,683.44,2009695.0,0.0103250893050263,9.24,-0.33,-0.0357
2002-09-17,682.7,691.13,648.94,651.25,4324400.0,0.0222172101690334,8.91,-0.42,-0.0471
2002-09-18,648.18,661.22,644.34,658.15,1369766.0,0.0070373645140126,8.49,0.09,0.0106
2002-09-19,659.71,671.99,652.04,668.15,1033782.0,0.0053111996954407,8.58,0.13,0.0152
2002-09-20,668.9,669.67,653.56,655.86,1023909.0,0.0052604757762845,8.71,-0.16,-0.0184
2002-09-23,656.6,668.88,652.77,665.04,564073.0,0.0028980039755057,8.55,0.12,0.014
2002-09-24,665.05,667.35,648.94,652.01,776053.0,0.0039870808905996,8.67,-0.17,-0.0196
2002-09-25,655.05,663.49,646.61,657.35,829595.0,0.0042621604084218,8.5,0.07,0.0082
2002-09-26,661.21,661.98,632.83,635.13,1193411.0,0.0061313160218842,8.57,-0.29,-0.0338
2002-09-27,636.67,645.88,629.0,634.37,824592.0,0.0042364567957875,8.28,-0.01,-0.0012
2002-10-08,632.82,633.58,609.04,612.11,1166396.0,0.0059925226788271,8.27,-0.29,-0.0351
2002-10-09,612.12,612.12,581.44,581.44,1708492.0,0.008777616741308,7.98,-0.4,-0.0501
2002-10-10,572.98,603.66,572.21,582.95,1231197.0,0.0063254468847663,7.58,0.02,0.0026
2002-10-11,582.95,598.29,582.95,587.56,869880.0,0.0044691302335211,7.6,0.06,0.0079
2002-10-14,582.94,611.32,582.94,605.95,1237075.0,0.0063556459323506,7.66,0.24,0.0313
2002-10-15,605.96,615.17,598.29,602.13,926921.0,0.0047621863535035,7.9,-0.05,-0.0063
2002-10-16,598.28,607.49,589.08,604.42,830699.0,0.0042678323629187,7.85,0.03,0.0038
2002-10-17,604.41,609.78,585.23,586.77,663956.0,0.0034111668659214,7.88,-0.23,-0.0292
2002-10-18,582.92,593.65,581.38,589.82,635864.0,0.0032668402846458,7.65,0.04,0.0052
2002-10-21,588.28,604.39,582.91,600.55,832235.0,0.004275723777871,7.69,0.14,0.0182
2002-10-22,600.53,617.4,598.99,608.96,1258364.0,0.0064650211490948,7.83,0.11,0.014
2002-10-23,612.78,635.02,602.81,623.52,2026628.0,0.0104120849621792,7.94,0.19,0.0239
2002-10-24,620.47,623.54,605.9,607.43,1144364.0,0.0058793301956053,8.13,-0.21,-0.0258
2002-10-25,605.88,608.95,588.24,590.54,952176.0,0.0048919374502612,7.92,-0.22,-0.0278
2002-10-28,582.86,590.53,575.96,578.26,756788.0,0.0038881042570998,7.7,-0.16,-0.0208
2002-10-29,582.83,593.57,578.23,591.27,688184.0,0.0035356416064578,7.54,0.17,0.0225
2002-10-30,592.04,598.18,587.44,592.81,873780.0,0.0044891670292984,7.71,0.02,0.0026
2002-10-31,591.28,605.09,591.28,594.35,585610.0,0.0030086533269558,7.73,0.02,0.0026
2002-11-01,592.82,595.88,579.78,586.68,656361.0,0.0033721464905552,7.75,-0.1,-0.0129
2002-11-04,587.47,595.91,585.94,592.84,587403.0,0.0030178651153734,7.65,0.08,0.0105
2002-11-05,593.59,617.36,593.59,611.99,1906875.0,0.0097968371660983,7.73,0.25,0.0323
2002-11-06,613.55,613.55,598.98,602.81,939205.0,0.0048252971225619,7.98,-0.12,-0.015
2002-11-07,605.1,610.46,600.49,602.03,567870.0,0.0029175115943689,7.86,-0.01,-0.0013
2002-11-08,610.44,610.44,575.93,577.46,1204566.0,0.0061886263954472,7.85,-0.32,-0.0408
2002-11-11,575.18,585.91,568.28,571.34,817703.0,0.0042010635942209,7.53,-0.08,-0.0106
2002-11-12,569.02,575.92,542.95,542.95,1689200.0,0.0086785013915297,7.45,-0.37,-0.0497
2002-11-13,536.8,536.8,516.09,526.06,3509425.0,0.0180301620565767,7.08,-0.22,-0.0311
2002-11-14,524.55,525.32,500.01,501.55,1712179.0,0.0087965592197774,6.86,-0.32,-0.0466
2002-11-15,502.31,519.18,490.04,493.87,2023631.0,0.0103966874552704,6.54,-0.1,-0.0153
2002-11-18,493.85,498.46,469.31,476.98,3212074.0,0.0165024796819184,6.44,-0.22,-0.0342
2002-11-19,476.21,493.08,473.91,488.48,2332748.0,0.0119848193014967,6.22,0.15,0.0241
2002-11-20,488.5,489.26,463.96,463.96,2338859.0,0.0120162154191877,6.37,-0.32,-0.0502
2002-11-21,463.94,463.94,443.23,448.6,2356662.0,0.012107680823091,6.05,-0.2,-0.0331
2002-11-22,452.41,458.55,437.84,452.41,1732907.0,0.0089030522205136,5.85,0.05,0.0085
2002-11-25,447.79,475.4,444.73,475.4,4453824.0,0.022882144081002,5.9,0.3,0.0508
2002-11-26,475.4,479.23,451.63,451.63,3171131.0,0.0162921292897366,6.2,-0.31,-0.05
2002-11-27,440.9,466.2,430.16,458.54,2789699.0,0.0143324690110402,5.89,0.09,0.0153
2002-11-28,457.01,475.41,452.41,475.41,2823295.0,0.0145050731625616,5.98,0.22,0.0368
2002-11-29,476.18,490.74,467.74,481.54,4155627.0,0.0213501152629521,6.2,0.08,0.0129
2002-12-02,479.99,487.66,457.75,457.75,2856389.0,0.0146750982188316,6.28,-0.31,-0.0494
2002-12-03,456.24,474.65,450.88,471.58,2073169.0,0.0106511958627613,5.97,0.18,0.0302
2002-12-04,475.41,489.98,470.04,480.77,3977256.0,0.0204337092886988,6.15,0.12,0.0195
2002-12-05,478.5,482.33,463.93,473.13,1678929.0,0.0086257326916763,6.27,-0.1,-0.0159
2002-12-06,475.43,486.93,467.76,473.13,1551417.0,0.0079706219472785,6.17,0.0,0.0
2002-12-09,471.58,483.08,470.04,474.64,957570.0,0.0049196498801131,6.17,0.02,0.0032
2002-12-10,474.64,480.78,458.54,460.07,1432040.0,0.0073573059038161,6.19,-0.19,-0.0307
2002-12-11,458.52,463.12,451.62,459.29,1233751.0,0.0063385684171804,6.0,-0.01,-0.0017
2002-12-12,460.07,470.8,458.53,462.37,1036665.0,0.005326011511396,5.99,0.04,0.0067
2002-12-13,460.06,473.86,453.16,473.09,1354101.0,0.0069568833843072,6.03,0.14,0.0232
2002-12-16,476.18,482.31,470.81,475.41,2078527.0,0.0106787233375753,6.17,0.03,0.0049
2002-12-17,476.97,483.87,471.6,478.5,1518893.0,0.007803525345776,6.2,0.04,0.0065
2002-12-18,480.05,481.58,469.31,470.85,1371642.0,0.0070470027265455,6.24,-0.1,-0.016
2002-12-19,469.32,478.52,469.32,478.52,790624.0,0.0040619414422074,6.14,0.1,0.0163
2002-12-20,477.75,490.01,475.44,484.65,2646413.0,0.0135963171341833,6.24,0.08,0.0128
2002-12-23,485.43,498.46,483.12,490.03,2264403.0,0.0116336872995999,6.32,0.07,0.0111
2002-12-24,490.01,494.62,485.41,493.85,1588738.0,0.0081623638075871,6.39,0.05,0.0078
2002-12-25,494.6,515.31,494.6,499.97,4665608.0,0.0239702140186671,6.44,0.08,0.0124
2002-12-26,497.68,505.35,474.67,474.67,3255372.0,0.0167249292161656,6.52,-0.33,-0.0506
2002-12-27,471.62,473.92,453.98,463.19,1924292.0,0.0098863194409836,6.19,-0.15,-0.0242
2002-12-30,461.65,467.02,455.52,463.19,1289190.0,0.0066233940379743,6.04,0.0,0.0
2002-12-31,463.18,468.54,457.04,459.34,1063344.0,0.0054630780460858,6.04,-0.05,-0.0083
2003-01-02,458.58,467.01,445.54,449.37,1134664.0,0.0058294944891624,5.99,-0.13,-0.0217
2003-01-03,448.59,457.03,444.76,453.96,938280.0,0.0048205443102904,5.86,0.06,0.0102
2003-01-06,452.43,463.16,450.89,461.63,743698.0,0.0038208521576441,5.92,0.1,0.0169
2003-01-07,461.64,464.7,450.13,453.97,809220.0,0.0041574805673926,6.02,-0.1,-0.0166
2003-01-08,453.95,466.99,450.88,465.45,953546.0,0.0048989755135995,5.92,0.15,0.0253
2003-01-09,467.0,483.11,460.87,476.2,2309418.0,0.0118649569424715,6.07,0.14,0.0231
2003-01-10,475.44,479.27,466.24,468.54,1730171.0,0.0088889947242608,6.21,-0.1,-0.0161
2003-01-13,466.25,479.29,463.95,476.22,977187.0,0.0050204344470091,6.11,0.1,0.0164
2003-01-14,475.45,494.62,475.45,492.32,3650877.0,0.0187568895744554,6.21,0.21,0.0338
2003-01-15,494.61,507.65,486.18,488.48,3745853.0,0.0192448420155329,6.42,-0.05,-0.0078
2003-01-16,488.47,513.01,486.94,508.41,4467363.0,0.0229517002298374,6.37,0.26,0.0408
2003-01-17,508.38,532.15,508.38,512.98,6815710.0,0.0350166603370949,6.63,0.06,0.009
2003-01-20,512.98,519.11,500.71,512.21,2874761.0,0.0147694854222564,6.69,-0.01,-0.0015
2003-01-21,513.75,532.15,508.38,513.75,3491030.0,0.0179356533268886,6.68,0.02,0.003
2003-01-22,509.9,535.97,504.54,521.41,4470826.0,0.0229694918751315,6.7,0.1,0.0149
2003-01-23,524.45,542.85,501.45,509.88,5255503.0,0.0270008793583622,6.8,-0.15,-0.0221
2003-01-24,506.79,509.86,490.69,497.59,2996074.0,0.0153927478726062,6.65,-0.16,-0.0241
2003-01-27,499.13,516.0,499.13,510.63,1798628.0,0.0092407021056923,6.49,0.17,0.0262
2003-01-28,509.09,516.76,505.26,513.69,1683391.0,0.0086486559524279,6.66,0.04,0.006
2003-01-29,509.88,517.55,505.28,506.81,1826500.0,0.0093838983914667,6.7,-0.09,-0.0134
2003-02-10,506.8,519.83,502.2,514.46,1456812.0,0.0074845747514204,6.61,0.1,0.0151
2003-02-11,514.47,524.44,512.17,523.67,1918430.0,0.0098562015828861,6.71,0.12,0.0179
2003-02-12,525.21,536.71,521.37,534.41,3373687.0,0.0173327873050163,6.83,0.14,0.0205
2003-02-13,535.2,540.57,525.23,529.06,2827477.0,0.0145265572801583,6.97,-0.07,-0.01
2003-02-14,529.04,543.61,527.51,535.94,2487980.0,0.0127823441116898,6.9,0.09,0.013
2003-02-17,536.7,543.6,525.19,529.03,2469198.0,0.0126858489681976,6.99,-0.09,-0.0129
2003-02-18,527.52,532.89,518.32,523.69,1548716.0,0.007956744364215,6.9,-0.07,-0.0101
2003-02-19,522.89,530.56,519.83,529.03,1213380.0,0.0062339089133522,6.83,0.07,0.0102
2003-02-20,529.03,538.23,527.49,530.56,1986405.0,0.0102054326221196,6.9,0.02,0.0029
2003-02-21,529.01,535.14,508.31,509.07,2527091.0,0.0129832823268492,6.92,-0.28,-0.0405
2003-02-24,505.24,512.91,505.24,509.07,1106450.0,0.0056845411307081,6.64,0.0,0.0
2003-02-25,509.82,528.98,509.05,527.45,1537957.0,0.0079014685017492,6.64,0.24,0.0361
2003-02-26,529.75,532.05,522.08,528.98,1281686.0,0.0065848405112321,6.88,0.02,0.0029
2003-02-27,535.09,540.46,525.13,538.93,3394489.0,0.0174396604801267,6.9,0.13,0.0188
2003-02-28,541.23,565.76,541.23,548.9,13743225.0,0.070607734448982,7.03,0.13,0.0185
2003-03-03,547.35,551.95,540.46,545.82,2713996.0,0.0139435328217066,7.16,-0.04,-0.0056
2003-03-04,547.35,559.61,545.81,548.88,1943525.0,0.0099851306440051,7.12,0.04,0.0056
2003-03-05,549.64,553.47,539.67,545.8,1789471.0,0.0091936567415693,7.16,-0.04,-0.0056
2003-03-06,545.02,548.09,530.46,533.52,1940686.0,0.009970544885706,7.12,-0.16,-0.0225
2003-03-07,532.01,540.44,527.41,532.78,1282300.0,0.0065879950218329,6.96,-0.01,-0.0014
2003-03-10,531.25,536.62,511.32,512.85,2076583.0,0.0106687346692839,6.95,-0.26,-0.0374
2003-03-11,512.09,518.23,507.49,515.16,892359.0,0.0045846187707149,6.69,0.03,0.0045
2003-03-12,514.38,522.05,513.62,520.52,772958.0,0.0039711794869265,6.72,0.07,0.0104
2003-03-13,520.49,524.33,513.59,513.59,832188.0,0.004275481869476,6.79,-0.09,-0.0133
2003-03-14,515.12,521.25,512.05,512.05,667049.0,0.0034270572341251,6.7,-0.02,-0.003
2003-03-17,509.74,513.57,495.17,503.6,1308156.0,0.0067208338265467,6.68,-0.11,-0.0165
2003-03-18,505.89,509.72,498.22,501.29,911299.0,0.0046819256612347,6.57,-0.03,-0.0046
2003-03-19,499.0,512.03,495.17,500.54,925082.0,0.0047527377452914,6.54,-0.01,-0.0015
2003-03-20,500.54,504.38,492.11,492.88,899173.0,0.0046196266456886,6.53,-0.1,-0.0153
2003-03-21,492.86,502.06,490.56,497.46,552769.0,0.0028399278017808,6.43,0.06,0.0093
2003-03-24,498.25,504.38,495.18,500.55,371600.0,0.0019091468066077,6.49,0.04,0.0062
2003-03-25,500.53,502.06,489.03,489.03,595050.0,0.0030571523338857,6.53,-0.15,-0.023
2003-03-26,489.02,489.79,469.09,476.76,1437671.0,0.0073862351953782,6.38,-0.16,-0.0251
2003-03-27,475.98,491.31,468.32,488.25,1308958.0,0.0067249542133575,6.22,0.15,0.0241
2003-03-28,489.03,492.09,473.7,481.36,1380510.0,0.0070925625887784,6.37,-0.09,-0.0141
2003-03-31,479.08,486.74,473.71,484.44,1130046.0,0.005805768870344,6.28,0.04,0.0064
2003-04-01,484.45,495.95,477.55,493.65,1453220.0,0.0074661203506418,6.32,0.12,0.019
2003-04-02,493.66,495.19,484.46,487.53,999974.0,0.0051375058363583,6.44,-0.08,-0.0124
2003-04-03,484.45,493.65,479.09,489.82,1234135.0,0.0063405406194102,6.36,0.03,0.0047
2003-04-04,489.06,490.6,482.93,486.0,696275.0,0.0035772098836674,6.39,-0.05,-0.0078
2003-04-07,484.46,485.22,473.72,475.26,1319019.0,0.0067766440035116,6.34,-0.14,-0.0221
2003-04-08,476.81,476.81,456.12,460.71,3140681.0,0.0161356864954887,6.2,-0.19,-0.0306
2003-04-09,460.7,463.76,445.37,459.93,3168344.0,0.0162778090146254,6.01,-0.01,-0.0017
2003-04-10,459.92,466.82,445.35,463.75,2968970.0,0.0152534972939025,6.0,0.05,0.0083
2003-04-11,464.5,467.57,455.3,458.37,2222059.0,0.011416137900818,6.05,-0.07,-0.0116
2003-04-14,456.07,481.37,449.17,480.6,3785822.0,0.0194501883253103,5.98,0.29,0.0485
2003-04-15,480.59,485.95,473.69,475.99,2527757.0,0.0129867039946996,6.27,-0.06,-0.0096
2003-04-16,475.97,493.6,475.97,485.93,3210561.0,0.0164947047378077,6.21,0.13,0.0209
2003-04-17,485.94,488.24,467.54,475.97,1685531.0,0.0086596505007759,6.34,-0.13,-0.0205
2003-04-18,468.3,479.79,467.53,470.59,1608903.0,0.0082659634676846,6.21,-0.07,-0.0113
2003-04-21,468.3,469.83,456.8,459.87,1318774.0,0.006775385281855,6.14,-0.14,-0.0228
2003-04-23,459.87,463.7,447.6,448.37,1787229.0,0.0091821381540009,6.0,-0.15,-0.025
2003-04-24,445.3,459.1,429.2,440.7,1912922.0,0.0098279034649884,5.85,-0.1,-0.0171
2003-04-25,440.72,446.85,421.56,429.99,1816500.0,0.0093325219973169,5.75,-0.14,-0.0243
2003-04-28,408.53,420.79,408.53,416.19,4253976.0,0.0218553947679924,5.61,-0.18,-0.0321
2003-04-29,413.91,426.94,397.04,415.44,2641254.0,0.0135698106553819,5.43,-0.01,-0.0018
2003-04-30,409.32,416.21,394.75,394.75,4601077.0,0.0236386745465724,5.42,-0.27,-0.0498
2003-05-12,383.25,386.31,374.82,374.82,3130751.0,0.0160846697360979,5.15,-0.26,-0.0505
2003-05-13,358.71,370.98,356.41,356.41,3985377.0,0.0204754299587673,4.89,-0.24,-0.0491
2003-05-14,364.07,374.04,357.18,370.21,2964599.0,0.0152310406720196,4.65,0.18,0.0387
2003-05-15,370.22,380.18,358.72,378.65,2906796.0,0.0149340697009154,4.83,0.11,0.0228
2003-05-16,375.6,381.73,366.4,374.07,2062245.0,0.0105950711953519,4.94,-0.06,-0.0121
2003-05-19,373.3,387.1,371.0,381.73,2094539.0,0.0107609861226194,4.88,0.1,0.0205
2003-05-20,381.75,391.72,379.45,387.12,2048417.0,0.0105240279175215,4.98,0.07,0.0141
2003-05-21,387.88,390.95,380.22,390.95,1893853.0,0.0097299338189841,5.05,0.05,0.0099
2003-05-22,391.72,395.55,387.12,387.12,1643862.0,0.008445570203993,5.1,-0.05,-0.0098
2003-05-23,387.1,387.87,380.2,385.57,2803742.0,0.0144046154086437,5.05,-0.02,-0.004
2003-05-26,383.29,394.79,383.29,388.65,1945564.0,0.0099956062907723,5.03,0.04,0.008
2003-05-27,387.88,407.81,387.88,401.67,3858897.0,0.0198256213255602,5.07,0.17,0.0335
2003-05-28,402.45,421.61,397.85,417.78,8763802.0,0.0450252545803082,5.24,0.21,0.0401
2003-05-29,417.0,438.46,413.16,438.46,12310761.0,0.0632482509420375,5.45,0.27,0.0495
2003-05-30,452.25,460.68,440.75,453.02,8448160.0,0.0434035998000841,5.72,0.19,0.0332
2003-06-02,454.57,476.03,453.8,476.03,6651617.0,0.034173609672572,5.91,0.3,0.0508
2003-06-03,489.82,499.78,486.75,499.78,11474432.0,0.0589514941077441,6.21,0.31,0.0499
2003-06-04,488.28,525.07,488.28,525.07,8198860.0,0.0421227862939288,6.52,0.33,0.0506
2003-06-05,550.37,551.14,505.91,532.74,21012000.0,0.1079520793876262,6.85,0.1,0.0146
2003-06-06,531.96,558.02,515.1,554.96,11334255.0,0.05823131522747,6.95,0.29,0.0417
2003-06-09,548.06,564.93,537.33,547.3,6169080.0,0.0316945085621843,7.24,-0.1,-0.0138
2003-06-10,544.24,544.24,519.71,519.71,6219768.0,0.031954925228851,7.14,-0.36,-0.0504
2003-06-11,512.04,535.8,509.74,525.07,5093793.0,0.0261700716885653,6.78,0.07,0.0103
2003-06-12,525.07,531.96,515.1,517.4,2712192.0,0.013934264520202,6.85,-0.1,-0.0146
2003-06-13,515.12,543.48,515.12,543.48,3468419.0,0.0178194861620764,6.75,0.34,0.0504
2003-06-16,561.89,570.32,554.23,570.32,12149438.0,0.0624194315386942,7.09,0.35,0.0494
2003-06-17,574.94,584.14,551.94,554.24,7573452.0,0.038909665502683,7.44,-0.21,-0.0282
2003-06-18,548.13,581.09,544.3,569.59,8474247.0,0.0435376253995028,7.23,0.2,0.0277
2003-06-19,561.94,574.97,548.91,554.27,5511399.0,0.0283155807340988,7.43,-0.2,-0.0269
2003-06-20,548.13,560.39,542.76,544.3,2994746.0,0.0153859250874631,7.23,-0.13,-0.018
2003-06-23,545.06,550.43,517.46,517.46,5013790.0,0.0257590451224484,7.1,-0.35,-0.0493
2003-06-24,517.45,543.51,515.15,528.95,5636505.0,0.0289583302507496,6.75,0.15,0.0222
2003-06-25,529.71,544.28,515.15,519.75,5681328.0,0.0291886146622474,6.9,-0.12,-0.0174
2003-06-26,518.21,532.01,493.68,522.81,8433089.0,0.0433261704364609,6.78,0.04,0.0059
2003-06-27,513.61,528.94,511.31,513.61,3948637.0,0.0202866730866608,6.82,-0.12,-0.0176
2003-06-30,514.37,518.2,488.31,492.14,3022966.0,0.0155309092717539,6.7,-0.28,-0.0418
2003-07-01,494.44,495.97,476.81,477.57,2257716.0,0.0115993307094381,6.42,-0.19,-0.0296
2003-07-02,475.26,489.83,471.43,480.63,1837685.0,0.0094413628883233,6.23,0.04,0.0064
2003-07-03,479.1,487.53,473.74,482.17,2137564.0,0.010982033058449,6.27,0.02,0.0032
2003-07-04,480.62,480.62,467.59,472.19,2118755.0,0.0108853991986926,6.29,-0.13,-0.0207
2003-07-07,467.58,472.95,448.42,466.05,3878221.0,0.0199249010696154,6.16,-0.08,-0.013
2003-07-08,463.76,471.42,456.86,469.13,1978705.0,0.0101658727986242,6.08,0.04,0.0066
2003-07-09,469.87,491.33,463.74,488.27,3127522.0,0.0160680802984269,6.12,0.25,0.0408
2003-07-10,487.48,495.91,475.21,492.07,3149996.0,0.0161835436066393,6.37,0.05,0.0078
2003-07-11,490.57,492.87,481.37,482.13,1614988.0,0.0082972260035248,6.42,-0.13,-0.0202
2003-07-14,482.89,492.08,477.52,487.49,1326270.0,0.0068138970269097,6.29,0.07,0.0111
2003-07-15,486.69,486.69,475.2,480.56,1149961.0,0.0059080849592934,6.36,-0.09,-0.0142
2003-07-16,481.32,485.15,473.65,476.72,957544.0,0.0049195157959806,6.27,-0.05,-0.008
2003-07-17,479.77,482.83,467.5,470.57,1788664.0,0.0091895106665614,6.22,-0.08,-0.0129
2003-07-18,470.56,475.92,448.33,449.86,1980510.0,0.0101751462377683,6.14,-0.27,-0.044
2003-07-21,448.31,459.81,430.69,436.82,1766327.0,0.0090747512149489,5.87,-0.17,-0.029
2003-07-22,436.82,449.08,423.79,446.78,1773100.0,0.0091095484467066,5.7,0.13,0.0228
2003-07-23,445.24,450.61,438.35,446.78,933411.0,0.0047955291439788,5.83,0.0,0.0
2003-07-24,442.95,457.51,438.35,451.38,1142394.0,0.0058692084418402,5.83,0.06,0.0103
2003-07-25,451.38,455.98,439.88,451.38,900760.0,0.0046277800794402,5.89,0.0,0.0
2003-07-28,451.39,456.75,444.49,455.98,1169897.0,0.0060105089386705,5.89,0.06,0.0102
2003-07-30,459.05,478.21,455.22,472.08,4053724.0,0.0208265721998632,5.95,0.21,0.0353
2003-07-31,471.3,478.97,459.81,472.83,2962989.0,0.0152227690725615,6.16,0.01,0.0016
2003-08-01,467.46,475.12,463.63,473.59,1370632.0,0.0070418129866372,6.17,0.01,0.0016
2003-08-04,471.3,475.9,465.94,472.83,1212418.0,0.006228966504235,6.18,-0.01,-0.0016
2003-08-05,471.28,482.01,467.45,474.35,1855965.0,0.0095352789368292,6.17,0.02,0.0032
2003-08-06,475.1,483.53,468.97,475.86,2118902.0,0.0108861544316866,6.19,0.02,0.0032
2003-08-07,474.31,479.67,470.48,472.01,1952079.0,0.0100290780115609,6.21,-0.05,-0.0081
2003-08-08,470.5,474.33,468.2,470.5,1093477.0,0.0056178905345775,6.16,-0.02,-0.0032
2003-08-11,469.73,473.56,467.43,473.56,536377.0,0.0027557116164904,6.14,0.04,0.0065
2003-08-12,473.56,477.39,471.26,473.56,554640.0,0.0028495403251262,6.18,0.0,0.0
2003-08-13,472.05,482.01,465.92,467.45,807050.0,0.0041463318898621,6.18,-0.08,-0.0129
2003-08-14,465.93,472.06,457.5,459.04,711001.0,0.0036528667616924,6.1,-0.11,-0.018
2003-08-15,457.51,457.51,442.95,446.78,1657699.0,0.0085166597205781,5.99,-0.16,-0.0267
2003-08-18,446.77,459.03,425.31,447.54,2506868.0,0.01287938384496,5.83,0.01,0.0017
2003-08-19,444.46,451.36,439.86,449.06,811821.0,0.004170843567511,5.84,0.02,0.0034
2003-08-20,449.07,449.83,440.64,447.53,512219.0,0.0026315965235032,5.86,-0.02,-0.0034
2003-08-21,445.99,451.35,440.62,442.92,792504.0,0.0040715997869318,5.84,-0.06,-0.0103
2003-08-22,443.7,459.02,442.93,455.19,2080154.0,0.0106870811796348,5.78,0.16,0.0277
2003-08-25,456.74,466.7,443.71,465.94,2609193.0,0.0134050927980981,5.94,0.14,0.0236
2003-08-26,461.35,474.38,454.45,470.55,2571225.0,0.01321002690479,6.08,0.06,0.0099
2003-08-27,467.49,474.39,460.59,462.13,890351.0,0.0045743023907696,6.14,-0.11,-0.0179
2003-08-28,465.19,465.19,454.46,462.13,857630.0,0.004406193691472,6.03,0.0,0.0
2003-08-29,459.05,466.72,455.99,463.65,1987695.0,0.0102120601769649,6.03,0.02,0.0033
2003-09-01,462.86,485.85,459.8,475.89,3110749.0,0.0159819066725194,6.05,0.16,0.0264
2003-09-02,474.38,481.28,472.85,479.75,953556.0,0.0048990268899936,6.21,0.05,0.0081
2003-09-03,481.27,481.27,471.31,476.67,1082673.0,0.005562383478338,6.26,-0.04,-0.0064
2003-09-04,476.68,478.98,473.62,475.15,937978.0,0.004818992743187,6.22,-0.02,-0.0032
2003-09-05,480.51,480.51,469.78,475.91,867831.0,0.0044586027511442,6.2,0.01,0.0016
2003-09-08,473.63,482.06,465.2,480.53,1470007.0,0.0075523659035011,6.21,0.06,0.0097
2003-09-09,482.05,482.82,476.68,477.45,1122059.0,0.0057647345443365,6.27,-0.04,-0.0064
2003-09-10,476.7,476.7,465.97,472.87,1135575.0,0.0058341748786695,6.23,-0.06,-0.0096
2003-09-11,471.33,475.17,465.97,472.87,925620.0,0.0047555017952967,6.17,0.0,0.0
2003-09-12,470.57,470.57,457.54,458.3,752900.0,0.0038681287155408,6.17,-0.19,-0.0308
2003-09-15,456.02,456.02,443.0,443.0,1240473.0,0.0063731029780224,5.98,-0.2,-0.0334
2003-09-16,444.55,452.21,436.12,446.85,671771.0,0.0034513171674426,5.78,0.05,0.0087
2003-09-17,445.34,451.47,441.5,444.57,573190.0,0.0029448435362742,5.83,-0.03,-0.0051
2003-09-18,436.14,449.94,436.14,447.64,567780.0,0.0029170489070391,5.8,0.04,0.0069
2003-09-19,448.4,451.47,444.57,447.64,439101.0,0.0022559426047585,5.84,0.0,0.0
2003-09-22,447.62,457.59,447.62,456.05,357145.0,0.0018348822288641,5.84,0.11,0.0188
2003-09-23,455.31,456.07,450.71,453.77,253251.0,0.0013011123194839,5.95,-0.03,-0.005
2003-09-24,456.07,466.03,455.3,459.9,2810227.0,0.0144379330002498,5.92,0.08,0.0135
2003-09-25,462.97,462.97,454.53,455.3,1566424.0,0.0080477216829755,6.0,-0.06,-0.01
2003-09-26,452.98,459.11,443.01,443.78,391500.0,0.0020113858309659,5.94,-0.15,-0.0253
2003-09-29,443.78,452.21,421.56,423.86,790705.0,0.0040623571736242,5.79,-0.26,-0.0449
2003-09-30,425.39,436.89,424.62,433.05,414769.0,0.0021309335625131,5.53,0.12,0.0217
2003-10-08,436.89,440.72,426.16,430.76,153671.0,0.0007895061865398,5.65,-0.03,-0.0053
2003-10-09,433.07,438.44,423.87,424.64,339400.0,0.0017437148174452,5.62,-0.08,-0.0142
2003-10-10,427.7,441.5,423.11,440.74,1004560.0,0.0051610670507154,5.54,0.21,0.0379
2003-10-13,440.73,445.33,425.4,425.4,883118.0,0.0045371418448811,5.75,-0.2,-0.0348
2003-10-14,429.23,435.36,422.33,424.63,523708.0,0.002690622862742,5.55,-0.01,-0.0018
2003-10-15,421.55,433.82,421.55,429.22,438592.0,0.0022533275462962,5.54,0.06,0.0108
2003-10-16,427.68,427.68,407.76,407.76,831001.0,0.0042693834914904,5.6,-0.28,-0.05
2003-10-17,406.24,413.14,403.17,409.31,764215.0,0.0039262611055213,5.32,0.02,0.0038
2003-10-20,413.92,413.92,388.62,393.22,745460.0,0.0038299046782933,5.34,-0.21,-0.0393
2003-10-21,410.07,410.07,392.44,401.64,662095.0,0.0034016053684632,5.13,0.11,0.0214
2003-10-22,397.8,403.93,395.5,402.4,412594.0,0.0021197591967855,5.24,0.01,0.0019
2003-10-23,405.45,406.22,387.06,390.89,556297.0,0.0028580533936368,5.25,-0.15,-0.0286
2003-10-24,390.89,397.02,375.56,377.09,1060103.0,0.0054464269567418,5.1,-0.18,-0.0353
2003-10-27,375.57,387.84,374.81,380.94,719209.0,0.0036950365060106,4.92,0.05,0.0102
2003-10-28,378.62,383.99,364.06,364.82,716402.0,0.0036806151521727,4.97,-0.21,-0.0423
2003-10-29,364.83,369.43,346.44,346.44,878800.0,0.0045149575178872,4.76,-0.24,-0.0504
2003-10-30,344.14,364.07,331.88,364.07,1113042.0,0.0057184084497316,4.52,0.23,0.0509
2003-10-31,382.46,382.46,381.69,382.46,730637.0,0.003753749449245,4.75,0.24,0.0505
2003-11-03,401.62,401.62,394.72,401.62,1408406.0,0.0072358821778987,4.99,0.25,0.0501
2003-11-04,413.87,421.54,413.11,421.54,1658244.0,0.0085194597340593,5.24,0.26,0.0496
2003-11-05,440.69,442.99,435.33,442.99,1098570.0,0.005644056532118,5.5,0.28,0.0509
2003-11-06,463.68,465.21,427.66,438.39,6216398.0,0.0319376113840225,5.78,-0.06,-0.0104
2003-11-07,418.44,436.83,416.14,419.97,3534811.0,0.018160584318116,5.72,-0.24,-0.042
2003-11-10,414.62,440.68,414.62,440.68,2474463.0,0.0127128986397174,5.48,0.27,0.0493
2003-11-11,455.25,456.02,427.66,428.43,3831323.0,0.0196839560563315,5.75,-0.16,-0.0278
2003-11-12,423.07,441.47,417.71,423.07,1647526.0,0.0084643945148095,5.59,-0.07,-0.0125
2003-11-13,417.69,433.02,410.03,412.33,1194768.0,0.0061382871685606,5.52,-0.14,-0.0254
2003-11-14,410.8,417.7,402.37,406.97,1001832.0,0.0051470515703914,5.38,-0.07,-0.013
2003-11-17,403.12,410.02,399.29,405.42,809980.0,0.004161385173348,5.31,-0.02,-0.0038
2003-11-18,406.17,425.33,400.8,425.33,1277134.0,0.0065614539766151,5.29,0.26,0.0491
2003-11-19,429.15,439.88,419.96,429.15,2246265.0,0.0115404996004971,5.55,0.05,0.009
2003-11-20,426.86,435.29,410.76,429.15,1772372.0,0.0091058082452125,5.6,0.0,0.0
2003-11-21,427.62,446.01,425.32,429.15,1638400.0,0.0084175084175084,5.6,0.0,0.0
2003-11-24,429.15,433.75,411.53,429.15,1671424.0,0.0085871738215488,5.6,0.0,0.0
2003-11-25,428.39,450.61,425.32,450.61,4133504.0,0.0212364530723905,5.6,0.28,0.05
2003-11-26,450.61,455.98,433.75,445.25,2709987.0,0.0139229360252919,5.88,-0.07,-0.0119
2003-11-27,438.36,442.19,423.03,423.03,2615626.0,0.0134381432324547,5.81,-0.29,-0.0499
2003-11-28,419.99,427.65,403.12,406.96,2080579.0,0.0106892646763862,5.52,-0.21,-0.038
2003-12-01,406.94,417.67,403.88,410.01,1407160.0,0.0072294806791877,5.31,0.04,0.0075
2003-12-02,410.02,420.75,410.02,418.46,1276561.0,0.0065585101092303,5.35,0.11,0.0206
2003-12-03,416.93,419.23,397.77,400.84,2216126.0,0.0113856562861689,5.46,-0.23,-0.0421
2003-12-04,397.0,410.03,394.7,402.36,1771830.0,0.0091030236446496,5.23,0.02,0.0038
2003-12-05,401.61,402.37,394.71,397.01,1192736.0,0.0061278474852693,5.25,-0.07,-0.0133
2003-12-08,397.0,405.43,395.47,397.76,842167.0,0.0043267503731981,5.18,0.01,0.0019
2003-12-09,397.78,403.92,384.75,387.82,1382278.0,0.007101645935264,5.19,-0.13,-0.025
2003-12-10,387.84,393.2,387.07,389.37,1163372.0,0.0059769858414877,5.06,0.02,0.004
2003-12-11,388.59,399.32,387.05,395.48,1036359.0,0.0053244388464725,5.08,0.08,0.0157
2003-12-12,396.27,415.43,396.27,404.7,1868925.0,0.0096018627436474,5.16,0.12,0.0233
2003-12-15,406.22,410.06,397.79,402.39,690010.0,0.0035450225727325,5.28,-0.03,-0.0057
2003-12-16,402.37,406.21,384.75,393.94,1090589.0,0.005603053031947,5.25,-0.11,-0.021
2003-12-17,391.63,397.76,388.57,389.33,610306.0,0.0031355321608007,5.14,-0.06,-0.0117
2003-12-18,387.81,390.87,370.18,370.18,1732400.0,0.0089004465225168,5.08,-0.25,-0.0492
2003-12-19,367.88,388.58,353.32,388.58,3407286.0,0.0175054068517203,4.83,0.24,0.0497
2003-12-22,390.87,407.73,384.74,399.3,7697977.0,0.0395494300508338,5.07,0.14,0.0276
2003-12-23,399.31,400.08,388.58,393.95,1410983.0,0.0072491218746711,5.21,-0.07,-0.0134
2003-12-24,393.95,399.31,377.85,383.98,1617599.0,0.0083106403800373,5.14,-0.13,-0.0253
2003-12-25,383.22,383.22,364.83,367.13,3395173.0,0.0174431746254866,5.01,-0.22,-0.0439
2003-12-26,367.11,369.41,354.85,364.81,2090162.0,0.0107384986749,4.79,-0.03,-0.0063
2003-12-29,364.05,367.88,354.85,358.68,1539237.0,0.0079080446802004,4.76,-0.08,-0.0168
2003-12-30,357.16,369.42,356.39,356.39,2050080.0,0.0105325718118686,4.68,-0.03,-0.0064
2003-12-31,356.39,360.22,343.36,351.79,2101627.0,0.0107974017107928,4.65,-0.06,-0.0129
2004-01-02,356.39,369.42,352.55,369.42,970810.0,0.0049876717204598,4.59,0.23,0.0501
2004-01-05,387.81,387.81,387.81,387.81,613822.0,0.0031535961009837,4.82,0.24,0.0498
2004-01-06,406.96,406.96,387.04,390.1,4972799.0,0.0255484481451888,5.06,0.03,0.0059
2004-01-07,409.26,409.26,390.1,392.4,2106150.0,0.0108206392538667,5.09,0.03,0.0059
2004-01-08,388.58,396.24,377.08,386.28,3092412.0,0.0158876977785669,5.12,-0.08,-0.0156
2004-01-09,386.3,392.43,378.63,388.6,2099620.0,0.0107870904684869,5.04,0.03,0.006
2004-01-12,384.76,401.62,380.16,396.25,2305287.0,0.0118437333540482,5.07,0.1,0.0197
2004-01-13,394.72,400.85,390.12,400.85,2829755.0,0.0145382608227456,5.17,0.06,0.0116
2004-01-14,404.69,413.88,392.42,393.96,3547246.0,0.0182244708642413,5.23,-0.09,-0.0172
2004-01-15,393.96,397.02,385.53,393.96,1737406.0,0.0089261655454282,5.14,0.0,0.0
2004-01-16,390.11,396.24,383.22,389.35,2710185.0,0.0139239532778961,5.14,-0.06,-0.0117
2004-01-29,393.19,403.93,387.06,400.09,1552890.0,0.0079781888711332,5.08,0.14,0.0276
2004-01-30,398.56,402.39,392.43,395.49,1171744.0,0.00601999815867,5.22,-0.06,-0.0115
2004-02-02,398.55,407.75,395.49,407.75,3033282.0,0.0155839091599589,5.16,0.16,0.031
2004-02-03,407.74,416.93,403.14,413.87,2712761.0,0.0139371878370291,5.32,0.08,0.015
2004-02-04,414.63,426.89,410.03,418.46,2948240.0,0.0151469940288299,5.4,0.06,0.0111
2004-02-05,420.01,433.8,418.47,429.97,2594457.0,0.0133293845436789,5.46,0.15,0.0275
2004-02-06,430.74,443.0,410.04,416.94,3352303.0,0.0172229240237663,5.61,-0.17,-0.0303
2004-02-09,417.7,425.36,410.8,421.53,2021442.0,0.0103854400943023,5.44,0.06,0.011
2004-02-10,421.54,443.0,419.24,433.04,4270125.0,0.0219383625069049,5.5,0.15,0.0273
2004-02-11,433.8,450.66,430.74,448.37,4224342.0,0.0217031459615688,5.65,0.2,0.0354
2004-02-12,448.35,470.57,439.92,468.27,10608937.0,0.0545048928822732,5.85,0.26,0.0444
2004-02-13,471.33,486.66,455.24,464.43,10086312.0,0.0518198340830176,6.11,-0.05,-0.0082
2004-02-16,469.05,487.45,467.52,486.68,7528134.0,0.0386768379596748,6.06,0.29,0.0479
2004-02-17,488.97,489.73,475.94,479.77,4301851.0,0.0221013592549847,6.35,-0.09,-0.0142
2004-02-18,480.55,488.21,459.85,486.68,8456675.0,0.0434473467997027,6.26,0.09,0.0144
2004-02-19,489.76,499.72,478.26,493.59,7476269.0,0.0384103742914167,6.35,0.09,0.0142
2004-02-20,491.3,505.09,475.2,503.56,8296709.0,0.0426254991730455,6.44,0.13,0.0202
2004-02-23,502.03,505.86,486.7,492.83,9025956.0,0.0463721073035037,6.57,-0.14,-0.0213
2004-02-24,495.13,496.66,468.3,472.13,5967389.0,0.0306582929309369,6.43,-0.27,-0.042
2004-02-25,471.34,477.47,459.85,460.61,2945509.0,0.0151329631355876,6.16,-0.15,-0.0244
2004-02-26,459.1,475.19,452.2,472.13,3726259.0,0.0191441751088357,6.01,0.15,0.025
2004-02-27,471.38,472.15,463.72,467.55,1633636.0,0.0083930327033354,6.16,-0.06,-0.0097
2004-03-01,466.02,470.62,456.83,461.42,3076886.0,0.0158079307890098,6.1,-0.08,-0.0131
2004-03-02,466.04,473.7,462.97,466.04,3107637.0,0.01596591833866,6.02,0.06,0.01
2004-03-03,468.32,471.38,459.89,459.89,3092302.0,0.0158871326382312,6.08,-0.08,-0.0132
2004-03-04,456.04,468.3,452.21,459.11,2320236.0,0.0119205359256628,6.0,-0.01,-0.0017
2004-03-05,459.87,462.17,447.61,449.14,2080944.0,0.0106911399147727,5.99,-0.13,-0.0217
2004-03-08,448.37,448.37,426.91,427.67,2294003.0,0.0117857602308896,5.86,-0.28,-0.0478
2004-03-09,427.65,446.81,427.65,433.02,1172591.0,0.0060243497392545,5.58,0.07,0.0125
2004-03-10,431.47,448.33,430.7,442.2,1603010.0,0.0082356873586121,5.65,0.12,0.0212
2004-03-11,442.2,451.4,440.67,444.5,1262273.0,0.006485103517269,5.77,0.03,0.0052
2004-03-12,444.49,457.52,439.13,451.39,2073739.0,0.0106541232227877,5.8,0.09,0.0155
2004-03-15,450.62,457.52,446.79,451.39,2211827.0,0.0113635695743239,5.89,0.0,0.0
2004-03-16,452.16,460.59,450.63,453.69,1026356.0,0.0052730470394044,5.89,0.03,0.0051
2004-03-17,453.69,458.28,448.32,452.92,1437169.0,0.0073836561003919,5.92,-0.01,-0.0017
2004-03-18,452.14,452.14,437.58,439.88,1347630.0,0.0069236370048137,5.91,-0.17,-0.0288
2004-03-19,436.79,442.16,435.26,440.62,789817.0,0.0040577949498237,5.74,0.01,0.0017
2004-03-22,439.88,450.61,439.88,447.54,783939.0,0.0040275959053424,5.75,0.09,0.0157
2004-03-23,447.53,452.13,444.46,449.06,937810.0,0.0048181296197653,5.84,0.02,0.0034
2004-03-24,450.58,456.71,449.05,453.64,1483600.0,0.007622201836069,5.86,0.06,0.0102
2004-03-25,453.63,458.99,449.03,451.33,825809.0,0.0042427088676478,5.92,-0.03,-0.0051
2004-03-26,449.79,455.16,445.2,448.26,778635.0,0.0040003458658854,5.89,-0.04,-0.0068
2004-03-29,447.51,448.28,436.02,436.79,878801.0,0.0045149626555266,5.85,-0.15,-0.0256
2004-03-30,429.9,447.53,422.24,439.1,902588.0,0.0046371716842908,5.7,0.03,0.0053
2004-03-31,439.09,449.81,436.79,449.81,1455359.0,0.0074771097613504,5.73,0.14,0.0244
2004-04-01,449.05,450.59,442.16,446.76,966899.0,0.0049675784127078,5.87,-0.04,-0.0068
2004-04-02,446.77,449.83,442.94,445.24,1093048.0,0.0056156864872685,5.83,-0.02,-0.0034
2004-04-05,445.22,455.95,445.22,453.65,2189196.0,0.0112472996567234,5.81,0.11,0.0189
2004-04-06,453.67,460.57,451.37,456.74,1484171.0,0.0076251354281749,5.92,0.04,0.0068
2004-04-07,456.73,474.36,453.67,466.69,3879295.0,0.0199304188943471,5.96,0.13,0.0218
2004-04-08,465.15,474.34,461.31,463.61,1578130.0,0.0081078628899673,6.09,-0.04,-0.0066
2004-04-09,462.86,469.76,450.6,454.43,3077130.0,0.0158091843730271,6.05,-0.12,-0.0198
2004-04-12,452.16,455.99,440.66,446.03,1857183.0,0.0095415365816366,5.93,-0.11,-0.0185
2004-04-13,444.51,450.64,440.68,444.51,2587826.0,0.0132953168567182,5.82,-0.02,-0.0034
2004-04-14,440.68,448.34,430.72,447.58,1555932.0,0.0079938175702335,5.8,0.04,0.0069
2004-04-15,444.52,444.52,429.19,433.79,1020125.0,0.0052410344082097,5.84,-0.18,-0.0308
2004-04-16,433.78,447.57,427.65,444.51,2049124.0,0.0105276602285879,5.66,0.14,0.0247
2004-04-19,442.23,448.36,435.33,439.93,1716976.0,0.0088212035721801,5.8,-0.06,-0.0103
2004-04-20,441.44,442.98,429.95,431.48,923257.0,0.0047433615533591,5.74,-0.11,-0.0192
2004-04-21,433.0,442.96,419.97,420.74,2142692.0,0.0110083788733691,5.63,-0.14,-0.0249
2004-04-22,420.73,423.79,400.04,400.04,2332600.0,0.0119840576993897,5.49,-0.27,-0.0492
2004-04-23,396.98,396.98,380.12,380.12,4558640.0,0.0234206485427188,5.22,-0.26,-0.0498
2004-04-26,377.8,392.36,361.71,382.4,3637448.0,0.0186878962147516,4.96,0.03,0.006
2004-04-27,379.32,388.52,374.72,387.75,1933945.0,0.0099359120584096,4.99,0.07,0.014
2004-04-28,387.0,406.92,387.0,405.39,4254340.0,0.0218572648687394,5.06,0.23,0.0455
2004-04-29,407.69,409.99,398.49,405.39,2046910.0,0.0105162854949231,5.29,0.0,0.0
2004-05-10,425.33,425.33,394.67,399.27,1685701.0,0.0086605238994765,5.29,-0.08,-0.0151
2004-05-11,396.97,396.97,382.41,383.18,985965.0,0.0050655326457938,5.21,-0.21,-0.0403
2004-05-12,383.18,392.38,380.88,391.61,561937.0,0.0028870296799373,5.0,0.11,0.022
2004-05-13,392.38,404.64,392.38,402.34,1202040.0,0.0061756480823863,5.11,0.14,0.0274
2004-05-14,400.81,405.4,387.01,387.01,801000.0,0.0041152491714015,5.25,-0.2,-0.0381
2004-05-17,389.29,399.26,383.93,393.13,943400.0,0.0048468490240951,5.05,0.08,0.0158
2004-05-18,393.11,393.87,386.21,393.87,308511.0,0.0015850182735558,5.13,0.01,0.0019
2004-05-19,391.59,397.72,390.83,393.12,434865.0,0.0022341795641966,5.14,-0.01,-0.0019
2004-05-20,396.97,396.97,384.71,384.71,571258.0,0.0029349176169244,5.13,-0.11,-0.0214
2004-05-21,387.79,390.09,384.72,387.79,298287.0,0.001532491048177,5.02,0.04,0.008
2004-05-24,388.54,388.54,373.98,380.11,871567.0,0.0044777969719986,5.06,-0.1,-0.0198
2004-05-25,382.4,382.4,360.95,361.71,640011.0,0.0032881457396227,4.96,-0.24,-0.0484
2004-05-26,360.16,373.19,358.63,367.83,405068.0,0.0020810933225484,4.72,0.08,0.0169
2004-05-27,367.81,380.83,364.74,374.7,1086975.0,0.0055844856031013,4.8,0.09,0.0187
2004-05-28,379.32,379.32,370.12,372.42,312222.0,0.0016040840534248,4.89,-0.03,-0.0061
2004-05-31,372.43,385.46,371.67,378.56,612177.0,0.0031451446841461,4.86,0.08,0.0165
2004-06-01,379.31,384.68,376.25,383.14,992358.0,0.0050983775745738,4.94,0.06,0.0121
2004-06-02,385.44,386.21,364.75,380.85,1438125.0,0.0073885676836726,5.0,-0.03,-0.006
2004-06-03,376.25,377.02,367.82,373.95,848890.0,0.004361290722985,4.97,-0.09,-0.0181
2004-06-04,373.19,376.25,367.82,373.95,518180.0,0.0026622219920559,4.88,0.0,0.0
2004-06-07,372.42,372.42,364.75,367.82,394150.0,0.0020250005754156,4.88,-0.08,-0.0164
2004-06-08,366.31,367.84,359.41,360.94,432325.0,0.0022211299600825,4.8,-0.09,-0.0187
2004-06-09,360.16,365.53,344.84,348.67,534099.0,0.002744008073903,4.71,-0.16,-0.034
2004-06-10,348.65,350.95,331.03,334.09,1651109.0,0.0084828026768334,4.55,-0.19,-0.0418
2004-06-11,335.62,350.95,335.62,344.82,1697066.0,0.0087189131714278,4.36,0.14,0.0321
2004-06-14,351.7,361.67,345.57,356.3,3435393.0,0.0176498104827572,4.5,0.15,0.0333
2004-06-15,350.92,357.05,338.66,349.39,1326566.0,0.0068154177681765,4.65,-0.09,-0.0194
2004-06-16,354.74,367.0,346.31,356.27,1816750.0,0.0093338064071706,4.56,0.09,0.0197
2004-06-17,367.0,367.0,346.31,347.08,1067580.0,0.0054848410866477,4.65,-0.12,-0.0258
2004-06-21,344.79,345.56,335.6,344.79,747590.0,0.0038408478502472,4.53,-0.03,-0.0066
2004-06-22,343.24,347.84,337.11,346.31,1455651.0,0.0074786099520596,4.5,0.02,0.0044
2004-06-23,347.09,348.62,329.46,337.89,1572400.0,0.0080784242161195,4.52,-0.11,-0.0243
2004-06-24,338.67,340.97,333.31,334.07,1034836.0,0.0053166142216435,4.41,-0.05,-0.0113
2004-06-25,330.24,337.14,321.05,322.58,1307487.0,0.006717396745778,4.36,-0.15,-0.0344
2004-06-28,322.59,322.59,308.03,308.03,811280.0,0.0041680641045875,4.21,-0.19,-0.0451
2004-06-29,311.1,317.99,298.84,308.03,1204296.0,0.0061872385969065,4.02,0.0,0.0
2004-06-30,311.85,314.15,298.83,305.72,1217136.0,0.0062532058869949,4.02,-0.03,-0.0075
2004-07-01,306.49,317.22,304.96,315.69,1040956.0,0.0053480565748632,3.99,0.13,0.0326
2004-07-02,315.68,317.98,310.32,316.45,567087.0,0.0029134885229245,4.12,0.01,0.0024
2004-07-05,313.4,317.23,310.33,314.93,519826.0,0.002670678546533,4.13,-0.02,-0.0048
2004-07-06,313.4,323.36,311.86,319.53,911821.0,0.0046846075090093,4.11,0.06,0.0146
2004-07-07,320.29,321.05,312.62,313.39,604727.0,0.0031068692705045,4.17,-0.08,-0.0192
2004-07-08,313.39,315.69,308.03,313.39,687074.0,0.0035299384634101,4.09,0.0,0.0
2004-07-09,313.38,314.14,307.25,307.25,577568.0,0.0029673361216329,4.09,-0.08,-0.0196
2004-07-12,307.26,307.26,299.6,299.6,644332.0,0.0033103454795349,4.01,-0.1,-0.0249
2004-07-13,299.61,314.94,299.61,314.94,3470621.0,0.0178307992440682,3.91,0.2,0.0512
2004-07-14,311.88,327.98,298.86,321.08,2473714.0,0.0127090505477956,4.11,0.08,0.0195
2004-07-15,319.56,320.33,312.66,318.03,789557.0,0.0040564591635758,4.19,-0.04,-0.0095
2004-07-16,318.04,324.94,306.55,322.64,2149512.0,0.0110434175741792,4.15,0.06,0.0145
2004-07-19,328.0,329.54,318.81,328.77,2518890.0,0.0129411485460069,4.21,0.08,0.019
2004-07-20,328.0,328.0,321.87,321.87,960113.0,0.0049327143916377,4.29,-0.09,-0.021
2004-07-21,321.88,325.71,319.58,323.41,1318851.0,0.0067757808800899,4.2,0.02,0.0048
2004-07-22,322.64,322.64,308.85,318.04,1345529.0,0.0069128428244028,4.22,-0.07,-0.0166
2004-07-23,314.2,314.2,310.37,312.67,472916.0,0.0024296718815761,4.15,-0.07,-0.0169
2004-07-26,312.67,316.5,308.07,312.67,803700.0,0.0041291207978219,4.08,0.0,0.0
2004-07-27,311.12,314.19,302.69,304.23,593001.0,0.0030466253107244,4.08,-0.11,-0.027
2004-07-28,307.31,312.67,304.24,310.37,1118169.0,0.0057447491270123,3.97,0.08,0.0202
2004-07-29,310.36,311.89,304.99,311.89,490866.0,0.0025218925090751,4.05,0.02,0.0049
2004-07-30,311.88,311.88,302.68,305.75,623900.0,0.0032053732310079,4.07,-0.08,-0.0197
2004-08-02,307.28,308.04,301.91,306.51,314137.0,0.0016139226329045,3.99,0.01,0.0025
2004-08-03,306.51,306.51,298.85,304.98,609792.0,0.0031328914141414,4.0,-0.02,-0.005
2004-08-04,303.44,313.4,301.91,311.87,1133237.0,0.0058221630777172,3.98,0.09,0.0226
2004-08-05,308.03,312.62,304.2,311.09,1203220.0,0.006181710496896,4.07,-0.01,-0.0025
2004-08-06,308.8,311.87,306.5,309.57,403566.0,0.002073376588147,4.06,-0.02,-0.0049
2004-08-09,310.34,311.87,304.98,307.28,514228.0,0.0026419180410879,4.04,-0.03,-0.0074
2004-08-10,306.5,308.8,304.21,304.97,234348.0,0.0012039955216224,4.01,-0.03,-0.0075
2004-08-11,305.73,307.27,292.71,293.47,781306.0,0.0040140685007628,3.98,-0.15,-0.0377
2004-08-12,292.72,292.72,278.93,283.53,2713997.0,0.013943537959346,3.83,-0.13,-0.0339
2004-08-13,282.0,283.53,275.87,275.87,546600.0,0.0028082337042297,3.7,-0.1,-0.027
2004-08-16,275.88,285.85,268.22,284.31,1828085.0,0.0093920415499394,3.6,0.11,0.0306
2004-08-17,279.71,285.08,272.05,284.31,1297849.0,0.0066678801770964,3.71,0.0,0.0
2004-08-18,283.54,288.13,275.11,278.94,2099065.0,0.0107842390786116,3.71,-0.07,-0.0189
2004-08-19,277.39,277.39,265.13,265.13,1415200.0,0.0072707873000841,3.64,-0.18,-0.0495
2004-08-20,260.54,262.08,252.11,252.11,2124701.0,0.0109159476026541,3.46,-0.17,-0.0491
2004-08-23,249.06,251.36,242.93,251.36,774914.0,0.0039812287096222,3.29,-0.01,-0.003
2004-08-24,249.06,257.49,246.76,255.96,1180740.0,0.0060662163628472,3.28,0.06,0.0183
2004-08-25,255.2,262.09,251.37,259.03,2170254.0,0.0111499824909248,3.34,0.04,0.012
2004-08-26,256.73,256.73,247.53,251.36,669240.0,0.0034383138020833,3.38,-0.1,-0.0296
2004-08-27,251.37,251.37,246.77,249.07,551853.0,0.0028352217240767,3.28,-0.03,-0.0091
2004-08-30,249.07,251.37,243.71,249.07,463826.0,0.0023829707392939,3.25,0.0,0.0
2004-08-31,252.91,259.81,249.85,256.75,1183583.0,0.006080822671704,3.25,0.1,0.0308
2004-09-01,253.67,256.74,249.84,250.61,347080.0,0.0017831718881523,3.35,-0.08,-0.0239
2004-09-02,250.62,252.92,245.25,251.39,628610.0,0.0032295715126525,3.27,0.01,0.0031
2004-09-03,252.14,256.74,249.08,255.21,907290.0,0.00466132886482,3.28,0.05,0.0152
2004-09-06,255.21,259.04,252.14,255.97,802734.0,0.004124157838147,3.33,0.01,0.003
2004-09-07,255.97,258.27,253.67,255.97,423924.0,0.0021779686513573,3.34,0.0,0.0
2004-09-08,255.97,258.27,252.14,254.44,393268.0,0.0020204691774515,3.34,-0.02,-0.006
2004-09-09,254.44,254.44,245.25,246.78,772572.0,0.0039691963581123,3.32,-0.1,-0.0301
2004-09-10,244.48,245.24,234.51,235.28,2247726.0,0.0115480056916824,3.22,-0.15,-0.0466
2004-09-13,236.05,236.82,226.85,228.38,1050991.0,0.0053996127863925,3.07,-0.09,-0.0293
2004-09-14,228.38,238.34,228.38,232.98,2710599.0,0.0139260802606139,2.98,0.06,0.0201
2004-09-15,236.8,244.46,233.73,244.46,2977998.0,0.015299879902541,3.04,0.15,0.0493
2004-09-16,246.0,253.66,245.23,250.6,1920090.0,0.009864730064315,3.19,0.08,0.0251
2004-09-17,251.36,262.85,246.76,262.85,3062305.0,0.0157330188687,3.27,0.16,0.0489
2004-09-20,264.37,275.87,264.37,275.1,3492797.0,0.0179447315357349,3.43,0.16,0.0466
2004-09-21,276.64,277.41,264.38,265.91,2561998.0,0.013162621905908,3.59,-0.12,-0.0334
2004-09-22,263.6,264.37,252.87,255.94,3170387.0,0.0162883052119502,3.47,-0.13,-0.0375
2004-09-23,255.17,266.66,253.64,265.9,2409307.0,0.0123781506059948,3.34,0.13,0.0389
2004-09-24,267.43,272.03,256.71,258.24,4084717.0,0.0209858030582517,3.47,-0.1,-0.0288
2004-09-27,260.55,260.55,245.22,245.22,1990042.0,0.0102241182166719,3.37,-0.17,-0.0504
2004-09-28,249.05,253.65,244.45,252.11,2097924.0,0.0107783770320391,3.2,0.09,0.0281
2004-09-29,252.12,252.12,243.69,243.69,982998.0,0.0050502892696496,3.29,-0.11,-0.0334
2004-09-30,243.7,246.77,240.64,241.4,735910.0,0.0037808402218802,3.18,-0.03,-0.0094
2004-10-08,241.39,247.52,236.03,245.99,505689.0,0.0025980477381234,3.15,0.06,0.019
2004-10-11,246.0,249.83,242.93,244.46,1180621.0,0.0060656049837568,3.21,-0.02,-0.0062
2004-10-12,243.69,243.69,236.8,238.33,1092700.0,0.0056138985887521,3.19,-0.08,-0.0251
2004-10-13,238.34,242.17,236.04,236.8,702631.0,0.003609864719789,3.11,-0.02,-0.0064
2004-10-14,237.58,237.58,225.32,225.32,1554700.0,0.0079874879984743,3.09,-0.15,-0.0485
2004-10-15,223.78,236.81,215.35,236.04,3698434.0,0.0190012202921138,2.94,0.14,0.0476
2004-10-18,236.05,236.05,226.09,232.22,1816048.0,0.0093301997843013,3.08,-0.05,-0.0162
2004-10-19,229.15,236.82,228.39,234.52,2536709.0,0.0130326961427425,3.03,0.03,0.0099
2004-10-20,233.75,233.75,223.02,226.85,1521782.0,0.0078183671842119,3.06,-0.1,-0.0327
2004-10-21,226.84,226.84,215.35,215.35,1743080.0,0.0089553165114688,2.96,-0.15,-0.0507
2004-10-22,212.29,212.29,204.62,204.62,2365679.0,0.0121540056735979,2.81,-0.14,-0.0498
2004-10-25,203.09,214.59,194.66,211.52,2561572.0,0.0131604332715172,2.67,0.09,0.0337
2004-10-26,209.21,210.74,200.78,206.15,1954945.0,0.0100438024861242,2.76,-0.07,-0.0254
2004-10-27,203.84,215.33,203.07,212.27,2864780.0,0.0147182066432554,2.69,0.08,0.0297
2004-10-28,214.58,219.94,207.68,216.88,2950415.0,0.0151581683945575,2.77,0.06,0.0217
2004-10-29,207.67,210.74,206.14,206.14,1374781.0,0.0070631290525699,2.83,-0.14,-0.0495
2004-11-01,200.77,203.07,196.17,198.47,2073203.0,0.0106513694480613,2.69,-0.1,-0.0372
2004-11-02,196.17,203.84,195.41,202.3,2176783.0,0.0111835261386652,2.59,0.05,0.0193
2004-11-03,200.78,208.44,199.24,204.61,2566597.0,0.0131862499095775,2.64,0.03,0.0114
2004-11-04,205.37,206.9,194.64,196.94,1023725.0,0.0052595299101036,2.67,-0.1,-0.0375
2004-11-05,196.17,203.07,188.51,188.51,1821406.0,0.0093577272562868,2.57,-0.11,-0.0428
2004-11-08,187.75,194.64,183.15,191.58,1890185.0,0.0097110889576099,2.46,0.04,0.0163
2004-11-09,192.35,193.11,188.51,190.05,642170.0,0.0032992379031197,2.5,-0.02,-0.008
2004-11-10,190.06,198.49,185.46,198.49,2271711.0,0.0116712319730508,2.48,0.11,0.0444
2004-11-11,198.49,203.86,194.66,199.26,2855052.0,0.0146682276870265,2.59,0.01,0.0039
2004-11-12,198.49,204.62,196.19,201.55,2655913.0,0.0136451233115661,2.6,0.03,0.0115
2004-11-15,200.78,211.51,200.78,205.38,2549001.0,0.0130958480064315,2.63,0.05,0.019
2004-11-16,206.14,214.57,203.84,213.8,2034404.0,0.0104520341763994,2.68,0.11,0.041
2004-11-17,215.34,220.7,210.74,219.94,6142054.0,0.031555658719355,2.79,0.08,0.0287
2004-11-18,219.95,220.71,215.35,216.88,2895009.0,0.0148735123451309,2.87,-0.04,-0.0139
2004-11-19,216.12,227.62,215.35,223.02,3531340.0,0.0181427515717066,2.83,0.08,0.0283
2004-11-22,223.77,229.14,219.94,226.07,3252670.0,0.0167110455959332,2.91,0.04,0.0137
2004-11-23,226.07,229.14,222.24,226.07,2439577.0,0.0125336669510863,2.95,0.0,0.0
2004-11-24,226.07,229.13,214.57,216.1,4227483.0,0.0217192832869712,2.95,-0.13,-0.0441
2004-11-25,215.35,217.65,209.22,215.35,2138274.0,0.0109856807824337,2.82,-0.01,-0.0035
2004-11-26,215.35,219.95,213.05,219.18,1352457.0,0.0069484363902698,2.81,0.05,0.0178
2004-11-29,219.19,229.92,216.89,229.92,5502573.0,0.0282702359286221,2.86,0.14,0.049
2004-11-30,231.45,241.42,229.92,234.52,7224825.0,0.0371185456863557,3.0,0.06,0.02
2004-12-01,230.69,245.25,229.92,242.19,3982446.0,0.020460371537642,3.06,0.1,0.0327
2004-12-02,241.42,252.91,236.05,239.89,4446393.0,0.0228439639313052,3.16,-0.03,-0.0095
2004-12-03,235.28,252.14,233.75,249.07,5317194.0,0.0273178254715119,3.13,0.12,0.0383
2004-12-06,252.13,261.33,246.0,261.33,4605224.0,0.0236599803372264,3.25,0.16,0.0492
2004-12-07,264.39,274.35,264.39,271.28,8569167.0,0.044025290132773,3.41,0.13,0.0381
2004-12-08,274.36,278.2,257.5,266.7,4418208.0,0.0226991595643939,3.54,-0.06,-0.0169
2004-12-09,266.69,266.69,253.66,253.66,4995743.0,0.0256663261439262,3.48,-0.17,-0.0489
2004-12-10,247.53,252.9,240.64,249.07,4154784.0,0.0213457820391414,3.31,-0.06,-0.0181
2004-12-13,259.04,259.04,236.81,236.81,2757002.0,0.0141644821423874,3.25,-0.16,-0.0492
2004-12-14,239.11,248.31,235.28,247.54,4060565.0,0.0208617187911011,3.09,0.14,0.0453
2004-12-15,246.77,249.07,239.11,245.24,1700516.0,0.0087366380274095,3.23,-0.03,-0.0093
2004-12-16,243.71,249.84,242.17,242.17,2132968.0,0.0109584204676978,3.2,-0.04,-0.0125
2004-12-17,239.87,241.41,229.91,231.44,2047703.0,0.0105203596429792,3.16,-0.14,-0.0443
2004-12-20,231.46,231.46,219.96,221.49,1936759.0,0.0099503693757233,3.02,-0.13,-0.043
2004-12-21,220.72,226.09,219.19,223.02,622215.0,0.0031967163085937,2.89,0.02,0.0069
2004-12-22,221.49,229.92,221.49,229.15,1556864.0,0.0079986058501683,2.91,0.08,0.0275
2004-12-23,229.93,240.65,226.09,239.12,2638522.0,0.0135557746245002,2.99,0.13,0.0435
2004-12-24,236.06,242.19,233.76,235.3,1252233.0,0.0064335216175426,3.12,-0.05,-0.016
2004-12-27,231.47,240.66,231.47,239.13,1317499.0,0.0067688347916009,3.07,0.05,0.0163
2004-12-28,236.07,242.2,234.54,234.54,1561700.0,0.0080234514743792,3.12,-0.06,-0.0192
2004-12-29,233.78,239.14,223.05,223.05,2276700.0,0.0116968636560921,3.06,-0.15,-0.049
2004-12-30,214.62,226.88,211.55,214.62,2269424.0,0.0116594821917087,2.91,-0.11,-0.0378
2004-12-31,216.16,219.22,214.62,215.39,471996.0,0.0024249452533143,2.8,0.01,0.0036
2005-01-04,215.4,225.36,213.1,220.0,1213814.0,0.0062361386488583,2.81,0.06,0.0214
2005-01-05,230.73,230.73,222.3,230.73,2460222.0,0.0126397335168087,2.87,0.14,0.0488
2005-01-06,228.44,239.17,227.67,236.87,3105240.0,0.0159536034169823,3.01,0.08,0.0266
2005-01-07,234.57,239.17,233.04,234.57,1085798.0,0.0055784386015098,3.09,-0.03,-0.0097
2005-01-10,236.11,236.11,229.98,232.28,912252.0,0.0046868218315972,3.06,-0.03,-0.0098
2005-01-11,233.81,238.41,233.04,236.87,1012500.0,0.0052018599076704,3.03,0.06,0.0198
2005-01-12,237.64,241.47,235.34,236.87,1556598.0,0.0079972392380839,3.09,0.0,0.0
2005-01-13,236.1,236.1,232.27,233.04,739293.0,0.0037982208560211,3.09,-0.05,-0.0162
2005-01-14,233.79,236.86,222.3,223.06,1857000.0,0.0095405963936237,3.04,-0.13,-0.0428
2005-01-17,222.3,226.13,215.4,218.47,1492071.0,0.0076657227795533,2.91,-0.06,-0.0206
2005-01-18,221.54,226.14,218.47,226.14,865024.0,0.0044441813973063,2.85,0.1,0.0351
2005-01-19,227.68,227.68,220.01,222.31,848311.0,0.0043583160297637,2.95,-0.05,-0.0169
2005-01-20,220.78,224.61,216.18,220.78,751074.0,0.003858747385969,2.9,-0.02,-0.0069
2005-01-21,217.72,229.22,216.19,227.69,1197300.0,0.0061512956715593,2.88,0.09,0.0313
2005-01-24,229.99,237.66,227.69,234.59,1581874.0,0.008127098211937,2.97,0.09,0.0303
2005-01-25,233.07,236.13,230.0,233.07,816982.0,0.0041973589245317,3.06,-0.02,-0.0065
2005-01-26,233.84,234.61,227.71,229.24,682340.0,0.0035056168784196,3.04,-0.05,-0.0164
2005-01-27,228.49,239.22,226.95,235.39,2831805.0,0.0145487929835464,2.99,0.08,0.0268
2005-01-28,234.62,235.39,223.89,224.65,1185564.0,0.0060910003353851,3.07,-0.14,-0.0456
2005-01-31,226.18,226.18,217.75,219.28,668826.0,0.0034361868193655,2.93,-0.07,-0.0239
2005-02-01,220.04,222.34,208.54,208.54,1363649.0,0.0070059368506023,2.86,-0.14,-0.049
2005-02-02,207.01,219.28,207.01,219.28,1456511.0,0.0074830283219565,2.72,0.14,0.0515
2005-02-03,222.35,229.25,216.98,223.12,1555533.0,0.007991767652107,2.86,0.05,0.0175
2005-02-04,222.35,231.55,220.82,223.12,3144123.0,0.0161533702503551,2.91,0.0,0.0
2005-02-16,226.17,229.24,222.34,226.17,887428.0,0.0045592850707596,2.91,0.04,0.0137
2005-02-17,227.7,233.07,224.64,232.3,3279035.0,0.0168464994591093,2.95,0.08,0.0271
2005-02-18,232.3,243.8,229.23,243.8,6956458.0,0.0357397728094749,3.03,0.15,0.0495
2005-02-21,243.8,247.64,239.97,245.34,3024854.0,0.0155406091349694,3.18,0.02,0.0063
2005-02-22,246.1,246.1,239.97,245.34,2672958.0,0.0137326943753945,3.2,0.0,0.0
2005-02-23,244.58,249.94,239.98,244.58,2860173.0,0.0146945375384706,3.2,-0.01,-0.0031
2005-02-24,243.8,249.17,239.97,243.04,1909354.0,0.0098095723675557,3.19,-0.02,-0.0063
2005-02-25,243.79,252.22,242.26,250.69,3206106.0,0.016471816554214,3.17,0.1,0.0315
2005-02-28,249.93,251.47,241.5,242.27,1829652.0,0.0094000922309027,3.27,-0.11,-0.0336
2005-03-01,242.26,243.79,236.12,239.19,1767676.0,0.0090816818905197,3.16,-0.04,-0.0127
2005-03-02,239.19,242.26,236.13,238.43,894837.0,0.0045973498411852,3.12,-0.01,-0.0032
2005-03-03,237.65,242.25,236.12,239.95,791695.0,0.004067443436645,3.11,0.02,0.0064
2005-03-04,239.95,241.48,234.58,236.11,1140232.0,0.005858100865425,3.13,-0.05,-0.016
2005-03-07,234.58,239.18,233.81,237.65,679452.0,0.0034907793757891,3.08,0.02,0.0065
2005-03-08,236.11,243.01,233.81,241.47,1456974.0,0.0074854070490056,3.1,0.05,0.0161
2005-03-09,239.95,239.95,235.35,236.89,1728871.0,0.0088823157930213,3.15,-0.06,-0.019
2005-03-10,236.9,237.66,225.4,225.4,2573200.0,0.0132201737426346,3.09,-0.15,-0.0485
2005-03-11,224.63,228.46,220.8,227.7,1812939.0,0.0093142268633601,2.94,0.03,0.0102
2005-03-14,227.7,227.7,220.8,220.8,1614192.0,0.0082931364425505,2.97,-0.09,-0.0303
2005-03-15,220.79,224.62,220.02,222.32,839500.0,0.0043130482888783,2.88,0.02,0.0069
2005-03-16,221.55,224.62,220.02,222.32,534471.0,0.0027459192757654,2.9,0.0,0.0
2005-03-17,222.33,222.33,211.59,212.36,1641496.0,0.0084334145491372,2.9,-0.13,-0.0448
2005-03-18,210.83,213.9,210.06,211.6,604128.0,0.0031037918244949,2.77,-0.01,-0.0036
2005-03-21,208.52,213.12,200.86,202.39,1699271.0,0.0087302416663378,2.76,-0.12,-0.0435
2005-03-22,201.62,203.15,192.42,193.95,1691939.0,0.0086925724941472,2.64,-0.11,-0.0417
2005-03-23,192.41,203.91,190.88,200.08,1730815.0,0.008892303364044,2.53,0.08,0.0316
2005-03-24,199.31,209.28,199.31,207.74,1923603.0,0.0098827785915798,2.61,0.1,0.0383
2005-03-25,205.45,213.11,203.15,209.28,1367427.0,0.0070253468523121,2.71,0.02,0.0074
2005-03-28,208.52,215.42,203.92,205.45,743704.0,0.0038208829834806,2.73,-0.05,-0.0183
2005-03-29,206.98,210.82,203.92,205.45,376205.0,0.0019328056361137,2.68,0.0,0.0
2005-03-30,205.45,205.45,195.49,195.49,2126532.0,0.0109253546204229,2.68,-0.13,-0.0485
2005-03-31,190.12,193.95,188.58,192.42,707523.0,0.0036349980518071,2.55,-0.04,-0.0157
2005-04-01,193.19,198.55,188.59,197.79,1124889.0,0.0057792740638809,2.51,0.07,0.0279
2005-04-04,197.79,197.79,190.89,191.65,666974.0,0.0034266719111689,2.58,-0.08,-0.031
2005-04-05,191.65,196.25,182.45,186.29,1696679.0,0.0087169249049742,2.5,-0.07,-0.028
2005-04-06,183.22,190.88,181.69,187.05,962536.0,0.0049451628919402,2.43,0.01,0.0041
2005-04-07,186.29,195.49,184.75,190.12,1312470.0,0.0067429976029829,2.44,0.04,0.0164
2005-04-08,191.65,199.32,189.36,199.32,2399097.0,0.0123256953075678,2.48,0.12,0.0484
2005-04-11,197.8,199.33,190.13,198.56,1665904.0,0.0085588140519781,2.6,-0.01,-0.0038
2005-04-12,197.79,197.79,189.36,190.12,664600.0,0.0034144751551978,2.59,-0.11,-0.0425
2005-04-13,193.95,196.25,190.89,193.19,1043882.0,0.0053630893077914,2.48,0.04,0.0161
2005-04-14,193.96,197.79,189.36,191.66,926029.0,0.0047576030898174,2.52,-0.02,-0.0079
2005-04-15,190.13,190.13,185.53,185.53,658740.0,0.003384368588226,2.5,-0.08,-0.032
2005-04-18,185.52,185.52,176.32,177.08,1176500.0,0.0060444327717276,2.42,-0.11,-0.0455
2005-04-19,176.31,178.61,171.71,175.54,642524.0,0.0033010566274726,2.31,-0.02,-0.0087
2005-04-20,176.31,180.14,174.01,180.14,803546.0,0.004128329601352,2.29,0.06,0.0262
2005-04-21,179.37,179.37,170.94,170.94,719100.0,0.0036944765033143,2.35,-0.12,-0.0511
2005-04-22,162.5,168.63,162.5,164.03,1430220.0,0.0073479546440972,2.23,-0.09,-0.0404
2005-04-25,165.57,172.46,163.27,172.46,1925746.0,0.0098937885528461,2.14,0.11,0.0514
2005-04-26,172.46,178.59,165.56,177.83,1144498.0,0.0058800180351694,2.25,0.07,0.0311
2005-04-27,177.83,180.13,171.7,176.3,1100700.0,0.0056549997040719,2.32,-0.02,-0.0086
2005-04-28,174.76,178.59,171.69,177.06,840275.0,0.0043170299594249,2.3,0.01,0.0043
2005-04-29,174.75,182.41,173.22,175.52,961601.0,0.0049403591990872,2.31,-0.02,-0.0087
2005-05-09,180.11,180.87,167.08,170.14,942289.0,0.004841141106705,2.29,-0.07,-0.0306
2005-05-10,167.84,175.51,163.24,174.74,834823.0,0.0042890195493344,2.22,0.06,0.027
2005-05-11,169.38,173.98,168.61,170.14,608620.0,0.003126870100747,2.28,-0.06,-0.0263
2005-05-12,168.61,170.15,166.31,167.08,458700.0,0.0023566351996527,2.22,-0.04,-0.018
2005-05-13,165.55,171.68,163.25,166.31,614789.0,0.003158564198298,2.18,-0.01,-0.0046
2005-05-16,165.55,167.08,162.48,165.55,766796.0,0.0039395213528514,2.17,-0.01,-0.0046
2005-05-17,164.78,168.61,163.25,167.85,574040.0,0.0029492105297769,2.16,0.03,0.0139
2005-05-18,167.85,170.91,165.55,170.15,707351.0,0.0036341143778277,2.19,0.03,0.0137
2005-05-19,169.38,171.68,168.61,170.15,541541.0,0.0027822423864293,2.22,0.0,0.0
2005-05-20,175.51,175.51,168.61,171.68,1008200.0,0.005179768058186,2.22,0.02,0.009
2005-05-23,171.68,171.68,163.25,163.25,961015.0,0.00493734854239,2.24,-0.11,-0.0491
2005-05-24,160.95,164.78,155.59,163.25,979583.0,0.0050327442310474,2.13,0.0,0.0
2005-05-25,163.25,164.78,160.18,161.71,753989.0,0.0038737236048637,2.13,-0.02,-0.0094
2005-05-26,160.94,163.24,157.88,158.64,523601.0,0.0026900731353246,2.11,-0.04,-0.019
2005-05-27,157.12,161.71,156.35,160.18,1686048.0,0.0086623066603535,2.07,0.02,0.0097
2005-05-30,160.95,162.49,158.65,161.72,735842.0,0.0037804908624,2.09,0.02,0.0096
2005-05-31,161.73,162.49,159.43,160.96,459587.0,0.0023611922858138,2.11,-0.01,-0.0047
2005-06-01,160.97,160.97,157.13,157.9,543790.0,0.0027937969374736,2.1,-0.04,-0.019
2005-06-02,157.13,158.66,155.59,157.13,438827.0,0.0022545348915588,2.06,-0.01,-0.0049
2005-06-03,156.36,158.66,150.23,153.29,934754.0,0.0048024289937131,2.05,-0.05,-0.0244
2005-06-06,153.29,153.29,145.63,150.99,1313878.0,0.0067502313992792,2.0,-0.03,-0.015
2005-06-07,151.0,158.66,148.7,158.66,2088689.0,0.0107309309320417,1.97,0.1,0.0508
2005-06-08,157.13,166.33,157.13,166.33,3088094.0,0.015865513451573,2.07,0.1,0.0483
2005-06-09,167.86,174.76,164.03,174.76,3161996.0,0.0162451952796191,2.17,0.11,0.0507
2005-06-10,172.47,174.77,167.1,171.7,1142558.0,0.0058700510147043,2.28,-0.04,-0.0175
2005-06-13,172.46,173.23,167.1,173.23,593627.0,0.0030498414729982,2.24,0.02,0.0089
2005-06-14,173.99,174.76,167.86,167.86,636800.0,0.0032716487794612,2.26,-0.07,-0.031
2005-06-15,167.09,167.09,159.43,160.96,799620.0,0.0041081592290088,2.19,-0.09,-0.0411
2005-06-16,160.19,163.26,157.13,160.96,477397.0,0.0024526936437947,2.1,0.0,0.0
2005-06-17,161.72,161.72,157.12,160.19,279594.0,0.0014364531545928,2.1,-0.01,-0.0048
2005-06-20,157.9,163.26,156.36,162.5,636591.0,0.0032705750128235,2.09,0.03,0.0144
2005-06-21,161.72,162.49,157.89,160.19,350542.0,0.001800958395807,2.12,-0.03,-0.0142
2005-06-22,158.66,163.26,158.66,162.49,517465.0,0.0026585485798742,2.09,0.03,0.0144
2005-06-23,162.49,162.49,156.36,157.9,702802.0,0.0036107432561289,2.12,-0.06,-0.0283
2005-06-24,157.14,158.67,157.14,158.67,292546.0,0.0015029958602956,2.06,0.01,0.0049
2005-06-27,159.44,161.74,158.67,160.97,793849.0,0.0040785099119449,2.07,0.03,0.0145
2005-06-29,160.97,160.97,153.31,153.31,982415.0,0.0050472940258706,2.1,-0.1,-0.0476
2005-06-30,150.24,150.24,147.18,148.71,795002.0,0.0040844336101904,2.0,-0.06,-0.03
2005-07-01,148.71,150.24,142.57,143.34,651000.0,0.003344603259154,1.94,-0.07,-0.0361
2005-07-04,143.34,143.34,136.44,137.21,725793.0,0.0037288627239188,1.87,-0.08,-0.0428
2005-07-05,137.21,139.51,133.38,138.74,445714.0,0.0022899178142098,1.79,0.02,0.0112
2005-07-06,139.51,139.51,134.15,134.91,323300.0,0.001660998822864,1.81,-0.05,-0.0276
2005-07-07,133.37,137.21,131.08,133.37,424397.0,0.0021803987548006,1.76,-0.02,-0.0114
2005-07-08,131.08,133.38,126.48,126.48,663392.0,0.0034082688867845,1.74,-0.09,-0.0517
2005-07-11,121.11,128.77,121.11,121.88,1246216.0,0.0064026084411826,1.65,-0.06,-0.0364
2005-07-12,121.11,128.01,120.34,128.01,2123436.0,0.0109094484887941,1.59,0.08,0.0503
2005-07-13,128.01,134.14,125.71,128.77,1187882.0,0.006102909383549,1.67,0.01,0.006
2005-07-14,128.01,130.31,127.24,128.77,429553.0,0.0022068884236242,1.68,0.0,0.0
2005-07-15,128.78,128.78,122.64,124.18,498500.0,0.0025611132483691,1.68,-0.06,-0.0357
2005-07-18,128.78,130.31,128.78,130.31,814508.0,0.0041846484046191,1.62,0.08,0.0494
2005-07-19,132.61,136.45,124.95,135.68,1369530.0,0.0070361513080018,1.7,0.07,0.0412
2005-07-20,132.61,142.58,129.55,138.75,2552502.0,0.0131138348820233,1.77,0.04,0.0226
2005-07-21,137.22,141.05,135.69,137.22,801330.0,0.0041169445924084,1.81,-0.02,-0.011
2005-07-22,137.22,141.81,135.68,141.05,1273661.0,0.0065436109549268,1.79,0.05,0.0279
2005-07-25,141.04,144.88,139.51,144.11,1473376.0,0.0075696746106902,1.84,0.04,0.0217
2005-07-26,141.81,148.71,141.04,144.11,1217756.0,0.0062563912234322,1.88,0.0,0.0
2005-07-27,144.11,147.18,138.74,144.11,1250408.0,0.0064241454256102,1.88,0.0,0.0
2005-07-28,144.88,144.88,138.75,139.51,1241881.0,0.0063803367743187,1.88,-0.06,-0.0319
2005-07-29,138.74,141.04,136.45,138.74,564044.0,0.0028978546861847,1.82,-0.01,-0.0055
2005-08-01,136.44,141.04,136.44,139.51,765829.0,0.0039345532555371,1.81,0.01,0.0055
2005-08-02,140.28,141.81,137.98,141.81,761339.0,0.0039114852545638,1.82,0.03,0.0165
2005-08-03,143.34,148.7,141.81,146.4,1885946.0,0.0096893105041298,1.85,0.06,0.0324
2005-08-04,146.41,154.07,145.64,152.54,2005818.0,0.0103051696160827,1.91,0.08,0.0419
2005-08-05,152.54,155.61,144.88,151.78,1879609.0,0.009656753283157,1.99,-0.01,-0.005
2005-08-08,149.48,154.08,148.71,151.78,1034058.0,0.0053126171381786,1.98,0.0,0.0
2005-08-09,151.78,156.37,151.78,154.84,1203000.0,0.0061805802162247,1.98,0.04,0.0202
2005-08-10,154.84,157.91,152.54,156.37,1530437.0,0.0078628334533485,2.02,0.02,0.0099
2005-08-11,156.37,157.14,154.07,157.14,1594479.0,0.0081918581567629,2.04,0.01,0.0049
2005-08-12,158.68,164.81,157.14,157.91,3459606.0,0.0177742081459122,2.05,0.01,0.0049
2005-08-15,157.14,159.44,152.55,157.91,1426489.0,0.0073287861114399,2.06,0.0,0.0
2005-08-16,157.14,165.57,153.31,165.57,3516632.0,0.018067187171191,2.06,0.1,0.0485
2005-08-17,165.57,166.34,161.74,164.81,1975139.0,0.0101475519764704,2.16,-0.01,-0.0046
2005-08-18,164.04,169.4,156.37,156.37,2316342.0,0.0119005299577809,2.15,-0.11,-0.0512
2005-08-19,153.31,157.14,148.71,153.31,2486447.0,0.0127744681104666,2.04,-0.04,-0.0196
2005-08-22,154.07,160.97,153.31,160.97,1202953.0,0.0061803387471722,2.0,0.1,0.05
2005-08-23,166.34,169.41,164.81,169.41,1234747.0,0.0063436848547322,2.1,0.11,0.0524
2005-08-24,177.84,177.84,167.11,175.54,5375097.0,0.0276153102065577,2.21,0.08,0.0362
2005-08-25,177.84,183.98,170.94,183.21,4221972.0,0.0216909697561553,2.29,0.1,0.0437
2005-08-26,183.2,187.03,178.6,180.9,3447275.0,0.017710855914286,2.39,-0.03,-0.0126
2005-08-29,180.13,190.09,171.7,173.23,3684153.0,0.0189278496636284,2.36,-0.1,-0.0424
2005-08-30,170.16,171.69,164.79,164.79,2294730.0,0.0117894952947443,2.26,-0.11,-0.0487
2005-08-31,157.9,164.03,157.13,163.26,1718493.0,0.0088289973711726,2.15,-0.02,-0.0093
2005-09-01,162.5,167.1,159.43,165.56,1660624.0,0.008531687315867,2.13,0.03,0.0141
2005-09-02,165.57,169.4,163.27,167.1,1470020.0,0.0075524326928135,2.16,0.02,0.0093
2005-09-05,167.11,175.54,167.11,175.54,2786790.0,0.0143175221452809,2.18,0.11,0.0505
2005-09-06,175.55,180.15,168.65,169.42,3213261.0,0.0165085763642282,2.29,-0.08,-0.0349
2005-09-07,168.65,177.85,167.12,177.85,2047452.0,0.0105190700954861,2.21,0.11,0.0498
2005-09-08,178.62,178.62,172.49,175.56,1710167.0,0.0087862213854035,2.32,-0.03,-0.0129
2005-09-09,175.55,176.32,172.49,174.79,800000.0,0.0041101115319865,2.29,-0.01,-0.0044
2005-09-12,174.78,180.15,173.25,179.38,1803527.0,0.0092658714011863,2.28,0.06,0.0263
2005-09-13,176.32,180.92,176.32,177.86,2217081.0,0.0113905627318102,2.34,-0.02,-0.0085
2005-09-14,180.16,180.16,172.49,177.86,2019348.0,0.0103746818773674,2.32,0.0,0.0
2005-09-15,177.85,180.15,174.79,179.39,1320175.0,0.0067825831146753,2.32,0.02,0.0086
2005-09-16,179.38,187.82,175.55,181.68,3203056.0,0.0164561467539983,2.34,0.03,0.0128
2005-09-19,181.68,187.05,180.15,185.52,1891137.0,0.009715979990333,2.37,0.05,0.0211
2005-09-20,187.05,187.82,177.08,185.52,3009160.0,0.0154599790219907,2.42,0.0,0.0
2005-09-21,185.52,194.72,183.99,194.72,2803703.0,0.0144044150407065,2.42,0.12,0.0496
2005-09-22,203.91,204.67,188.58,197.78,10633303.0,0.0546300766042587,2.54,0.04,0.0157
2005-09-23,193.94,193.94,187.81,187.81,476700.0,0.0024491127091224,2.58,-0.13,-0.0504
2005-09-26,178.6,182.44,178.6,178.6,2010500.0,0.0103292240438236,2.45,-0.12,-0.049
2005-09-27,169.41,175.54,169.41,169.41,4161305.0,0.0213792845857665,2.33,-0.12,-0.0515
2005-09-28,163.28,169.41,160.98,165.58,2891493.0,0.0148554484049479,2.21,-0.05,-0.0226
2005-09-29,161.74,170.17,161.74,168.64,1486164.0,0.007635374743529,2.16,0.04,0.0185
2005-09-30,168.64,169.41,165.57,167.11,836199.0,0.0042960889411695,2.2,-0.02,-0.0091
2005-10-10,167.1,167.1,158.67,158.67,1130693.0,0.0058090929230455,2.18,-0.11,-0.0505
2005-10-11,157.14,163.27,151.77,163.27,1090659.0,0.0056034126667061,2.07,0.06,0.029
2005-10-12,163.27,167.1,159.44,165.57,876819.0,0.0045047798542061,2.13,0.03,0.0141
2005-10-13,165.58,165.58,160.98,161.75,747830.0,0.0038420808837068,2.16,-0.05,-0.0231
2005-10-14,159.44,161.74,159.44,160.21,497180.0,0.0025543315643413,2.11,-0.02,-0.0095
2005-10-17,157.91,163.28,157.14,160.21,343789.0,0.0017662639168376,2.09,0.0,0.0
2005-10-18,162.51,167.11,159.45,166.35,947450.0,0.0048676564637258,2.09,0.08,0.0383
2005-10-19,164.05,167.12,162.52,164.05,561517.0,0.0028848718713831,2.17,-0.03,-0.0138
2005-10-20,163.28,164.04,155.61,157.14,924311.0,0.0047487766253025,2.14,-0.09,-0.0421
2005-10-21,157.9,164.8,156.37,162.5,1098587.0,0.0056441438719881,2.05,0.07,0.0341
2005-10-24,166.33,166.33,159.43,163.27,800475.0,0.0041125519107086,2.12,0.01,0.0047
2005-10-25,160.97,165.57,159.43,164.03,748097.0,0.0038434526334306,2.13,0.01,0.0047
2005-10-26,161.73,164.8,155.6,155.6,1151824.0,0.0059176563815235,2.14,-0.11,-0.0514
2005-10-27,154.07,154.07,147.93,150.23,1949300.0,0.0100148005116266,2.03,-0.07,-0.0345
2005-10-28,150.23,151.77,142.57,148.7,1159899.0,0.0059591428197995,1.96,-0.02,-0.0102
2005-10-31,148.71,154.84,148.71,151.01,839656.0,0.0043138497606271,1.94,0.03,0.0155
2005-11-01,151.01,152.54,144.11,148.71,549002.0,0.0028205743141045,1.97,-0.03,-0.0152
2005-11-02,152.54,154.07,148.71,153.31,773386.0,0.0039733783965961,1.94,0.06,0.0309
2005-11-03,153.31,154.07,149.47,152.54,670835.0,0.0034465083369502,2.0,-0.01,-0.005
2005-11-04,151.77,152.54,148.71,152.54,503442.0,0.0025865034623579,1.99,0.0,0.0
2005-11-07,152.54,152.54,148.71,152.54,617122.0,0.0031705503110532,1.99,0.0,0.0
2005-11-08,152.54,159.44,151.01,157.91,1155157.0,0.0059347801336937,1.99,0.07,0.0352
2005-11-09,157.9,158.67,154.84,157.14,1040696.0,0.0053467207886153,2.06,-0.01,-0.0049
2005-11-10,154.07,154.07,149.47,149.47,842857.0,0.0043302953443944,2.05,-0.1,-0.0488
2005-11-11,145.63,154.06,141.8,153.29,1284758.0,0.0066006233395149,1.95,0.05,0.0256
2005-11-14,152.53,157.13,147.16,155.59,1407102.0,0.0072291826961016,2.0,0.03,0.015
2005-11-15,155.6,156.36,148.7,151.77,685000.0,0.0035192829992634,2.03,-0.05,-0.0246
2005-11-16,150.23,154.06,148.7,153.3,801706.0,0.0041188763448284,1.98,0.02,0.0101
2005-11-17,153.3,153.3,150.23,151.77,620140.0,0.0031860557068076,2.0,-0.02,-0.01
2005-11-18,151.77,154.83,151.0,154.83,1146317.0,0.0058893634012652,1.98,0.04,0.0202
2005-11-21,154.83,156.36,152.53,156.36,1293110.0,0.0066435329039088,2.02,0.02,0.0099
2005-11-22,156.37,156.37,150.23,152.53,906140.0,0.0046554205794928,2.04,-0.05,-0.0245
2005-11-23,151.0,154.84,150.24,154.84,709796.0,0.0036466759061973,1.99,0.03,0.0151
2005-11-24,153.3,154.83,151.76,154.06,501380.0,0.0025759096498842,2.02,-0.01,-0.005
2005-11-25,153.3,157.9,151.77,155.6,1170004.0,0.0060110586660879,2.01,0.02,0.01
2005-11-28,155.6,157.9,154.83,156.37,758732.0,0.003898091428609,2.03,0.01,0.0049
2005-11-29,156.37,157.9,149.47,151.77,735700.0,0.0037797613176031,2.04,-0.06,-0.0294
2005-11-30,150.99,152.53,148.69,150.99,750811.0,0.0038573961868029,1.98,-0.01,-0.0051
2005-12-01,150.99,152.53,149.46,150.99,455332.0,0.0023393316301031,1.97,0.0,0.0
2005-12-02,150.23,152.53,145.63,148.7,789522.0,0.0040562793461963,1.97,-0.03,-0.0152
2005-12-05,146.4,147.93,143.33,147.17,686410.0,0.0035265270708385,1.94,-0.02,-0.0103
2005-12-06,144.87,147.17,144.1,145.64,229976.0,0.0011815337621001,1.92,-0.02,-0.0104
2005-12-07,146.4,147.17,144.87,147.17,282400.0,0.0014508693707912,1.9,0.02,0.0105
2005-12-08,147.93,148.7,144.87,147.17,218035.0,0.0011201852098458,1.92,0.0,0.0
2005-12-09,149.46,150.23,146.39,150.23,417699.0,0.002145986845999,1.92,0.04,0.0208
2005-12-12,150.23,151.76,147.16,150.23,277507.0,0.0014257309011337,1.96,0.0,0.0
2005-12-13,148.69,150.99,146.39,149.46,421839.0,0.002167256673177,1.96,-0.01,-0.0051
2005-12-14,148.7,151.77,147.93,151.0,463399.0,0.0023807769672637,1.95,0.02,0.0103
2005-12-15,149.47,151.77,149.47,151.77,762140.0,0.0039156005037352,1.97,0.01,0.0051
2005-12-16,152.54,153.31,149.48,152.54,360700.0,0.0018531465369844,1.98,0.01,0.0051
2005-12-19,151.78,152.54,149.48,152.54,500139.0,0.0025695338393702,1.99,0.0,0.0
2005-12-20,152.54,152.54,149.48,152.54,368574.0,0.001893600309738,1.99,0.0,0.0
2005-12-21,151.77,152.54,149.47,151.0,407080.0,0.0020914302530513,1.99,-0.02,-0.0101
2005-12-22,150.24,155.61,149.47,154.84,1376677.0,0.0070728700169007,1.97,0.05,0.0254
2005-12-23,153.31,157.91,151.78,157.15,903941.0,0.0046441229104192,2.02,0.03,0.0149
2005-12-26,156.38,158.68,154.08,157.92,626726.0,0.0032198921999947,2.05,0.01,0.0049
2005-12-27,156.38,162.51,156.38,160.98,1393521.0,0.0071594084152067,2.06,0.04,0.0194
2005-12-28,160.98,164.81,159.44,162.51,1527188.0,0.0078461412628893,2.1,0.02,0.0095
2005-12-29,164.04,164.04,160.21,162.51,776127.0,0.0039874606662326,2.12,0.0,0.0
2005-12-30,162.52,162.52,154.85,156.38,1107442.0,0.0056896376690077,2.12,-0.08,-0.0377
2006-01-04,156.38,160.21,155.62,158.68,609200.0,0.0031298499316077,2.04,0.03,0.0147
2006-01-05,159.45,161.75,157.92,160.98,832810.0,0.0042786774811921,2.07,0.03,0.0145
2006-01-06,158.68,163.28,157.91,162.51,999177.0,0.0051334111377446,2.1,0.02,0.0095
2006-01-09,160.22,166.35,159.45,165.58,1095586.0,0.0056287258161037,2.12,0.04,0.0189
2006-01-10,165.59,167.89,162.52,167.12,1128471.0,0.0057976770882654,2.16,0.02,0.0093
2006-01-11,167.12,167.12,162.52,166.35,901600.0,0.0046320956965488,2.18,-0.01,-0.0046
2006-01-12,163.29,168.65,163.29,167.88,941122.0,0.0048351454815077,2.17,0.02,0.0092
2006-01-13,167.88,173.25,165.58,171.71,1860874.0,0.0095604996087173,2.19,0.05,0.0228
2006-01-16,170.95,173.25,165.58,167.88,905900.0,0.0046541875460332,2.24,-0.05,-0.0223
2006-01-17,165.58,170.95,164.82,170.18,765044.0,0.0039305202085963,2.19,0.03,0.0137
2006-01-18,169.41,173.25,167.88,173.25,876199.0,0.0045015945177688,2.22,0.04,0.018
2006-01-19,174.02,174.02,170.18,172.48,1049860.0,0.0053938021162142,2.26,-0.01,-0.0044
2006-01-20,172.49,172.49,169.43,171.73,823504.0,0.0042308666087962,2.25,-0.01,-0.0044
2006-01-23,170.2,171.73,163.3,170.2,1139498.0,0.0058543298380944,2.24,-0.02,-0.0089
2006-01-24,167.9,170.2,164.07,164.07,665900.0,0.0034211540864372,2.22,-0.08,-0.036
2006-01-25,164.07,166.37,163.31,164.84,689919.0,0.0035445550475457,2.14,0.01,0.0047
2006-02-06,167.14,169.44,164.07,169.44,597736.0,0.0030709520333543,2.15,0.06,0.0279
2006-02-07,169.44,172.51,165.61,171.74,972306.0,0.0049953576290246,2.21,0.03,0.0136
2006-02-08,170.98,177.11,168.68,174.05,1057451.0,0.0054328019370133,2.24,0.03,0.0134
2006-02-09,172.51,182.48,171.74,177.11,2099304.0,0.0107854669744318,2.27,0.04,0.0176
2006-02-10,174.8,178.64,174.04,177.87,872098.0,0.0044805250585279,2.31,0.01,0.0043
2006-02-13,176.34,177.87,172.51,176.34,602414.0,0.0030949859105376,2.32,-0.02,-0.0086
2006-02-14,176.35,177.12,173.28,174.05,482134.0,0.0024770306417034,2.3,-0.03,-0.013
2006-02-15,174.05,174.81,172.51,174.81,660104.0,0.003391376328388,2.27,0.01,0.0044
2006-02-16,175.58,175.58,166.38,168.68,1005300.0,0.0051648689038825,2.28,-0.08,-0.0351
2006-02-17,168.68,168.68,163.31,165.61,819093.0,0.0042082044813368,2.2,-0.04,-0.0182
2006-02-20,162.54,174.04,162.54,171.74,1321097.0,0.006787320018216,2.16,0.08,0.037
2006-02-21,172.5,174.03,167.9,173.26,572883.0,0.0029432662809738,2.24,0.02,0.0089
2006-02-22,172.5,174.03,169.43,173.26,763974.0,0.0039250229344223,2.26,0.0,0.0
2006-02-23,172.5,179.4,172.5,175.57,1655049.0,0.0085030449761284,2.26,0.03,0.0133
2006-02-24,175.57,176.34,172.5,175.57,689662.0,0.0035432346742161,2.29,0.0,0.0
2006-02-27,175.57,177.11,173.27,174.04,752662.0,0.00386690595736,2.29,-0.02,-0.0087
2006-02-28,173.27,174.81,170.97,174.81,579439.0,0.0029769486449784,2.27,0.01,0.0044
2006-03-01,174.81,175.57,172.51,174.81,648991.0,0.0033342817415693,2.28,0.0,0.0
2006-03-02,174.81,174.81,167.14,169.44,827905.0,0.0042534773598616,2.28,-0.07,-0.0307
2006-03-03,168.68,172.51,167.14,171.74,621521.0,0.0031931507868397,2.21,0.03,0.0136
2006-03-06,170.21,171.74,166.37,170.97,595232.0,0.0030580873842592,2.24,-0.01,-0.0045
2006-03-07,169.43,171.73,165.6,169.43,712881.0,0.0036625255237926,2.23,-0.02,-0.009
2006-03-08,167.9,169.43,162.53,166.37,386383.0,0.0019850965300794,2.21,-0.04,-0.0181
2006-03-09,164.83,166.37,163.3,165.6,376915.0,0.0019364533600983,2.17,-0.01,-0.0046
2006-03-10,164.83,166.37,163.3,165.6,276064.0,0.0014183172874579,2.16,0.0,0.0
2006-03-13,164.07,165.61,160.24,164.84,547783.0,0.0028143115316577,2.16,-0.01,-0.0046
2006-03-14,164.83,164.83,161.0,164.06,229689.0,0.001180059259588,2.15,-0.01,-0.0047
2006-03-15,163.3,164.84,161.0,164.84,407863.0,0.0020954530247132,2.14,0.01,0.0047
2006-03-16,164.84,164.84,159.47,163.3,908980.0,0.0046700114754313,2.15,-0.02,-0.0093
2006-03-17,163.3,163.3,157.93,158.7,1398003.0,0.0071824353150647,2.13,-0.06,-0.0282
2006-03-20,158.7,164.83,157.93,164.06,1795588.0,0.0092250836818707,2.07,0.07,0.0338
2006-03-21,163.29,164.82,161.76,163.29,916699.0,0.0047096689140756,2.14,-0.01,-0.0047
2006-03-22,162.53,165.59,161.76,164.83,1168380.0,0.006002715139678,2.13,0.02,0.0094
2006-03-23,164.83,165.59,163.29,164.83,822148.0,0.0042238999697495,2.15,0.0,0.0
2006-03-24,164.82,165.58,160.22,162.52,750817.0,0.0038574270126394,2.15,-0.03,-0.014
2006-03-27,162.52,162.52,158.69,161.75,906659.0,0.0046580870143492,2.12,-0.01,-0.0047
2006-03-28,161.75,167.12,160.22,164.05,1384589.0,0.0071135190199521,2.11,0.03,0.0142
2006-03-29,165.59,167.12,161.75,167.12,1709834.0,0.0087845105514783,2.14,0.04,0.0187
2006-03-30,166.36,166.36,162.53,164.06,792873.0,0.0040734955758759,2.18,-0.04,-0.0183
2006-03-31,163.3,164.07,159.47,162.53,813746.0,0.0041807335233848,2.14,-0.02,-0.0093
2006-04-03,161.77,163.3,159.47,162.53,1201608.0,0.006173428622159,2.12,0.0,0.0
2006-04-04,162.54,162.54,159.47,161.77,957762.0,0.0049206358013731,2.12,-0.01,-0.0047
2006-04-05,161.01,163.31,161.01,163.31,1176910.0,0.0060465392038878,2.11,0.02,0.0095
2006-04-06,163.31,168.68,161.01,167.91,2880494.0,0.0147989395090225,2.13,0.06,0.0282
2006-04-07,167.14,170.21,164.07,164.84,1796966.0,0.0092321633489846,2.19,-0.04,-0.0183
2006-04-10,164.84,172.51,164.07,172.51,2721643.0,0.013982820350313,2.15,0.1,0.0465
2006-04-11,172.5,174.8,170.2,174.8,2053529.0,0.0105502915302109,2.25,0.03,0.0133
2006-04-12,174.03,174.79,170.19,173.26,1412369.0,0.0072562426429003,2.28,-0.02,-0.0088
2006-04-13,170.96,174.79,167.89,167.89,1511907.0,0.0077676329949889,2.26,-0.07,-0.031
2006-04-14,167.13,171.73,164.06,170.96,1028913.0,0.0052861839833885,2.19,0.04,0.0183
2006-04-17,167.13,167.89,163.29,165.59,2100299.0,0.0107905789256497,2.23,-0.07,-0.0314
2006-04-18,165.6,170.2,163.3,170.2,2212788.0,0.0113685068458017,2.16,0.06,0.0278
2006-04-19,170.21,170.21,161.77,163.3,2714168.0,0.013944416495686,2.22,-0.09,-0.0405
2006-04-20,163.31,163.31,154.88,154.88,3158255.0,0.0162259753705676,2.13,-0.11,-0.0516
2006-04-21,153.35,153.35,147.21,151.81,2916382.0,0.0149833191123474,2.02,-0.04,-0.0198
2006-04-24,145.67,149.5,144.14,144.9,1748100.0,0.008981107461332,1.98,-0.09,-0.0455
2006-04-25,144.14,151.81,139.54,148.74,1933371.0,0.0099329630533854,1.89,0.05,0.0265
2006-04-26,148.75,152.58,146.45,149.52,1688535.0,0.0086750839695785,1.94,0.01,0.0052
2006-04-27,150.28,150.28,146.45,147.22,680450.0,0.0034959067399252,1.95,-0.03,-0.0154
2006-04-28,146.46,153.36,144.16,151.82,1889229.0,0.0097061773743292,1.92,0.06,0.0313
2006-05-08,152.6,158.73,149.53,157.2,1653545.0,0.0084953179664483,1.98,0.07,0.0354
2006-05-09,157.2,159.5,154.14,158.74,1652199.0,0.0084884027037957,2.05,0.02,0.0098
2006-05-10,157.97,158.73,154.13,157.2,2610269.0,0.0134106208981086,2.07,-0.02,-0.0097
2006-05-11,156.43,162.57,154.13,157.2,2966452.0,0.0152405607178556,2.05,0.0,0.0
2006-05-12,156.43,158.73,154.13,157.2,2325163.0,0.0119458490750605,2.05,0.0,0.0
2006-05-15,157.96,163.33,157.96,163.33,3655577.0,0.0187810364797059,2.05,0.08,0.039
2006-05-16,163.33,171.0,160.26,165.63,2652154.0,0.0136258109250052,2.13,0.03,0.0141
2006-05-17,163.33,167.93,161.8,163.33,1971153.0,0.0101270733457623,2.16,-0.03,-0.0139
2006-05-18,162.56,163.33,159.5,163.33,1973486.0,0.0101390594585174,2.13,0.0,0.0
2006-05-19,163.33,164.87,161.03,164.87,2000053.0,0.0102755511248553,2.13,0.02,0.0094
2006-05-22,164.86,172.53,163.33,172.53,4087134.0,0.0209982207327178,2.15,0.1,0.0465
2006-05-23,174.07,174.07,165.63,167.17,2886039.0,0.0148274277195785,2.25,-0.07,-0.0311
2006-05-24,165.64,169.47,159.51,164.11,2115399.0,0.0108681572808159,2.18,-0.04,-0.0183
2006-05-25,161.04,172.54,161.04,172.54,3747477.0,0.0192531855419428,2.14,0.11,0.0514
2006-05-26,176.38,180.98,176.38,180.98,3001247.0,0.0154193248812999,2.25,0.11,0.0489
2006-05-29,190.18,190.18,180.98,189.41,6157979.0,0.0316374756270386,2.36,0.11,0.0466
2006-05-30,185.58,193.25,184.81,186.34,2533363.0,0.0130155056012599,2.47,-0.04,-0.0162
2006-05-31,187.87,187.87,181.74,182.51,2120868.0,0.0108962550307765,2.43,-0.05,-0.0206
2006-06-01,182.5,191.7,181.73,191.7,1020673.0,0.0052438498346091,2.38,0.12,0.0504
2006-06-02,200.91,201.67,196.3,201.67,4270418.0,0.0219398678352535,2.5,0.13,0.052
2006-06-05,210.87,210.87,200.14,203.2,3482536.0,0.0178920142176978,2.63,0.02,0.0076
2006-06-06,203.21,213.18,202.45,213.18,2988950.0,0.0153561473294139,2.65,0.13,0.0491
2006-06-07,214.71,218.54,202.44,202.44,3489613.0,0.0179283732918376,2.78,-0.14,-0.0504
2006-06-08,194.01,195.55,192.48,192.48,1257400.0,0.0064600678003998,2.64,-0.13,-0.0492
2006-06-09,182.51,190.18,182.51,182.51,3549570.0,0.0182364107382417,2.51,-0.13,-0.0518
2006-06-12,173.31,184.04,173.31,181.74,1240209.0,0.0063717466412168,2.38,-0.01,-0.0042
2006-06-13,183.28,184.04,175.61,180.98,1329020.0,0.0068280255353009,2.37,-0.01,-0.0042
2006-06-14,180.2,190.17,173.3,190.17,1657310.0,0.0085146611788457,2.36,0.12,0.0508
2006-06-15,190.18,195.55,185.58,194.01,2587581.0,0.0132940581350615,2.48,0.05,0.0202
2006-06-16,194.79,200.92,190.18,199.39,2711103.0,0.0139286696308791,2.53,0.07,0.0277
2006-06-19,195.55,202.45,193.25,199.39,1998115.0,0.010265594379669,2.6,0.0,0.0
2006-06-20,200.16,200.16,193.26,198.63,1175835.0,0.0060410162415167,2.6,-0.01,-0.0038
2006-06-21,196.33,196.33,188.66,192.49,1913603.0,0.00983140219743,2.59,-0.08,-0.0309
2006-06-22,190.18,192.48,182.51,185.58,3232270.0,0.0166062377518676,2.51,-0.09,-0.0359
2006-06-23,182.52,185.59,178.69,184.82,834720.0,0.0042884903724747,2.42,-0.01,-0.0041
2006-06-26,184.04,189.41,180.98,187.11,1214552.0,0.0062399302267466,2.41,0.03,0.0124
2006-06-27,186.35,191.71,186.35,187.11,1156861.0,0.0059435346712568,2.44,0.0,0.0
2006-06-28,187.11,189.41,182.51,187.88,941084.0,0.00483495025121,2.44,0.01,0.0041
2006-06-29,184.04,191.71,184.04,190.94,1848419.0,0.0094965103098037,2.45,0.04,0.0163
2006-07-04,190.94,197.08,185.57,186.34,1885416.0,0.0096865875552399,2.49,-0.06,-0.0241
2006-07-05,186.34,186.34,180.21,180.97,1753327.0,0.0090079619025541,2.43,-0.07,-0.0288
2006-07-06,180.21,187.11,177.91,187.11,2716164.0,0.0139546712239583,2.36,0.08,0.0339
2006-07-07,186.34,187.11,180.97,181.74,1339071.0,0.0068796639490609,2.44,-0.07,-0.0287
2006-07-10,180.97,186.34,178.67,182.5,1682569.0,0.0086444328128288,2.37,0.01,0.0042
2006-07-11,186.34,187.1,182.5,184.03,2799653.0,0.0143836076010758,2.38,0.02,0.0084
2006-07-12,184.04,184.04,179.44,180.21,2252872.0,0.0115744439841119,2.4,-0.05,-0.0208
2006-07-13,180.2,180.2,171.0,171.0,2909099.0,0.0149459016844881,2.35,-0.12,-0.0511
2006-07-14,167.16,168.7,163.33,165.63,2364087.0,0.0121458265516493,2.23,-0.07,-0.0314
2006-07-17,164.85,169.45,161.79,169.45,2018806.0,0.0103718972768045,2.16,0.05,0.0231
2006-07-18,169.46,169.46,164.86,167.93,1791934.0,0.0092063107474484,2.21,-0.02,-0.009
2006-07-19,167.16,169.46,164.1,165.63,1777144.0,0.0091303250605008,2.19,-0.03,-0.0137
2006-07-20,165.63,168.69,164.09,168.69,1802217.0,0.0092591410935527,2.16,0.04,0.0185
2006-07-21,168.69,171.75,166.39,170.99,1928594.0,0.0099084205499,2.2,0.03,0.0136
2006-07-24,169.46,169.46,164.09,167.93,1804887.0,0.0092728585907907,2.23,-0.04,-0.0179
2006-07-25,167.92,176.36,166.39,176.36,3560566.0,0.0182929042212489,2.19,0.11,0.0502
2006-07-26,185.56,185.56,184.03,185.56,7480890.0,0.0384341153231534,2.3,0.12,0.0522
2006-07-27,193.23,194.77,186.33,194.77,15303726.0,0.0786250258937026,2.42,0.12,0.0496
2006-07-28,193.23,202.43,185.56,193.23,6918219.0,0.0355433146158854,2.54,-0.02,-0.0079
2006-07-31,191.69,193.23,183.26,183.26,3447420.0,0.0177116008720012,2.52,-0.13,-0.0516
2006-08-01,176.35,182.48,174.05,176.35,3292208.0,0.0169141775831228,2.39,-0.09,-0.0377
2006-08-02,176.35,180.18,174.05,177.88,2326047.0,0.0119503907483033,2.3,0.02,0.0087
2006-08-03,179.42,180.19,174.05,176.35,1388058.0,0.0071313414910827,2.32,-0.02,-0.0086
2006-08-04,175.59,178.66,167.92,167.92,2921276.0,0.0150084627196443,2.3,-0.11,-0.0478
2006-08-07,166.39,166.39,159.49,159.49,2381428.0,0.0122349183567445,2.19,-0.11,-0.0502
2006-08-08,157.95,164.09,155.65,163.32,1570269.0,0.0080674759065261,2.08,0.05,0.024
2006-08-09,164.08,171.75,161.01,171.75,2021577.0,0.0103861336756234,2.13,0.11,0.0516
2006-08-10,171.75,179.41,169.44,175.58,2597649.0,0.0133457838886916,2.24,0.05,0.0223
2006-08-11,174.82,177.12,171.75,171.75,1431630.0,0.0073551987156723,2.29,-0.05,-0.0218
2006-08-14,169.44,173.28,163.31,166.38,1440493.0,0.0074007336138073,2.24,-0.07,-0.0313
2006-08-15,165.61,174.81,164.84,174.81,3117376.0,0.0160159538089225,2.17,0.11,0.0507
2006-08-16,177.88,179.41,172.51,175.58,2667710.0,0.0137057320437447,2.28,0.01,0.0044
2006-08-17,174.82,174.82,168.68,174.05,1558017.0,0.0080045295484138,2.29,-0.02,-0.0087
2006-08-18,173.29,178.65,170.99,174.05,1513364.0,0.0077751185356165,2.27,0.0,0.0
2006-08-21,168.69,173.29,166.39,171.75,1692204.0,0.0086939339685921,2.27,-0.03,-0.0132
2006-08-22,174.05,179.41,171.75,177.11,2648027.0,0.0136046078871396,2.24,0.07,0.0312
2006-08-23,177.88,178.64,173.28,174.81,1737940.0,0.0089289090448758,2.31,-0.03,-0.013
2006-08-24,172.52,179.42,172.52,176.35,2162559.0,0.0111104483556265,2.28,0.02,0.0088
2006-08-25,175.58,185.54,174.04,181.71,5378538.0,0.0276329888237847,2.3,0.07,0.0304
2006-08-28,186.31,189.38,182.48,185.54,3846535.0,0.0197621098271122,2.37,0.05,0.0211
2006-08-29,185.55,194.75,181.72,189.39,8728185.0,0.0448422672772648,2.42,0.05,0.0207
2006-08-30,187.09,190.16,183.26,187.09,4509067.0,0.0231659603439998,2.47,-0.03,-0.0121
2006-08-31,187.09,192.46,186.33,189.39,2968675.0,0.0152519816902751,2.44,0.03,0.0123
2006-09-01,187.86,189.39,180.19,181.72,4122550.0,0.0211801753702388,2.47,-0.1,-0.0405
2006-09-04,180.2,189.4,180.2,187.87,3460552.0,0.0177790683527988,2.37,0.08,0.0338
2006-09-05,190.16,190.16,184.03,186.33,2414784.0,0.0124062894570707,2.45,-0.02,-0.0082
2006-09-06,187.1,187.86,183.26,185.56,2083220.0,0.0107028331820812,2.43,-0.01,-0.0041
2006-09-07,184.03,185.57,180.2,182.5,1890830.0,0.0097144027350326,2.42,-0.04,-0.0165
2006-09-08,182.5,185.57,181.73,183.27,1654481.0,0.0085001267969407,2.38,0.01,0.0042
2006-09-11,183.26,187.86,182.5,187.1,2370025.0,0.0121763338544954,2.39,0.05,0.0209
2006-09-12,187.1,196.3,185.57,196.3,5590923.0,0.0287241463709359,2.44,0.12,0.0492
2006-09-13,202.44,206.27,194.77,194.77,12145882.0,0.0624011620929345,2.56,-0.02,-0.0078
2006-09-14,191.71,198.61,190.18,196.31,4634427.0,0.0238100148210621,2.54,0.02,0.0079
2006-09-15,196.31,197.85,193.24,194.78,3231677.0,0.0166031911316945,2.56,-0.02,-0.0078
2006-09-18,194.77,204.74,194.01,201.67,4978271.0,0.0255765613080676,2.54,0.09,0.0354
2006-09-19,199.37,211.64,199.37,207.8,6595912.0,0.0338874174689604,2.63,0.08,0.0304
2006-09-20,205.5,210.87,204.73,206.27,4379547.0,0.0225005332869712,2.71,-0.02,-0.0074
2006-09-21,207.03,208.56,203.96,207.03,3126031.0,0.0160604200780592,2.69,0.01,0.0037
2006-09-22,208.57,208.57,197.07,197.07,5133686.0,0.0263750275377472,2.7,-0.13,-0.0481
2006-09-25,194.77,201.67,191.71,197.84,3424960.0,0.0175962094907407,2.57,0.01,0.0039
2006-09-26,196.31,200.15,193.24,198.61,2385003.0,0.012253285417653,2.58,0.01,0.0039
2006-09-27,198.6,204.74,197.07,201.67,2705970.0,0.0139022981277619,2.59,0.04,0.0154
2006-09-28,202.44,202.44,199.37,200.9,1894440.0,0.0097329496133207,2.63,-0.01,-0.0038
2006-09-29,200.91,206.28,200.14,203.98,2489070.0,0.0127879441386521,2.62,0.04,0.0153
2006-10-09,204.75,207.05,202.45,206.28,2639612.0,0.0135613746514625,2.66,0.03,0.0113
2006-10-10,205.52,205.52,198.62,200.16,3357139.0,0.0172477696479771,2.69,-0.08,-0.0297
2006-10-11,199.4,203.23,197.1,201.7,2679109.0,0.0137642959954361,2.61,0.02,0.0077
2006-10-12,200.93,201.7,195.57,196.33,2240700.0,0.0115119086371527,2.63,-0.07,-0.0266
2006-10-13,197.87,206.31,197.1,206.31,6942510.0,0.0356681130149147,2.56,0.13,0.0508
2006-10-16,209.38,211.68,205.55,208.62,5250587.0,0.0269756227229982,2.69,0.03,0.0112
2006-10-17,208.61,214.75,204.01,207.85,4840027.0,0.0248663134847827,2.72,-0.01,-0.0037
2006-10-18,206.31,210.15,204.78,208.61,2385020.0,0.0122533727575231,2.71,0.01,0.0037
2006-10-19,207.08,212.44,205.54,207.84,3050362.0,0.0156716600411668,2.72,-0.01,-0.0037
2006-10-20,207.06,208.6,201.7,204.0,2515517.0,0.0129238192882602,2.71,-0.05,-0.0185
2006-10-23,203.22,204.76,194.02,194.02,4150115.0,0.0213217944007128,2.66,-0.13,-0.0489
2006-10-24,190.19,198.63,190.19,197.86,2289661.0,0.0117634526005497,2.53,0.05,0.0198
2006-10-25,197.87,197.87,191.73,195.57,2339463.0,0.0120193173186947,2.58,-0.03,-0.0116
2006-10-26,193.26,197.86,190.2,196.33,1925249.0,0.0098912351460569,2.55,0.01,0.0039
2006-10-27,194.79,196.32,186.35,188.65,2305020.0,0.0118423616043244,2.56,-0.1,-0.0391
2006-10-30,186.35,190.18,184.05,187.88,1656573.0,0.0085108747385969,2.46,-0.01,-0.0041
2006-10-31,188.65,193.25,186.35,193.25,1311278.0,0.0067368735368002,2.45,0.07,0.0286
2006-11-01,194.02,194.02,190.95,193.25,955353.0,0.0049082592280224,2.52,0.0,0.0
2006-11-02,191.72,194.78,185.58,190.18,1822961.0,0.0093657162855771,2.52,-0.04,-0.0159
2006-11-03,190.18,191.71,187.87,190.94,1028960.0,0.005286425452441,2.48,0.01,0.004
2006-11-06,188.64,189.41,184.81,185.58,1744840.0,0.0089643587568392,2.49,-0.07,-0.0281
2006-11-07,184.81,185.58,177.15,180.21,1968805.0,0.0101150101684159,2.42,-0.07,-0.0289
2006-11-08,180.99,189.42,179.45,189.42,2284892.0,0.0117389511981797,2.35,0.12,0.0511
2006-11-09,182.52,190.19,182.52,187.89,1122802.0,0.0057685518104219,2.47,-0.02,-0.0081
2006-11-10,189.43,193.26,183.29,184.83,1616918.0,0.0083071416475957,2.45,-0.04,-0.0163
2006-11-13,183.3,186.37,175.63,177.93,1557796.0,0.0080033941301031,2.41,-0.09,-0.0373
2006-11-14,177.93,181.76,174.86,179.46,885620.0,0.0045499962186973,2.32,0.02,0.0086
2006-11-15,179.46,182.53,178.69,181.76,860738.0,0.0044221614747737,2.34,0.03,0.0128
2006-11-16,181.75,182.52,177.15,178.69,1462440.0,0.0075134893860479,2.37,-0.04,-0.0169
2006-11-17,178.68,186.35,177.91,184.05,1723489.0,0.0088546650176899,2.33,0.07,0.03
2006-11-20,184.05,190.19,183.29,187.12,1995538.0,0.0102523546828966,2.4,0.04,0.0167
2006-11-21,186.35,186.35,177.92,181.75,1779838.0,0.0091441658610848,2.44,-0.07,-0.0287
2006-11-22,181.75,184.06,177.15,180.99,1577803.0,0.0081061828818786,2.37,-0.01,-0.0042
2006-11-23,180.99,185.59,180.22,184.82,2166314.0,0.0111297401916298,2.36,0.05,0.0212
2006-11-24,185.59,191.73,182.52,189.43,3893294.0,0.0200023407085174,2.41,0.06,0.0249
2006-11-27,188.66,190.19,185.59,189.43,2015833.0,0.0103566230748237,2.47,0.0,0.0
2006-11-28,188.65,198.62,185.58,194.79,4874174.0,0.0250417484578861,2.47,0.07,0.0283
2006-11-29,190.19,194.79,187.12,194.79,2871802.0,0.0147542831472274,2.54,0.0,0.0
2006-11-30,192.49,197.09,191.72,196.33,3813194.0,0.0195908157913773,2.54,0.02,0.0079
2006-12-01,195.57,195.57,190.2,192.5,3359664.0,0.0172607421875,2.56,-0.05,-0.0195
2006-12-04,191.73,196.33,190.2,192.5,2944900.0,0.0151298343131839,2.51,0.0,0.0
2006-12-05,194.02,197.86,190.96,195.56,4672103.0,0.024003580523661,2.51,0.04,0.0159
2006-12-06,195.56,198.63,187.89,191.73,3365084.0,0.0172885881931292,2.55,-0.05,-0.0196
2006-12-07,189.42,193.26,187.89,187.89,3075291.0,0.0157997362541429,2.5,-0.05,-0.02
2006-12-08,187.89,187.89,178.69,179.45,3782635.0,0.0194338146684948,2.45,-0.11,-0.0449
2006-12-11,177.92,182.52,177.15,181.75,2038268.0,0.0104718860150989,2.34,0.03,0.0128
2006-12-12,180.99,184.83,180.23,184.06,2312992.0,0.0118833188657407,2.37,0.03,0.0127
2006-12-13,184.06,184.06,178.69,181.76,2260734.0,0.0116148361051925,2.4,-0.03,-0.0125
2006-12-14,181.76,181.76,177.92,181.76,2156274.0,0.0110781582919034,2.37,0.0,0.0
2006-12-15,180.99,184.82,179.46,182.52,2255700.0,0.0115889732283775,2.37,0.01,0.0042
2006-12-18,182.52,184.82,180.22,181.76,2575687.0,0.0132329510518597,2.38,-0.01,-0.0042
2006-12-19,181.75,182.52,177.92,182.52,3317130.0,0.0170422178326231,2.37,0.01,0.0042
2006-12-20,182.52,191.72,180.98,189.42,5560876.0,0.0285697757194339,2.38,0.09,0.0378
2006-12-21,187.88,196.31,187.88,190.18,4618264.0,0.0237269751551978,2.47,0.01,0.004
2006-12-22,187.87,192.47,183.27,186.33,2987944.0,0.0153509788641624,2.48,-0.05,-0.0202
2006-12-25,187.1,191.7,184.03,187.1,3031782.0,0.0155762027008364,2.43,0.01,0.0041
2006-12-26,187.86,189.4,180.96,183.26,2657262.0,0.0136520539871369,2.44,-0.05,-0.0205
2006-12-27,180.96,183.26,178.66,183.26,3015825.0,0.0154942213886916,2.39,0.0,0.0
2006-12-28,182.5,182.5,174.06,174.06,4856010.0,0.0249484283755524,2.39,-0.12,-0.0502
2006-12-29,174.83,180.96,174.06,175.6,3690726.0,0.0189616193675031,2.27,0.02,0.0088
2007-01-04,176.36,182.5,174.06,177.9,4906486.0,0.025207755862663,2.29,0.03,0.0131
2007-01-05,178.66,183.26,177.89,180.19,2998263.0,0.0154039941652856,2.32,0.03,0.0129
2007-01-08,180.96,184.8,180.19,184.03,4177280.0,0.0214613583754208,2.35,0.05,0.0213
2007-01-09,184.02,193.22,184.02,192.46,6072396.0,0.0311977810329861,2.4,0.11,0.0458
2007-01-10,193.22,193.99,187.85,191.69,4174074.0,0.0214448871034564,2.51,-0.01,-0.004
2007-01-11,191.69,200.89,190.15,195.52,7670797.0,0.0394097890115346,2.5,0.05,0.02
2007-01-12,193.98,204.72,189.38,189.38,6070899.0,0.0311900899867818,2.55,-0.08,-0.0314
2007-01-15,187.84,194.74,187.84,194.74,4131969.0,0.0212285667958885,2.47,0.07,0.0283
2007-01-16,196.28,196.28,188.61,193.98,5168212.0,0.0265524096761889,2.54,-0.01,-0.0039
2007-01-17,193.97,199.34,189.37,191.67,5596157.0,0.0287510367756339,2.53,-0.03,-0.0119
2007-01-18,191.67,195.51,187.84,193.97,5295711.0,0.0272074535639599,2.5,0.03,0.012
2007-01-19,195.51,203.94,193.98,202.41,11780202.0,0.0605224301116635,2.53,0.11,0.0435
2007-01-22,203.17,212.37,200.87,212.37,12652104.0,0.0650019481928661,2.64,0.13,0.0492
2007-01-23,211.59,223.09,206.99,223.09,12096845.0,0.062149227668942,2.77,0.14,0.0505
2007-01-24,223.85,233.82,220.02,223.85,11566106.0,0.0594224820634732,2.91,0.01,0.0034
2007-01-25,223.1,223.86,212.36,213.13,9150383.0,0.0470113683629919,2.92,-0.14,-0.0479
2007-01-26,211.6,216.2,203.16,212.36,6293614.0,0.0323343193490898,2.78,-0.01,-0.0036
2007-01-29,213.14,218.5,213.14,217.74,7334235.0,0.037680654814749,2.77,0.07,0.0253
2007-01-30,216.2,228.47,213.9,228.47,9224227.0,0.0473907522079519,2.84,0.14,0.0493
2007-01-31,232.3,239.96,222.33,226.16,16433184.0,0.0844277738320707,2.98,-0.03,-0.0101
2007-02-01,219.27,225.4,214.67,220.03,7412625.0,0.0380833943684895,2.95,-0.08,-0.0271
2007-02-02,220.03,224.63,209.3,209.3,6597989.0,0.0338980883460253,2.87,-0.14,-0.0488
2007-02-05,209.31,216.21,209.31,212.37,3830904.0,0.0196818033854166,2.73,0.04,0.0147
2007-02-06,213.13,223.1,213.13,223.1,4655426.0,0.0239179001111374,2.77,0.14,0.0505
2007-02-07,225.41,230.77,221.57,228.47,7372248.0,0.0378759519018308,2.91,0.07,0.0241
2007-02-08,228.48,236.14,223.88,233.84,6550230.0,0.0336527198252051,2.98,0.07,0.0235
2007-02-09,234.61,239.98,231.54,237.68,6193605.0,0.0318205091688368,3.05,0.05,0.0164
2007-02-12,237.68,249.94,236.14,249.94,4362780.0,0.0224143904869002,3.1,0.16,0.0516
2007-02-13,260.68,262.21,257.61,262.21,2273775.0,0.0116818360608033,3.26,0.16,0.0491
2007-02-14,275.25,275.25,275.25,275.25,1410831.0,0.0072483409534801,3.42,0.17,0.0497
2007-02-15,289.04,289.04,289.04,289.04,532562.0,0.0027361115221222,3.59,0.18,0.0501
2007-02-16,303.6,303.6,303.6,303.6,603271.0,0.0030993888675163,3.77,0.19,0.0504
2007-02-26,318.93,318.93,305.9,313.56,18776025.0,0.0964644460967092,3.96,0.13,0.0328
2007-02-27,313.56,328.9,298.23,298.23,13630306.0,0.0700275973438815,4.09,-0.2,-0.0489
2007-02-28,291.32,312.78,291.32,312.78,8521596.0,0.0437808874881628,3.89,0.19,0.0488
2007-03-01,315.83,326.57,305.87,310.47,7781612.0,0.0399791165233059,4.08,-0.03,-0.0074
2007-03-02,311.22,317.36,305.86,311.99,4975815.0,0.0255639432656644,4.05,0.02,0.0049
2007-03-05,315.07,315.84,296.67,307.4,7610164.0,0.0390982785208859,4.07,-0.06,-0.0147
2007-03-06,306.62,309.69,298.96,301.26,4116486.0,0.0211490207248263,4.01,-0.08,-0.02
2007-03-07,301.26,305.86,292.83,302.79,5773970.0,0.0296645758529303,3.93,0.02,0.0051
2007-03-08,302.78,318.11,301.25,318.11,4539812.0,0.0233239170678135,3.95,0.2,0.0506
2007-03-09,333.44,334.21,327.31,334.21,6667216.0,0.0342537517098064,4.15,0.21,0.0506
2007-03-12,351.09,351.09,346.49,351.09,1764250.0,0.009064080337884,4.36,0.22,0.0505
2007-03-13,368.71,368.71,368.71,368.71,379895.0,0.001951763525555,4.58,0.23,0.0502
2007-03-14,387.11,387.11,368.71,387.11,21848364.0,0.1122490160392992,4.81,0.24,0.0499
2007-03-15,387.87,406.27,387.11,406.27,9041579.0,0.046452372644084,5.05,0.25,0.0495
2007-03-16,413.92,421.58,386.32,386.32,14854506.0,0.0763170955157039,5.3,-0.26,-0.0491
2007-03-19,367.17,400.9,367.17,383.27,8237613.0,0.0423218852341777,5.04,-0.04,-0.0079
2007-03-20,383.27,394.77,374.07,393.24,5820525.0,0.0299037586558948,5.0,0.13,0.026
2007-03-21,394.01,409.34,387.11,403.97,6709885.0,0.0344729696460043,5.13,0.14,0.0273
2007-03-22,405.52,423.92,405.52,417.79,9928060.0,0.0510067923703177,5.27,0.18,0.0342
2007-03-23,413.94,438.47,413.94,438.47,11415352.0,0.0586479623711069,5.45,0.27,0.0495
2007-03-26,441.56,460.72,423.16,437.72,13156298.0,0.0675923151600641,5.72,-0.01,-0.0017
2007-03-27,427.77,457.67,415.51,446.17,11060254.0,0.0568235968901252,5.71,0.11,0.0193
2007-03-29,443.12,443.12,423.95,423.95,5784158.0,0.0297169181232901,5.82,-0.29,-0.0498
2007-03-30,402.5,417.83,402.5,403.26,9497577.0,0.0487951259420375,5.53,-0.27,-0.0488
2007-04-02,398.66,419.36,398.66,410.16,4358947.0,0.0223946979150226,5.26,0.09,0.0171
2007-04-03,410.15,415.51,406.31,409.38,4045111.0,0.0207823217115819,5.35,-0.01,-0.0019
2007-04-04,409.39,429.33,407.86,421.66,6231867.0,0.0320170855281328,5.34,0.16,0.03
2007-04-05,421.67,427.8,414.0,425.5,4581856.0,0.0235399239793771,5.5,0.05,0.0091
2007-04-06,420.9,430.1,415.53,422.43,4758752.0,0.0244487518413299,5.55,-0.04,-0.0072
2007-04-09,422.45,441.62,415.55,435.49,8019409.0,0.0412008317632707,5.51,0.17,0.0309
2007-04-10,436.27,443.93,414.03,430.13,6621123.0,0.0340169424962515,5.68,-0.07,-0.0123
2007-04-11,425.51,427.81,418.61,423.98,5175515.0,0.0265899298568365,5.61,-0.08,-0.0143
2007-04-12,422.45,438.55,417.09,431.65,6817815.0,0.0350274750680634,5.53,0.1,0.0181
2007-04-13,437.77,453.11,427.81,453.11,10492294.0,0.0539056232079913,5.63,0.28,0.0497
2007-04-16,453.12,476.13,453.12,476.13,5392828.0,0.0277064056910248,5.91,0.3,0.0508
2007-04-17,499.88,499.88,492.22,499.88,6473688.0,0.0332594746291035,6.21,0.31,0.0499
2007-04-18,525.18,525.18,525.18,525.18,1165093.0,0.0059858277189209,6.52,0.33,0.0506
2007-04-19,551.27,551.27,499.13,518.3,19250479.0,0.0989020196677057,6.85,-0.09,-0.0131
2007-04-20,532.1,544.37,530.57,544.37,9731069.0,0.0499947236443208,6.76,0.34,0.0503
2007-04-23,565.81,571.95,544.35,548.18,10524365.0,0.0540703924416693,7.1,0.05,0.007
2007-04-24,548.93,553.53,521.33,529.76,9878739.0,0.0507533988567313,7.15,-0.24,-0.0336
2007-04-25,525.18,540.52,509.85,512.91,8296326.0,0.0426235314571496,6.91,-0.22,-0.0318
2007-04-26,512.9,538.2,506.0,538.2,6750968.0,0.03468403928609,6.69,0.33,0.0493
2007-04-27,565.02,565.02,538.96,542.02,9214319.0,0.0473398484766282,7.02,0.05,0.0071
2007-04-30,540.48,540.48,519.02,532.05,8999117.0,0.046234218199245,7.07,-0.13,-0.0184
2007-05-08,535.87,558.86,535.87,558.86,12512436.0,0.0642843843710543,6.94,0.35,0.0504
2007-05-09,570.37,586.47,558.87,586.47,13845807.0,0.0711347637754498,7.29,0.36,0.0494
2007-05-10,613.32,615.62,594.15,615.62,6985142.0,0.0358871408584543,7.65,0.38,0.0497
2007-05-11,646.28,646.28,615.61,646.28,7010437.0,0.0360170974474563,8.03,0.4,0.0498
2007-05-14,678.46,678.46,678.46,678.46,3053558.0,0.0156880799367371,8.43,0.42,0.0498
2007-05-15,712.18,712.18,712.18,712.18,2363281.0,0.0121416856142808,8.85,0.44,0.0497
2007-05-16,747.46,747.46,676.93,712.97,20562895.0,0.1056447398381602,9.29,0.01,0.0011
2007-05-17,723.69,748.99,701.46,740.56,21344569.0,0.1096606989902278,9.3,0.36,0.0387
2007-05-18,751.26,758.93,717.53,741.3,12333609.0,0.0633656357273911,9.66,0.01,0.001
2007-05-21,705.24,778.07,704.48,778.07,12936921.0,0.0664652352381234,9.67,0.48,0.0496
2007-05-22,812.53,817.13,801.03,817.13,3667402.0,0.018841789065788,10.15,0.51,0.0502
2007-05-23,857.74,857.74,835.51,857.74,15387818.0,0.0790570602673874,10.66,0.53,0.0497
2007-05-24,894.56,894.56,820.2,837.06,17798018.0,0.0914397987853798,11.19,-0.27,-0.0241
2007-05-25,835.56,862.39,794.93,850.12,15143554.0,0.0778021199133259,10.92,0.17,0.0156
2007-05-28,858.59,860.89,827.93,832.53,13643801.0,0.0700969297877867,11.09,-0.23,-0.0207
2007-05-29,826.36,828.66,791.1,807.97,15195125.0,0.078067073115596,10.86,-0.32,-0.0295
2007-05-30,767.33,785.72,767.33,767.33,6925764.0,0.0355820781052714,10.54,-0.53,-0.0503
2007-05-31,728.96,728.96,728.96,728.96,1369300.0,0.0070349696509364,10.01,-0.5,-0.05
2007-06-01,692.15,692.15,692.15,692.15,685200.0,0.0035203105271464,9.51,-0.48,-0.0505
2007-06-04,657.68,657.68,657.68,657.68,277200.0,0.0014241536458333,9.03,-0.45,-0.0498
2007-06-05,624.73,624.73,624.73,624.73,312800.0,0.0016070536090067,8.58,-0.43,-0.0501
2007-06-06,593.3,641.6,593.3,593.3,20426759.0,0.1049453221587621,8.15,-0.41,-0.0503
2007-06-07,564.16,582.55,563.39,571.06,20246217.0,0.1040177624635022,7.74,-0.29,-0.0375
2007-06-08,598.67,599.44,571.07,599.44,15467683.0,0.079467377839265,7.45,0.37,0.0497
2007-06-11,620.14,620.14,569.55,571.08,14384136.0,0.0739005040640782,7.82,-0.37,-0.0473
2007-06-12,559.56,569.53,542.7,542.7,11831125.0,0.0607840541235926,7.45,-0.37,-0.0497
2007-06-13,528.12,569.51,528.12,569.51,12412705.0,0.0637720024545586,7.08,0.35,0.0494
2007-06-14,584.87,590.23,559.57,568.77,10428107.0,0.0535758535468618,7.43,-0.01,-0.0013
2007-06-15,551.93,568.02,540.43,547.33,8213467.0,0.0421978317928635,7.42,-0.28,-0.0377
2007-06-18,554.22,574.91,547.32,574.91,9318104.0,0.0478730583833122,7.14,0.36,0.0504
2007-06-19,581.06,604.06,564.2,604.06,13966270.0,0.0717536592322969,7.5,0.38,0.0507
2007-06-20,619.39,619.39,574.16,574.16,10675822.0,0.0548485238945444,7.88,-0.39,-0.0495
2007-06-21,546.54,571.07,546.54,561.87,6209140.0,0.0319003223971485,7.49,-0.16,-0.0214
2007-06-22,563.42,590.25,551.92,590.25,12428206.0,0.0638516410031302,7.33,0.37,0.0505
2007-06-25,617.84,619.38,579.51,589.48,13783016.0,0.0708121662589436,7.7,-0.01,-0.0013
2007-06-26,577.22,578.75,560.36,567.26,6277587.0,0.0322519784021859,7.69,-0.29,-0.0377
2007-06-28,567.26,567.26,538.89,538.89,6966600.0,0.0357918787484217,7.4,-0.37,-0.05
2007-06-29,512.06,512.06,512.06,512.06,490800.0,0.0025215534248737,7.03,-0.35,-0.0498
2007-07-02,486.76,486.76,486.76,486.76,1209800.0,0.0062155161642466,6.68,-0.33,-0.0494
2007-07-03,463.77,511.29,463.77,499.03,9474911.0,0.0486786762070575,6.35,0.16,0.0252
2007-07-04,489.06,489.06,473.73,473.73,4876766.0,0.0250550652192497,6.51,-0.33,-0.0507
2007-07-05,453.78,466.04,449.95,449.95,7248439.0,0.0372398659035011,6.18,-0.31,-0.0502
2007-07-06,434.62,463.74,427.72,449.95,6785478.0,0.0348613392223011,5.87,0.0,0.0
2007-07-09,456.08,472.17,456.08,472.17,3804021.0,0.0195436882250236,5.87,0.29,0.0494
2007-07-10,495.92,495.92,495.92,495.92,3357394.0,0.0172490797460279,6.16,0.31,0.0503
2007-07-11,520.47,520.47,520.47,520.47,1001658.0,0.0051461576211332,6.47,0.32,0.0495
2007-07-12,546.51,546.51,514.32,530.41,10588444.0,0.054399607237742,6.79,0.13,0.0191
2007-07-13,541.13,541.13,503.57,503.57,9501692.0,0.0488162673282302,6.92,-0.35,-0.0506
2007-07-16,496.69,496.69,478.29,478.29,2141200.0,0.0110007135153619,6.57,-0.33,-0.0502
2007-07-17,454.53,501.29,454.53,477.53,3526371.0,0.0181172226414535,6.24,-0.01,-0.0016
2007-07-18,479.83,487.5,467.57,476.0,2060061.0,0.0105838505908696,6.23,-0.02,-0.0032
2007-07-19,471.42,494.42,471.42,487.52,2303385.0,0.0118339615638809,6.21,0.15,0.0242
2007-07-20,495.95,512.04,494.41,512.04,6078627.0,0.0312297936641808,6.36,0.32,0.0503
2007-07-23,516.63,533.49,510.5,531.96,6080201.0,0.03123788030862,6.68,0.26,0.0389
2007-07-24,532.72,535.02,507.42,513.55,5942726.0,0.0305315833300452,6.94,-0.24,-0.0346
2007-07-25,509.72,526.59,506.66,524.29,3988487.0,0.0204914080173479,6.7,0.14,0.0209
2007-07-26,525.81,543.44,512.78,531.94,5412366.0,0.0278067848899147,6.84,0.1,0.0146
2007-07-27,535.02,548.82,522.76,546.52,5941166.0,0.0305235686125578,6.94,0.19,0.0274
2007-07-30,548.82,574.12,548.06,574.12,2816209.0,0.0144686663592303,7.13,0.36,0.0505
2007-07-31,594.82,594.82,548.83,571.82,10807685.0,0.0555259884407223,7.49,-0.03,-0.004
2007-08-01,567.97,588.67,543.44,553.41,8176332.0,0.0420070455531881,7.46,-0.24,-0.0322
2007-08-02,545.76,581.02,545.76,581.02,10213764.0,0.0524746365017361,7.22,0.36,0.0499
2007-08-03,596.37,596.37,568.77,584.1,8006835.0,0.0411362310852667,7.58,0.04,0.0053
2007-08-06,586.42,588.72,565.73,581.82,6196397.0,0.0318348534580834,7.62,-0.03,-0.0039
2007-08-07,579.54,610.97,574.94,610.97,10437391.0,0.0536235513911905,7.59,0.38,0.0501
2007-08-08,611.74,630.14,592.57,619.41,11853973.0,0.0609014389089462,7.97,0.11,0.0138
2007-08-09,617.11,627.84,598.71,619.41,5252424.0,0.0269850605666035,8.08,0.0,0.0
2007-08-10,621.68,627.05,588.72,589.49,6640160.0,0.0341147477377946,8.08,-0.39,-0.0483
2007-08-13,604.81,618.61,591.78,618.61,9531534.0,0.0489695847636521,7.69,0.38,0.0494
2007-08-14,636.26,649.29,628.59,649.29,10106572.0,0.0519239226575652,8.07,0.4,0.0496
2007-08-15,676.9,676.9,627.84,653.9,11515571.0,0.0591628514556371,8.47,0.06,0.0071
2007-08-16,646.22,648.52,620.93,633.96,6291423.0,0.0323230627811316,8.53,-0.26,-0.0305
2007-08-17,605.58,625.51,602.51,602.51,11995566.0,0.0616288926866319,8.27,-0.41,-0.0496
2007-08-20,609.4,617.06,583.34,596.37,9536100.0,0.0489930432252209,7.86,-0.08,-0.0102
2007-08-21,610.18,614.01,602.51,607.88,5973419.0,0.0306892728966093,7.78,0.15,0.0193
2007-08-22,607.9,614.8,598.7,608.67,6711365.0,0.0344805733523384,7.93,0.01,0.0013
2007-08-23,610.98,636.28,608.68,631.68,8803889.0,0.0452312071315367,7.94,0.3,0.0378
2007-08-24,636.3,638.6,614.06,618.66,7913645.0,0.0406574544681844,8.24,-0.17,-0.0206
2007-08-27,620.2,628.64,588.0,591.07,7699654.0,0.0395580458721327,8.07,-0.36,-0.0446
2007-08-28,590.31,596.45,561.18,568.85,5422566.0,0.0278591888119476,7.71,-0.29,-0.0376
2007-08-29,563.5,597.23,563.5,597.23,9269795.0,0.0476248641608138,7.42,0.37,0.0499
2007-08-30,611.79,623.29,591.09,615.63,9394011.0,0.0482630411783854,7.79,0.24,0.0308
2007-08-31,617.91,624.81,605.64,611.01,6003337.0,0.0308429807926267,8.03,-0.06,-0.0075
2007-09-03,615.6,634.0,610.23,622.5,9780054.0,0.0502463909110637,7.97,0.15,0.0188
2007-09-04,627.84,650.07,614.81,633.2,10661587.0,0.0547753895974721,8.12,0.14,0.0172
2007-09-05,633.18,640.85,619.38,628.58,6278168.0,0.032254963370686,8.26,-0.06,-0.0073
2007-09-06,637.78,660.01,629.35,660.01,17655395.0,0.0907070532390967,8.2,0.41,0.05
2007-09-07,660.81,661.57,627.08,627.08,9802857.0,0.0503635445026436,8.61,-0.43,-0.0499
2007-09-10,613.27,617.1,595.63,614.03,7033333.0,0.0361347288395017,8.18,-0.17,-0.0208
2007-09-11,614.06,625.56,583.39,583.39,7765203.0,0.0398948129981455,8.01,-0.4,-0.0499
2007-09-12,583.41,594.91,555.04,565.77,4728502.0,0.0242933382490267,7.61,-0.23,-0.0302
2007-09-13,567.33,588.79,567.33,583.43,2908100.0,0.0149407691827125,7.38,0.23,0.0312
2007-09-14,590.35,593.42,575.78,586.52,3201824.0,0.016449817182239,7.61,0.04,0.0053
2007-09-17,586.54,612.61,584.24,604.17,4955419.0,0.0254591559721564,7.65,0.23,0.0301
2007-09-18,605.73,611.09,575.06,582.72,5856919.0,0.0300907379047637,7.88,-0.28,-0.0355
2007-09-19,575.81,582.71,563.54,574.27,4764693.0,0.0244792745570943,7.6,-0.11,-0.0145
2007-09-20,579.62,593.42,575.02,588.06,4217461.0,0.0216677938647543,7.49,0.18,0.024
2007-09-21,593.43,594.96,575.03,586.53,4451839.0,0.0228719435155592,7.67,-0.02,-0.0026
2007-09-24,586.54,603.4,575.04,595.74,4792651.0,0.0246229126798584,7.65,0.12,0.0157
2007-09-25,594.98,595.75,575.81,578.88,3442932.0,0.0176885431463068,7.77,-0.22,-0.0283
2007-09-26,584.99,607.99,582.69,607.99,8265533.0,0.042465328126644,7.55,0.38,0.0503
2007-09-27,621.02,634.06,605.69,629.46,11775787.0,0.0604997474336463,7.93,0.28,0.0353
2007-09-28,637.1,642.46,618.7,635.56,8612583.0,0.0442483458856139,8.21,0.08,0.0097
2007-10-08,642.49,667.02,640.19,667.02,5528246.0,0.028402134545323,8.29,0.41,0.0495
2007-10-09,687.74,700.77,675.47,700.77,5808540.0,0.0298421840475063,8.7,0.44,0.0506
2007-10-10,736.02,736.02,729.12,736.02,4083590.0,0.0209800129386311,9.14,0.46,0.0503
2007-10-11,759.02,772.82,699.22,699.22,13397769.0,0.0688329060872395,9.6,-0.48,-0.05
2007-10-12,686.2,698.47,663.97,682.37,13122579.0,0.0674190790966303,9.12,-0.22,-0.0241
2007-10-15,674.71,716.88,673.94,685.44,8637126.0,0.0443744389697758,8.9,0.04,0.0045
2007-10-16,681.59,681.59,650.92,670.09,6006272.0,0.0308580597643097,8.94,-0.2,-0.0224
2007-10-17,672.36,693.83,667.76,684.63,4803610.0,0.0246792160702072,8.74,0.19,0.0217
2007-10-18,684.64,716.84,683.88,691.54,7285679.0,0.0374311915953151,8.93,0.09,0.0101
2007-10-19,697.68,726.05,682.35,726.05,10282510.0,0.0528278286609585,9.02,0.45,0.0499
2007-10-22,743.66,762.06,713.0,762.06,6914549.0,0.0355244594792324,9.47,0.47,0.0496
2007-10-23,800.4,800.4,723.73,723.73,16930155.0,0.0869810316297743,9.94,-0.5,-0.0503
2007-10-24,698.41,745.94,688.44,689.21,8756521.0,0.0449878474277278,9.44,-0.45,-0.0477
2007-10-25,679.21,682.28,654.68,654.68,3982536.0,0.0204608339251893,8.99,-0.45,-0.0501
2007-10-26,622.45,640.08,621.68,621.68,6921757.0,0.0355614915841356,8.54,-0.43,-0.0504
2007-10-29,613.26,636.25,590.26,635.49,4827997.0,0.0248045076826204,8.11,0.18,0.0222
2007-10-30,628.6,658.5,613.27,632.44,2752964.0,0.0141437363544297,8.29,-0.04,-0.0048
2007-10-31,639.34,663.87,636.27,663.87,5107419.0,0.0262400771632339,8.25,0.41,0.0497
2007-11-01,670.01,670.01,636.28,637.05,3132344.0,0.016092853995686,8.66,-0.35,-0.0404
2007-11-02,615.58,645.47,610.98,616.34,2914574.0,0.0149740302602851,8.31,-0.27,-0.0325
2007-11-05,616.32,627.05,602.52,611.72,2010245.0,0.0103279139457728,8.04,-0.06,-0.0075
2007-11-06,614.04,637.81,614.04,627.08,1940939.0,0.009971844708478,7.98,0.2,0.0251
2007-11-07,624.75,636.25,610.18,621.68,1643449.0,0.0084434483589146,8.18,-0.07,-0.0086
2007-11-08,628.6,629.36,597.93,600.23,2279886.0,0.0117132321752683,8.11,-0.28,-0.0345
2007-11-09,597.93,611.73,575.7,583.37,2632285.0,0.0135237311674689,7.83,-0.22,-0.0281
2007-11-12,578.79,578.79,554.26,554.26,4580814.0,0.0235345705591066,7.61,-0.38,-0.0499
2007-11-13,555.77,569.56,555.77,565.73,3105084.0,0.0159528019452335,7.23,0.15,0.0207
2007-11-14,572.61,589.48,564.18,585.64,1797121.0,0.0092329596830939,7.38,0.26,0.0352
2007-11-15,581.03,590.99,566.47,587.93,2063824.0,0.0106031835279882,7.64,0.03,0.0039
2007-11-16,582.58,582.58,568.79,580.29,1160967.0,0.0059646298186947,7.67,-0.1,-0.013
2007-11-19,574.91,593.31,574.91,591.77,1616247.0,0.0083036942915482,7.57,0.15,0.0198
2007-11-20,590.27,604.06,588.73,598.7,1958339.0,0.0100612396342987,7.72,0.09,0.0117
2007-11-21,598.7,603.3,586.44,591.04,1645355.0,0.0084532406996396,7.81,-0.1,-0.0128
2007-11-22,587.99,587.99,571.12,574.19,2205540.0,0.0113312692353219,7.71,-0.22,-0.0285
2007-11-23,578.77,591.03,567.27,590.27,1064762.0,0.0054703632187763,7.49,0.21,0.028
2007-11-26,591.78,594.08,571.85,574.15,1377640.0,0.0070778175636574,7.7,-0.21,-0.0273
2007-11-27,571.1,580.3,561.9,562.67,1194371.0,0.0061362475257128,7.49,-0.15,-0.02
2007-11-28,567.27,590.27,559.61,574.94,1768183.0,0.0090842866737031,7.34,0.16,0.0218
2007-11-29,578.75,587.18,571.09,582.58,1157997.0,0.0059493710296322,7.5,0.1,0.0133
2007-11-30,582.56,593.29,563.4,574.89,2219065.0,0.0114007558084096,7.6,-0.1,-0.0132
2007-12-03,574.91,604.04,571.08,604.04,4199633.0,0.0215762000292639,7.5,0.38,0.0507
2007-12-04,608.61,608.61,588.68,597.88,1939944.0,0.0099667327572601,7.88,-0.08,-0.0102
2007-12-05,601.72,607.85,590.22,602.48,1756747.0,0.0090255326293534,7.8,0.06,0.0077
2007-12-06,605.53,605.53,596.33,598.63,1179900.0,0.0060619007457386,7.86,-0.05,-0.0064
2007-12-07,597.07,628.5,590.18,628.5,3059135.0,0.0157167325517545,7.81,0.39,0.0499
2007-12-10,620.07,659.92,614.7,659.92,5502633.0,0.028270544186987,8.2,0.41,0.05
2007-12-11,661.46,662.22,643.83,649.96,2555794.0,0.0131307479909774,8.61,-0.13,-0.0151
2007-12-12,648.4,669.86,640.74,652.23,1883999.0,0.0096793075201888,8.48,0.03,0.0035
2007-12-13,655.3,670.63,619.28,630.78,3149277.0,0.0161798496438999,8.51,-0.28,-0.0329
2007-12-14,628.48,636.14,613.15,630.78,2392246.0,0.0122904973399358,8.23,0.0,0.0
2007-12-17,634.62,636.15,611.62,614.69,2683938.0,0.013789105656171,8.23,-0.21,-0.0255
2007-12-18,613.15,633.08,611.62,623.11,1387874.0,0.0071303961654303,8.02,0.11,0.0137
2007-12-19,627.69,641.48,620.79,629.22,2186848.0,0.0112352364793771,8.13,0.08,0.0098
2007-12-20,629.99,639.95,624.63,633.06,3558605.0,0.0182828293103561,8.21,0.05,0.0061
2007-12-21,632.31,657.6,629.24,645.34,3493599.0,0.0179488519225457,8.26,0.16,0.0194
2007-12-24,643.02,655.28,639.96,649.92,3567062.0,0.0183262783268886,8.42,0.06,0.0071
2007-12-25,651.46,659.13,643.8,646.87,3482488.0,0.0178917676110058,8.48,-0.04,-0.0047
2007-12-26,648.42,658.38,646.12,658.38,4226589.0,0.0217146902373342,8.44,0.15,0.0178
2007-12-27,665.27,677.54,656.08,666.81,5596393.0,0.0287522492585358,8.59,0.11,0.0128
2007-12-28,667.57,681.36,647.64,654.54,5050827.0,0.0259493278734611,8.7,-0.16,-0.0184
2008-01-02,652.27,687.53,652.27,687.53,8076861.0,0.0414959994229403,8.54,0.43,0.0504
2008-01-03,696.75,722.04,689.85,722.04,7637461.0,0.0392385206639967,8.97,0.45,0.0502
2008-01-04,732.75,757.28,695.96,713.59,8746730.0,0.0449375448002156,9.42,-0.11,-0.0117
2008-01-07,714.36,743.48,714.36,731.22,7143784.0,0.0367021862505261,9.31,0.23,0.0247
2008-01-08,728.17,732.77,694.44,699.04,7769588.0,0.0399173415469802,9.54,-0.42,-0.044
2008-01-09,693.65,734.28,691.35,734.28,4676700.0,0.0240271982520517,9.12,0.46,0.0504
2008-01-10,757.27,771.06,750.37,771.06,14316757.0,0.0735543350579361,9.58,0.48,0.0501
2008-01-11,771.06,809.38,753.43,808.61,12849648.0,0.0660168580334596,10.06,0.49,0.0487
2008-01-14,804.75,849.21,774.1,849.21,9981127.0,0.0512794314811526,10.55,0.53,0.0502
2008-01-15,858.37,891.33,850.71,891.33,13950878.0,0.0716745806864215,11.08,0.55,0.0496
2008-01-16,911.99,935.75,850.68,854.52,20285287.0,0.1042184900354456,11.63,-0.48,-0.0413
2008-01-17,843.01,881.33,811.59,826.91,12390878.0,0.0636598631990477,11.15,-0.36,-0.0323
2008-01-18,816.23,832.32,789.4,805.5,7604716.0,0.0390702886613531,10.79,-0.28,-0.0259
2008-01-21,804.76,840.79,798.63,810.89,7206482.0,0.0370243059665667,10.51,0.07,0.0067
2008-01-22,787.9,787.9,770.27,770.27,4366786.0,0.0224349718703966,10.58,-0.53,-0.0501
2008-01-23,732.68,780.96,731.91,762.57,8686563.0,0.0446284284495344,10.05,-0.1,-0.01
2008-01-24,767.91,797.8,751.81,782.47,7074781.0,0.036347673717974,9.95,0.26,0.0261
2008-01-25,782.44,796.23,759.45,762.52,4996903.0,0.0256722858056476,10.21,-0.26,-0.0255
2008-01-28,763.24,763.24,724.16,724.16,2540251.0,0.0130508936615504,9.95,-0.5,-0.0503
2008-01-29,695.84,735.69,688.18,719.6,5213645.0,0.0267858280477299,9.45,-0.06,-0.0063
2008-01-30,721.86,737.19,689.68,698.87,3222959.0,0.0165584011912747,9.39,-0.27,-0.0288
2008-01-31,691.21,722.62,691.21,697.34,2480341.0,0.0127430976841987,9.12,-0.02,-0.0022
2008-02-01,698.07,708.79,662.82,662.82,4135296.0,0.0212456597222222,9.1,-0.45,-0.0495
2008-02-04,666.64,695.76,666.64,695.76,3232704.0,0.0166084674873737,8.65,0.43,0.0497
2008-02-05,701.1,716.43,690.37,714.89,2842105.0,0.0146017106695207,9.08,0.25,0.0275
2008-02-13,708.74,714.87,680.39,700.31,1547745.0,0.0079517557163431,9.33,-0.19,-0.0204
2008-02-14,703.36,735.54,703.36,735.54,3596335.0,0.0184766724454834,9.14,0.46,0.0503
2008-02-15,739.34,750.06,704.86,717.88,3516881.0,0.0180684664434054,9.6,-0.23,-0.024
2008-02-18,724.01,740.1,720.18,729.37,3389391.0,0.0174134687943892,9.37,0.15,0.016
2008-02-19,727.87,740.13,720.21,731.7,3350751.0,0.0172149504073942,9.52,0.03,0.0032
2008-02-20,735.57,740.16,714.88,716.41,3090544.0,0.0158781006681397,9.55,-0.2,-0.0209
2008-02-21,709.51,714.11,691.12,708.74,2870580.0,0.0147480049518623,9.35,-0.1,-0.0107
2008-02-22,709.53,712.59,681.94,693.44,2646651.0,0.0135975384953046,9.25,-0.2,-0.0216
2008-02-25,693.46,701.89,670.47,673.53,2609914.0,0.0134087970361163,9.05,-0.26,-0.0287
2008-02-26,675.84,697.29,663.58,689.63,1980185.0,0.0101734765049584,8.79,0.21,0.0239
2008-02-27,690.4,724.11,688.87,724.11,3337040.0,0.0171445082333754,9.0,0.45,0.05
2008-02-28,727.92,729.45,708.76,717.96,2126659.0,0.0109260071006286,9.45,-0.08,-0.0085
2008-02-29,712.59,741.7,712.59,734.04,2874860.0,0.0147699940485585,9.37,0.21,0.0224
2008-03-03,727.93,763.17,724.86,749.38,3739361.0,0.0192114884604508,9.58,0.2,0.0209
2008-03-04,749.39,755.52,734.06,735.59,3330195.0,0.0171093410915798,9.78,-0.18,-0.0184
2008-03-05,729.44,737.1,711.05,723.31,2966130.0,0.015238906397964,9.6,-0.16,-0.0167
2008-03-06,714.09,751.63,714.09,743.2,3155692.0,0.016212807600747,9.44,0.26,0.0275
2008-03-07,743.19,780.73,728.63,780.73,9821141.0,0.0504574811017071,9.7,0.49,0.0505
2008-03-10,780.73,802.18,742.42,747.78,9778184.0,0.0502367835253577,10.19,-0.43,-0.0422
2008-03-11,731.7,772.31,724.8,760.05,3870813.0,0.0198868414368292,9.76,0.16,0.0164
2008-03-12,777.68,798.37,753.16,796.83,10443620.0,0.0536555537471064,9.92,0.48,0.0484
2008-03-13,785.38,810.66,757.03,773.89,8369380.0,0.0429988565669718,10.4,-0.3,-0.0288
2008-03-14,773.91,789.24,735.6,737.9,3963782.0,0.0203644826356008,10.1,-0.47,-0.0465
2008-03-17,741.0,743.3,701.15,701.15,4690825.0,0.0240997674087884,9.63,-0.48,-0.0498
2008-03-18,666.65,677.38,665.88,665.88,4241549.0,0.0217915493229824,9.15,-0.46,-0.0503
2008-03-19,644.41,685.78,632.91,649.77,3906743.0,0.0200714368210095,8.69,-0.21,-0.0242
2008-03-20,643.62,670.44,617.57,659.71,3873302.0,0.0198996290213331,8.48,0.13,0.0153
2008-03-21,674.25,683.44,656.63,665.06,1889116.0,0.0097055968210753,8.61,0.07,0.0081
2008-03-24,680.39,692.65,665.07,676.56,2570473.0,0.01320616339995,8.68,0.15,0.0173
2008-03-25,681.92,710.27,674.26,707.21,5494676.0,0.028229663990162,8.83,0.4,0.0453
2008-03-26,711.83,712.6,682.71,694.97,2317371.0,0.0119058165887389,9.23,-0.16,-0.0173
2008-03-27,695.75,695.75,660.5,660.5,2378989.0,0.0122223876542113,9.07,-0.45,-0.0496
2008-03-28,644.41,674.3,628.32,672.0,2174612.0,0.0111723723234953,8.62,0.15,0.0174
2008-03-31,651.29,658.18,638.26,638.26,2263226.0,0.0116276391026146,8.77,-0.44,-0.0502
2008-04-01,628.31,633.68,606.09,606.09,1593250.0,0.0081855439979219,8.33,-0.42,-0.0504
2008-04-02,579.26,596.88,575.43,575.43,2755191.0,0.0141551778774068,7.91,-0.4,-0.0506
2008-04-03,547.1,568.55,546.33,547.86,3276124.0,0.0168315437907723,7.51,-0.36,-0.0479
2008-04-07,538.64,575.42,529.45,575.42,2192481.0,0.0112641768022017,7.15,0.36,0.0503
2008-04-08,582.33,597.66,569.31,586.93,1984145.0,0.0101938215570417,7.51,0.15,0.02
2008-04-09,587.7,595.36,557.82,557.82,2388812.0,0.0122728546861847,7.66,-0.38,-0.0496
2008-04-10,535.58,564.7,532.51,553.97,1669843.0,0.0085790512136337,7.28,-0.05,-0.0069
2008-04-11,559.34,578.5,553.98,568.54,1643346.0,0.0084429191820549,7.23,0.19,0.0263
2008-04-14,553.96,562.39,540.17,540.17,2260945.0,0.0116159201471091,7.42,-0.37,-0.0499
2008-04-15,529.43,535.56,513.34,532.5,1903681.0,0.0097804265391545,7.05,-0.1,-0.0142
2008-04-16,534.79,535.55,511.04,511.04,959711.0,0.0049306490605929,6.95,-0.28,-0.0403
2008-04-17,511.02,528.65,485.74,485.74,1810555.0,0.0093019787309948,6.67,-0.33,-0.0495
2008-04-18,470.4,481.9,461.21,461.21,2417710.0,0.0124213221899989,6.34,-0.32,-0.0505
2008-04-21,479.62,483.45,438.24,438.24,3546116.0,0.0182186653317024,6.02,-0.3,-0.0498
2008-04-22,416.03,432.89,416.03,422.16,2964603.0,0.0152310612225773,5.72,-0.21,-0.0367
2008-04-23,423.68,443.61,419.09,443.61,2269764.0,0.0116612289891098,5.51,0.28,0.0508
2008-04-24,465.83,465.83,455.87,465.83,3575106.0,0.0183676054983428,5.79,0.29,0.0501
2008-04-25,486.5,488.8,473.47,488.8,4200937.0,0.0215828995110611,6.08,0.3,0.0493
2008-04-28,486.51,496.47,465.83,489.58,2214049.0,0.011374985409104,6.38,0.01,0.0016
2008-04-29,488.81,514.09,482.68,502.6,3189540.0,0.0163867064196654,6.39,0.17,0.0266
2008-04-30,506.43,514.86,495.71,511.8,3408185.0,0.0175100255895543,6.56,0.12,0.0183
2008-05-05,520.23,524.06,494.94,513.33,3798679.0,0.0195162429552688,6.68,0.02,0.003
2008-05-06,505.67,513.33,494.95,503.37,2286551.0,0.0117474745419691,6.7,-0.13,-0.0194
2008-05-07,498.78,517.17,478.86,478.86,2604086.0,0.0133788548736058,6.57,-0.32,-0.0487
2008-05-08,471.2,485.76,465.07,476.56,3473026.0,0.0178431552668613,6.25,-0.03,-0.0048
2008-05-09,481.15,500.31,478.85,488.05,3642278.0,0.018712711013126,6.22,0.15,0.0241
2008-05-12,475.01,493.4,467.35,484.97,1995331.0,0.0102512911915377,6.37,-0.04,-0.0063
2008-05-13,462.77,483.46,462.77,478.86,2283843.0,0.0117335618144333,6.33,-0.08,-0.0126
2008-05-14,478.86,494.95,478.86,493.42,2109270.0,0.0108366686888415,6.25,0.19,0.0304
2008-05-15,497.25,517.94,490.36,517.94,5683937.0,0.0292020187634811,6.44,0.32,0.0497
2008-05-16,517.97,519.5,498.81,504.94,3010816.0,0.0154684869528619,6.76,-0.17,-0.0251
2008-05-19,504.93,530.21,498.8,519.48,4017250.0,0.0206391819398411,6.59,0.19,0.0288
2008-05-20,517.98,536.37,493.46,496.52,4416997.0,0.0226929378830623,6.78,-0.3,-0.0442
2008-05-21,486.57,521.05,482.74,521.05,4335667.0,0.0222750936694418,6.48,0.32,0.0494
2008-05-22,513.39,547.1,505.73,547.1,6981262.0,0.0358672068175242,6.8,0.34,0.05
2008-05-23,547.1,563.19,537.14,547.87,4764204.0,0.0244767622514204,7.14,0.01,0.0014
2008-05-26,550.15,551.69,530.23,534.83,3531545.0,0.0181438047877867,7.15,-0.17,-0.0238
2008-05-27,534.08,534.84,509.56,527.18,1741479.0,0.0089470911507654,6.98,-0.1,-0.0143
2008-05-28,526.43,553.25,514.94,552.49,1964444.0,0.0100926049229271,6.88,0.33,0.048
2008-05-29,546.33,576.98,544.8,573.15,4729124.0,0.0242965338607428,7.21,0.27,0.0374
2008-05-30,567.04,601.52,567.04,601.52,6252473.0,0.032122951725918,7.48,0.37,0.0495
2008-06-02,618.38,626.05,580.84,625.28,6037387.0,0.0310179174147069,7.85,0.31,0.0395
2008-06-27,593.89,593.89,593.89,593.89,31900.0,0.0001638906973379,8.16,-0.41,-0.0502
2008-06-30,564.02,564.02,564.02,564.02,5200.0,2.671572495791245e-05,7.75,-0.39,-0.0503
2008-07-01,535.65,535.65,535.65,535.65,6900.0,3.544971196338384e-05,7.36,-0.37,-0.0503
2008-07-02,508.81,508.81,508.81,508.81,26000.0,0.0001335786247895,6.99,-0.35,-0.0501
2008-07-03,483.52,483.52,483.52,483.52,71700.0,0.0003683687460542,6.64,-0.33,-0.0497
2008-07-04,459.01,459.01,459.01,459.01,166800.0,0.0008569582544191,6.31,-0.32,-0.0507
2008-07-07,436.03,467.45,436.03,462.08,15813328.0,0.0812431772148569,5.99,0.04,0.0067
2008-07-08,447.51,452.88,439.08,450.58,9695354.0,0.0498112328526146,6.03,-0.15,-0.0249
2008-07-09,449.04,465.13,444.44,462.83,8216680.0,0.0422143390283038,5.88,0.16,0.0272
2008-07-10,460.53,474.32,451.34,457.47,6637318.0,0.0341001465665772,6.04,-0.07,-0.0116
2008-07-11,452.85,462.04,442.88,446.72,4320197.0,0.022195614387692,5.97,-0.14,-0.0235
2008-07-14,442.1,443.64,424.48,438.27,4764121.0,0.024476335827349,5.83,-0.11,-0.0189
2008-07-15,435.21,451.3,435.21,438.27,4445154.0,0.02283759839607,5.72,0.0,0.0
2008-07-16,439.8,442.87,416.05,416.05,3476703.0,0.0178620463669902,5.72,-0.29,-0.0507
2008-07-17,409.93,420.66,395.37,395.37,4805636.0,0.024689624927662,5.43,-0.27,-0.0497
2008-07-18,383.1,393.06,375.44,386.16,5762275.0,0.0296044911599721,5.16,-0.12,-0.0233
2008-07-21,386.14,400.7,383.08,398.4,3388842.0,0.0174106482303503,5.04,0.16,0.0317
2008-07-22,398.4,403.77,394.57,398.4,2726773.0,0.0140091764405118,5.2,0.0,0.0
2008-07-23,397.64,402.23,380.02,388.44,2887574.0,0.0148353139960805,5.2,-0.13,-0.025
2008-07-24,390.74,407.59,389.21,407.59,6195176.0,0.0318285804003577,5.07,0.25,0.0493
2008-07-25,406.04,412.17,401.45,402.21,3423569.0,0.0175890630343144,5.32,-0.07,-0.0132
2008-07-28,406.03,415.22,402.96,409.09,2997286.0,0.0153989746915772,5.25,0.09,0.0171
2008-07-29,406.03,407.56,391.47,395.3,2099271.0,0.0107852974323311,5.34,-0.18,-0.0337
2008-07-30,398.39,406.05,393.03,398.39,1974550.0,0.010144525906855,5.16,0.04,0.0078
2008-07-31,399.92,402.99,380.0,381.54,2305329.0,0.0118439491349037,5.2,-0.22,-0.0423
2008-08-01,375.41,386.14,362.39,380.77,3021700.0,0.0155244050202546,4.98,-0.01,-0.002
2008-08-04,369.28,379.24,369.28,374.64,1070075.0,0.0054976594969881,4.97,-0.08,-0.0161
2008-08-05,371.57,375.4,356.25,356.25,1901145.0,0.0097673974855981,4.89,-0.24,-0.0491
2008-08-06,356.23,361.6,338.61,340.15,1805319.0,0.0092750780510179,4.65,-0.21,-0.0452
2008-08-07,340.13,356.99,340.13,352.39,1877232.0,0.0096445411142676,4.44,0.16,0.036
2008-08-08,352.39,356.99,334.77,334.77,1990377.0,0.0102258393258759,4.6,-0.23,-0.05
2008-08-11,319.43,330.16,317.9,318.67,3146178.0,0.0161639280993529,4.37,-0.21,-0.0481
2008-08-12,314.07,317.9,302.58,302.58,1714527.0,0.0088086214932528,4.16,-0.21,-0.0505
2008-08-13,291.08,297.98,287.25,295.68,1446138.0,0.0074297355883049,3.95,-0.09,-0.0228
2008-08-14,293.37,310.22,293.37,310.22,1336542.0,0.0068666708589804,3.86,0.19,0.0492
2008-08-15,319.43,320.19,306.4,311.0,1747987.0,0.0089805269080781,4.05,0.01,0.0025
2008-08-18,312.52,317.12,295.67,295.67,1598653.0,0.008213302663681,4.06,-0.2,-0.0493
2008-08-19,286.46,305.61,283.4,300.25,810574.0,0.0041644369311605,3.86,0.06,0.0155
2008-08-20,291.82,315.56,291.05,315.56,1690557.0,0.0086854722764756,3.92,0.2,0.051
2008-08-21,314.8,318.63,306.38,309.44,1377232.0,0.007075721406776,4.12,-0.08,-0.0194
2008-08-22,306.38,316.33,301.78,312.5,983262.0,0.0050516456064551,4.04,0.04,0.0099
2008-08-25,311.73,327.82,308.67,327.82,1181126.0,0.0060681994916614,4.08,0.2,0.049
2008-08-26,327.81,329.34,311.72,311.72,2097281.0,0.0107750735298953,4.28,-0.21,-0.0491
2008-08-27,297.16,312.47,297.16,305.58,737748.0,0.003790283203125,4.07,-0.08,-0.0197
2008-08-28,307.11,319.36,302.52,318.6,1172772.0,0.0060252796519886,3.99,0.17,0.0426
2008-08-29,317.82,333.9,314.76,326.25,2602109.0,0.0133686977604824,4.16,0.1,0.024
2008-09-01,321.65,331.61,316.29,329.31,1711108.0,0.008791055904093,4.26,0.04,0.0094
2008-09-02,329.3,336.2,323.18,330.07,1131059.0,0.0058109732990714,4.3,0.01,0.0023
2008-09-03,328.53,333.13,313.98,319.34,1007498.0,0.0051761614353167,4.31,-0.14,-0.0325
2008-09-04,320.11,333.13,316.29,327.77,731859.0,0.0037600276446101,4.17,0.11,0.0264
2008-09-05,319.34,324.7,314.74,320.1,630011.0,0.0032367693454729,4.28,-0.1,-0.0234
2008-09-08,317.05,317.05,304.03,304.03,950400.0,0.0048828125,4.18,-0.21,-0.0502
2008-09-09,304.81,309.4,291.79,294.85,1484328.0,0.0076259420375631,3.97,-0.12,-0.0302
2008-09-10,295.62,301.75,285.67,298.68,533374.0,0.0027402832853272,3.85,0.05,0.013
2008-09-11,298.67,303.27,284.12,284.89,2378528.0,0.012220019202441,3.9,-0.18,-0.0462
2008-09-12,275.7,292.54,270.33,271.87,2474002.0,0.0127105301879471,3.72,-0.17,-0.0457
2008-09-16,267.27,268.04,258.08,258.08,1710182.0,0.0087862984499947,3.55,-0.18,-0.0507
2008-09-17,260.37,260.37,245.06,245.82,912298.0,0.0046870581630103,3.37,-0.16,-0.0475
2008-09-18,235.88,237.41,233.58,233.58,1899004.0,0.0097563977996106,3.21,-0.16,-0.0498
2008-09-19,245.07,245.07,245.07,245.07,465307.0,0.0023905795832675,3.05,0.15,0.0492
2008-09-22,257.33,257.33,251.97,257.33,2319961.0,0.0119191230748237,3.2,0.16,0.05
2008-09-23,256.56,256.56,244.31,244.31,1313477.0,0.0067481712058738,3.36,-0.17,-0.0506
2008-09-24,237.41,256.56,237.41,251.2,1649682.0,0.0084754712653882,3.19,0.09,0.0282
2008-09-25,259.62,263.45,248.14,260.39,1424875.0,0.0073204939614241,3.28,0.12,0.0366
2008-09-26,261.92,268.05,256.56,264.22,1026532.0,0.0052739512639414,3.4,0.05,0.0147
2008-10-06,255.02,259.62,252.72,253.49,511398.0,0.0026273785215435,3.45,-0.14,-0.0406
2008-10-07,251.2,252.73,241.24,245.84,529268.0,0.0027191881378893,3.31,-0.1,-0.0302
2008-10-08,250.43,250.43,238.94,241.24,461720.0,0.002372150870686,3.21,-0.06,-0.0187
2008-10-09,249.66,249.66,238.17,240.47,417020.0,0.0021424983888362,3.15,-0.01,-0.0032
2008-10-10,236.63,236.63,228.2,228.2,620100.0,0.003185850201231,3.14,-0.16,-0.051
2008-10-13,219.02,226.67,216.72,226.67,957400.0,0.0049187759759048,2.98,-0.02,-0.0067
2008-10-14,229.74,234.34,219.02,220.55,697742.0,0.0035847468006891,2.96,-0.08,-0.027
2008-10-15,219.03,224.39,210.61,213.67,455600.0,0.0023407085174663,2.88,-0.09,-0.0312
2008-10-16,202.95,209.07,202.95,202.95,890500.0,0.0045750678990425,2.79,-0.14,-0.0502
2008-10-17,206.01,206.01,194.53,200.65,437359.0,0.0022469928368976,2.65,-0.03,-0.0113
2008-10-20,203.72,210.61,199.13,208.32,1118551.0,0.0057467117052688,2.62,0.1,0.0382
2008-10-21,212.14,212.9,205.24,206.78,499901.0,0.0025683110811894,2.72,-0.02,-0.0074
2008-10-22,201.42,209.84,200.65,201.42,499001.0,0.002563687205716,2.7,-0.07,-0.0259
2008-10-23,199.12,206.01,199.12,206.01,467657.0,0.0024026530358927,2.63,0.06,0.0228
2008-10-24,206.01,206.77,200.65,202.94,309515.0,0.0015901764635285,2.69,-0.04,-0.0149
2008-10-27,197.59,202.18,192.99,197.59,1573435.0,0.008083741672914,2.65,-0.07,-0.0264
2008-10-28,197.59,207.54,195.29,207.54,1362754.0,0.0070013386633259,2.58,0.13,0.0504
2008-10-29,208.3,217.49,196.81,196.81,2458164.0,0.0126291602548926,2.71,-0.14,-0.0517
2008-10-30,202.94,203.71,189.92,196.81,820900.0,0.0042174881957596,2.57,0.0,0.0
2008-10-31,197.58,199.11,191.45,196.05,434800.0,0.0022338456176346,2.57,-0.01,-0.0039
2008-11-03,196.05,196.81,192.22,196.05,438686.0,0.0022538104844013,2.56,0.0,0.0
2008-11-04,187.63,195.29,186.1,191.46,758033.0,0.0038945002186579,2.56,-0.06,-0.0234
2008-11-05,192.22,201.41,192.22,200.65,1526308.0,0.0078416201402041,2.5,0.12,0.048
2008-11-06,199.12,202.95,193.76,199.12,518628.0,0.0026645236545138,2.62,-0.02,-0.0076
2008-11-07,199.12,206.01,193.0,197.59,814600.0,0.0041851210674452,2.6,-0.02,-0.0077
2008-11-10,203.72,207.55,197.59,207.55,1242737.0,0.0063847345936579,2.58,0.13,0.0504
2008-11-11,209.09,214.45,206.03,211.39,1457126.0,0.0074861879701967,2.71,0.05,0.0185
2008-11-12,208.32,214.44,208.32,212.91,779655.0,0.0040055862580886,2.76,0.02,0.0072
2008-11-13,211.38,222.11,206.02,220.58,1603720.0,0.0082393350825968,2.78,0.1,0.036
2008-11-14,219.05,227.47,219.05,226.71,1629374.0,0.0083711360841487,2.88,0.08,0.0278
2008-11-17,233.61,238.2,226.71,238.2,2999565.0,0.0154106833718039,2.96,0.15,0.0507
2008-11-18,241.28,249.7,225.96,225.96,3685001.0,0.0189322063818523,3.11,-0.16,-0.0514
2008-11-19,221.35,237.44,221.35,237.44,1290427.0,0.0066297486173584,2.95,0.15,0.0508
2008-11-20,237.43,245.09,233.6,235.13,1746260.0,0.0089716542048085,3.1,-0.03,-0.0097
2008-11-21,231.3,242.79,225.17,238.19,1723148.0,0.0088529130826494,3.07,0.04,0.013
2008-11-24,238.18,241.24,229.76,235.12,1014625.0,0.0052127773914272,3.11,-0.04,-0.0129
2008-11-25,236.66,238.19,225.94,230.53,1403583.0,0.0072111033430003,3.07,-0.06,-0.0195
2008-11-26,229.77,240.49,229.77,237.43,1228038.0,0.006309216431897,3.01,0.09,0.0299
2008-11-27,249.68,249.68,243.56,248.92,3451575.0,0.0177329477637705,3.1,0.15,0.0484
2008-11-28,246.62,248.92,240.49,245.86,1883786.0,0.0096782132029934,3.25,-0.04,-0.0123
2008-12-01,245.08,258.1,245.08,258.1,1915657.0,0.0098419549087884,3.21,0.16,0.0498
2008-12-02,259.64,264.23,252.75,258.87,1508743.0,0.0077513775038799,3.37,0.01,0.003
2008-12-03,260.4,265.76,258.1,264.23,1440649.0,0.007401535085556,3.38,0.07,0.0207
2008-12-04,268.06,271.89,258.87,259.63,1542325.0,0.0079239097107139,3.45,-0.06,-0.0174
2008-12-05,256.56,272.64,253.5,268.05,1001956.0,0.0051476886376788,3.39,0.11,0.0324
2008-12-08,273.41,275.71,268.05,275.71,1427022.0,0.0073315244732481,3.5,0.1,0.0286
2008-12-09,274.94,274.94,261.92,264.22,1575594.0,0.0080948338364109,3.6,-0.15,-0.0417
2008-12-10,263.45,271.11,260.39,268.81,1605699.0,0.008249502470999,3.45,0.06,0.0174
2008-12-11,268.81,281.83,266.52,271.88,2175940.0,0.0111791951086384,3.51,0.04,0.0114
2008-12-12,272.64,274.94,258.09,258.85,2134048.0,0.0109639691182659,3.55,-0.17,-0.0479
2008-12-15,259.62,264.22,252.73,257.33,943698.0,0.0048483800406407,3.38,-0.02,-0.0059
2008-12-16,258.1,258.1,248.91,251.97,2654900.0,0.0136399188828388,3.36,-0.07,-0.0208
2008-12-17,252.73,264.22,252.73,264.22,3181958.0,0.016347752837621,3.29,0.16,0.0486
2008-12-18,267.29,277.25,266.52,277.25,3359104.0,0.0172578651094276,3.45,0.17,0.0493
2008-12-19,284.9,291.03,281.07,284.9,5473372.0,0.0281202117200652,3.62,0.1,0.0276
2008-12-22,284.91,299.46,279.54,299.46,4358599.0,0.0223929100165062,3.72,0.19,0.0511
2008-12-23,307.13,310.19,290.28,291.04,4321961.0,0.02220467718362,3.91,-0.11,-0.0281
2008-12-24,284.15,291.04,276.49,276.49,3570599.0,0.0183444501574994,3.8,-0.19,-0.05
2008-12-25,290.29,290.29,287.22,290.29,2177188.0,0.0111856068826283,3.61,0.18,0.0499
2008-12-26,304.83,304.83,302.53,304.83,1025214.0,0.0052671798551925,3.79,0.19,0.0501
2008-12-29,320.14,320.14,297.93,307.12,6608555.0,0.033952372644084,3.98,0.03,0.0075
2008-12-30,307.11,316.3,298.68,314.76,2465768.0,0.0126682268650042,4.01,0.1,0.0249
2008-12-31,312.46,330.84,307.86,327.01,4529066.0,0.0232687079946601,4.11,0.16,0.0389
2009-01-05,327.01,343.1,327.01,343.1,7848980.0,0.0403252290154145,4.27,0.21,0.0492
2009-01-06,340.79,352.28,326.24,343.85,6733600.0,0.0345948087647306,4.48,0.01,0.0022
2009-01-07,333.89,345.37,330.82,344.61,3539497.0,0.0181846592964146,4.49,0.01,0.0022
2009-01-08,338.48,350.73,336.95,348.43,3718840.0,0.0191060589620159,4.5,0.05,0.0111
2009-01-09,346.13,350.73,336.18,343.83,2259537.0,0.0116086863508128,4.55,-0.06,-0.0132
2009-01-12,343.06,347.65,336.93,339.23,2918003.0,0.0149916472258391,4.49,-0.06,-0.0134
2009-01-13,336.92,356.07,333.1,351.47,3153805.0,0.0162031128751709,4.43,0.16,0.0361
2009-01-14,346.89,355.32,346.89,353.02,1129380.0,0.0058023472024936,4.59,0.02,0.0044
2009-01-15,354.55,370.63,348.43,370.63,3173893.0,0.0163063177757391,4.61,0.23,0.0499
2009-01-16,367.58,389.02,367.58,389.02,2248715.0,0.0115530868170638,4.84,0.24,0.0496
2009-01-19,394.37,408.16,383.65,408.16,3535237.0,0.0181627729525068,5.08,0.25,0.0492
2009-01-20,408.14,424.22,407.38,416.57,2573157.0,0.0132199528241398,5.33,0.11,0.0206
2009-01-21,410.43,437.23,405.07,418.86,3383597.0,0.0173837013116187,5.44,0.03,0.0055
2009-01-22,418.84,427.26,411.18,411.95,1783384.0,0.0091623839304503,5.47,-0.09,-0.0165
2009-01-23,415.03,427.28,411.96,425.75,1421620.0,0.0073037709451283,5.38,0.18,0.0335
2009-02-02,421.15,430.34,419.62,424.98,1555037.0,0.0079892193829571,5.56,-0.01,-0.0018
2009-02-03,422.69,428.81,419.62,421.16,2025202.0,0.0104047576185027,5.55,-0.05,-0.009
2009-02-04,422.68,442.59,418.09,442.59,2956015.0,0.0151869391752814,5.5,0.28,0.0509
2009-02-05,442.58,464.79,437.22,445.65,2627061.0,0.013496892139165,5.78,0.04,0.0069
2009-02-06,445.66,454.85,434.18,452.55,2660103.0,0.0136666500207149,5.82,0.09,0.0155
2009-02-09,455.62,463.27,444.13,452.55,2735401.0,0.0140535039933843,5.91,0.0,0.0
2009-02-10,450.24,450.24,437.22,449.48,2503361.0,0.0128613661435316,5.91,-0.04,-0.0068
2009-02-11,448.73,448.73,434.95,439.54,3381716.0,0.0173740374118792,5.87,-0.13,-0.0221
2009-02-12,438.8,440.33,417.35,424.25,5683202.0,0.0291982425985111,5.74,-0.2,-0.0348
2009-02-13,421.18,441.86,421.18,438.8,3898924.0,0.0200312656184238,5.54,0.19,0.0343
2009-02-16,443.39,444.16,424.25,438.8,4281044.0,0.0219944603916771,5.73,0.0,0.0
2009-02-17,438.05,441.88,427.33,438.05,3352634.0,0.0172246245824126,5.73,-0.01,-0.0017
2009-02-18,428.86,441.12,415.84,415.84,3102649.0,0.0159402917932581,5.72,-0.29,-0.0507
2009-02-19,415.07,421.2,395.16,395.92,5267539.0,0.027062715986361,5.43,-0.26,-0.0479
2009-02-20,398.23,404.36,382.92,402.06,3552346.0,0.0182506728252577,5.17,0.08,0.0155
2009-02-23,402.81,412.0,389.79,408.17,4989769.0,0.0256356338860611,5.25,0.08,0.0152
2009-02-24,407.39,407.39,387.48,387.48,3984100.0,0.0204688691932344,5.33,-0.27,-0.0507
2009-02-25,380.59,389.78,368.34,368.34,5150837.0,0.0264631431913536,5.06,-0.25,-0.0494
2009-02-26,369.1,369.1,349.96,349.96,3975663.0,0.0204255229294902,4.81,-0.24,-0.0499
2009-02-27,332.35,340.78,332.35,332.35,2007999.0,0.0103163748076467,4.57,-0.23,-0.0503
2009-03-02,324.71,344.62,320.88,343.85,2174442.0,0.0111714989247948,4.34,0.15,0.0346
2009-03-03,340.01,343.84,326.99,339.25,1915690.0,0.0098421244508891,4.49,-0.06,-0.0134
2009-03-04,341.56,356.11,336.19,356.11,2262581.0,0.011624325325192,4.43,0.22,0.0497
2009-03-05,369.14,373.73,359.95,373.73,5349864.0,0.0274856721511994,4.65,0.23,0.0495
2009-03-06,366.84,392.12,364.55,384.46,4242640.0,0.0217971544875841,4.88,0.14,0.0287
2009-03-09,392.9,397.49,373.75,378.35,2916647.0,0.0149846805867924,5.02,-0.08,-0.0159
2009-03-10,378.33,389.82,368.37,385.99,1853408.0,0.0095221419928451,4.94,0.1,0.0202
2009-03-11,395.96,399.02,382.94,387.53,2432139.0,0.0124954531891177,5.04,0.02,0.004
2009-03-12,393.67,393.67,376.82,385.25,1582752.0,0.0081316090593434,5.06,-0.03,-0.0059
2009-03-13,392.9,404.39,385.25,404.39,6373451.0,0.0327444930670638,5.03,0.25,0.0497
2009-03-16,408.22,409.75,399.8,404.39,2344139.0,0.0120433409205992,5.28,0.0,0.0
2009-03-17,402.11,412.07,397.52,409.77,2672526.0,0.0137304749151672,5.28,0.07,0.0133
2009-03-18,409.77,412.06,403.64,404.4,2970014.0,0.0152588609894518,5.35,-0.07,-0.0131
2009-03-19,402.12,415.91,399.06,409.01,3989264.0,0.0204953999631734,5.28,0.06,0.0114
2009-03-20,409.77,428.92,407.47,425.09,4217919.0,0.0216701469036063,5.34,0.21,0.0393
2009-03-23,419.73,444.24,419.73,425.85,2757214.0,0.0141655713219433,5.55,0.01,0.0018
2009-03-24,427.38,433.51,418.19,420.49,2826974.0,0.0145239730475326,5.56,-0.07,-0.0126
2009-03-25,421.26,428.92,416.66,416.66,2322179.0,0.0119305183590461,5.49,-0.05,-0.0091
2009-03-26,419.74,433.53,418.97,431.99,3411470.0,0.0175269027350326,5.44,0.2,0.0368
2009-03-27,432.0,432.0,421.28,426.64,1863298.0,0.0095729532466593,5.64,-0.07,-0.0124
2009-03-30,425.12,448.1,423.59,448.1,5247276.0,0.0269586119988952,5.57,0.28,0.0503
2009-03-31,448.08,455.74,435.82,451.91,3379009.0,0.0173601298219828,5.85,0.05,0.0085
2009-04-01,451.12,452.66,442.7,446.53,2732615.0,0.0140391905299742,5.9,-0.07,-0.0119
2009-04-02,446.51,453.41,435.03,438.09,2543638.0,0.0130682948462489,5.83,-0.11,-0.0189
2009-04-03,445.73,451.09,435.01,444.97,2936082.0,0.0150845306088226,5.72,0.09,0.0157
2009-04-07,443.42,449.54,436.52,446.48,2062804.0,0.0105979431357849,5.81,0.02,0.0034
2009-04-08,444.19,468.7,442.66,460.28,9033980.0,0.0464133317221696,5.83,0.18,0.0309
2009-04-09,463.33,483.24,459.5,483.24,4323735.0,0.0222137913559422,6.01,0.3,0.0499
2009-04-10,506.98,507.74,499.32,507.74,1646068.0,0.0084569038365425,6.31,0.32,0.0507
2009-04-13,533.03,533.03,533.03,533.03,756300.0,0.0038855966895517,6.63,0.33,0.0498
2009-04-14,559.84,559.84,559.84,559.84,454224.0,0.0023336391256313,6.96,0.35,0.0503
2009-04-15,588.17,588.17,588.17,588.17,274130.0,0.0014083810928293,7.31,0.37,0.0506
2009-04-16,617.28,617.28,617.28,617.28,820896.0,0.004217467645202,7.68,0.38,0.0495
2009-04-17,647.89,647.89,586.62,621.85,23315308.0,0.1197856453532723,8.06,0.06,0.0074
2009-04-20,590.45,590.45,590.45,590.45,2092700.0,0.0107515380037352,8.12,-0.41,-0.0505
2009-04-21,560.6,620.34,560.6,601.19,21255544.0,0.1092033206413089,7.71,0.14,0.0182
2009-04-22,601.18,601.18,571.32,571.32,10412530.0,0.0534958245376946,7.85,-0.39,-0.0497
2009-04-23,543.74,564.42,542.98,542.98,7805826.0,0.0401035193241003,7.46,-0.37,-0.0496
2009-04-24,540.69,557.53,539.92,542.22,5793588.0,0.0297653660629734,7.09,-0.01,-0.0014
2009-04-28,515.43,541.47,515.43,515.43,5783291.0,0.0297124637899174,7.08,-0.35,-0.0494
2009-04-29,489.38,510.06,489.38,497.8,12407404.0,0.0637447678280197,6.73,-0.23,-0.0342
2009-04-30,499.35,523.09,499.35,523.09,8294200.0,0.0426126088357533,6.5,0.33,0.0508
2009-05-04,536.11,549.13,523.09,533.82,9158638.0,0.0470537795763625,6.83,0.14,0.0205
2009-05-05,555.28,555.28,520.82,528.48,9022136.0,0.0463524815209385,6.97,-0.07,-0.01
2009-05-06,522.34,555.27,522.34,555.27,11866705.0,0.0609668513339778,6.9,0.35,0.0507
2009-05-07,551.46,572.14,541.5,563.71,12933657.0,0.0664484659830729,7.25,0.11,0.0152
2009-05-11,571.4,571.4,535.4,542.29,7981212.0,0.0410045893505366,7.36,-0.28,-0.038
2009-05-12,536.9,551.46,528.48,545.33,5086675.0,0.0261335019712094,7.08,0.04,0.0056
2009-05-13,547.65,549.95,529.27,536.93,4824070.0,0.0247843321726378,7.12,-0.11,-0.0154
2009-05-14,532.35,532.35,518.56,521.63,3934530.0,0.0202141964074337,7.01,-0.2,-0.0285
2009-05-15,527.0,530.07,518.58,524.7,3446618.0,0.0177074804851904,6.81,0.04,0.0059
2009-05-18,520.85,529.28,507.07,527.75,3751491.0,0.0192738080265546,6.85,0.04,0.0058
2009-05-19,522.41,540.03,522.41,531.6,3813532.0,0.0195925523134995,6.89,0.05,0.0073
2009-05-20,532.35,534.65,515.5,517.03,3641587.0,0.0187091609042902,6.94,-0.19,-0.0274
2009-05-21,513.22,542.33,513.22,534.67,6246096.0,0.0320901889993686,6.75,0.23,0.0341
2009-05-22,534.65,538.48,523.92,535.41,3004364.0,0.0154353389033564,6.98,0.01,0.0014
2009-05-25,520.87,562.23,508.62,559.94,8607187.0,0.0442206231833307,6.99,0.32,0.0458
2009-05-26,571.42,588.27,571.42,588.27,7491408.0,0.0384881530145202,7.31,0.37,0.0506
2009-06-26,617.39,617.39,617.39,617.39,174538.0,0.0008967133082123,7.68,0.38,0.0495
2009-06-29,648.01,648.01,648.01,648.01,208384.0,0.0010706018518518,8.06,0.4,0.0496
2009-06-30,672.55,672.55,615.87,615.87,18196904.0,0.0934891312210648,8.46,-0.42,-0.0496
2009-07-01,598.99,625.03,585.2,597.45,10394477.0,0.0534030747333359,8.04,-0.24,-0.0299
2009-07-02,602.83,607.43,585.98,594.41,6383583.0,0.0327965476296164,7.8,-0.04,-0.0051
2009-07-03,591.32,618.13,586.72,605.11,5823091.0,0.0299169418386337,7.76,0.14,0.018
2009-07-06,605.12,618.14,591.33,594.4,5157366.0,0.026496686839094,7.9,-0.14,-0.0177
2009-07-07,589.82,604.37,588.29,589.82,4617490.0,0.0237229986222906,7.76,-0.06,-0.0077
2009-07-08,589.83,596.72,586.0,595.19,3818699.0,0.0196190984963567,7.7,0.07,0.0091
2009-07-09,597.46,602.83,589.8,599.0,4919731.0,0.0252758038967145,7.77,0.05,0.0064
2009-07-10,598.24,618.16,597.48,610.5,7909961.0,0.0406385274045796,7.82,0.15,0.0192
2009-07-13,609.7,641.11,605.87,626.55,9981662.0,0.0512821801182396,7.97,0.21,0.0263
2009-07-14,626.53,633.42,617.33,628.06,5387781.0,0.0276804760248974,8.18,0.02,0.0024
2009-07-15,628.07,631.9,613.51,619.64,6780340.0,0.0348349420309869,8.2,-0.11,-0.0134
2009-07-16,621.16,621.93,600.48,605.08,5814249.0,0.0298715148309264,8.09,-0.19,-0.0235
2009-07-17,605.08,615.8,602.78,607.38,3676138.0,0.0188866714837173,7.9,0.03,0.0038
2009-07-20,607.4,611.23,604.34,608.17,4408531.0,0.0226494426277751,7.93,0.01,0.0013
2009-07-21,605.89,627.33,604.35,614.31,8645677.0,0.0444183709244134,7.94,0.08,0.0101
2009-07-22,613.56,628.11,612.79,618.92,5255880.0,0.0270028162484217,8.02,0.06,0.0075
2009-07-23,620.48,635.8,615.88,634.27,9161339.0,0.0470676563404224,8.08,0.2,0.0248
2009-07-24,630.41,634.24,602.84,608.2,8721195.0,0.0448063551777541,8.28,-0.34,-0.0411
2009-07-27,618.94,634.26,608.98,618.17,5513661.0,0.0283272020744554,7.94,0.13,0.0164
2009-07-28,619.72,622.02,606.7,619.72,5696690.0,0.0292675390789404,8.07,0.02,0.0025
2009-07-29,619.75,619.75,589.1,589.1,5919814.0,0.0304138697357691,8.09,-0.4,-0.0494
2009-07-30,581.45,589.11,560.0,568.43,6088708.0,0.0312815862071233,7.69,-0.27,-0.0351
2009-07-31,570.72,587.58,563.06,582.98,3403491.0,0.0174859095101404,7.42,0.19,0.0256
2009-08-03,586.07,586.83,570.75,586.07,3696190.0,0.0189896914292666,7.61,0.04,0.0053
2009-08-04,586.05,586.05,571.5,578.39,3776171.0,0.0194006049673163,7.65,-0.1,-0.0131
2009-08-05,578.39,582.99,573.8,581.46,3215506.0,0.0165201103647148,7.55,0.04,0.0053
2009-08-06,582.21,589.1,570.71,578.38,5173796.0,0.0265810982546822,7.59,-0.04,-0.0053
2009-08-07,578.4,586.06,552.35,555.41,4596302.0,0.0236141423183659,7.55,-0.3,-0.0397
2009-08-10,551.57,562.29,540.07,543.14,3921505.0,0.0201472786540535,7.25,-0.16,-0.0221
2009-08-11,544.65,553.84,543.12,553.08,2373957.0,0.0121965350526751,7.09,0.13,0.0183
2009-08-12,551.52,551.52,525.48,525.48,3087227.0,0.0158610591182002,7.22,-0.36,-0.0499
2009-08-13,525.5,530.86,514.01,526.27,2273202.0,0.0116788921934185,6.86,0.01,0.0015
2009-08-14,528.56,532.39,500.22,500.22,3461750.0,0.0177852232448179,6.87,-0.34,-0.0495
2009-08-17,486.45,490.28,474.96,474.96,2277284.0,0.0116998640375105,6.53,-0.33,-0.0505
2009-08-18,452.76,463.48,451.22,461.18,3796673.0,0.0195059368506023,6.2,-0.18,-0.029
2009-08-19,463.48,484.17,463.48,474.97,7588203.0,0.0389854508216934,6.02,0.18,0.0299
2009-08-20,470.37,484.16,451.22,481.1,4659964.0,0.0239412147188026,6.2,0.08,0.0129
2009-08-21,475.74,486.47,475.74,482.64,2810388.0,0.0144387601601957,6.28,0.02,0.0032
2009-08-24,483.39,487.98,471.9,486.45,3764304.0,0.0193396366003787,6.3,0.05,0.0079
2009-08-25,484.16,484.93,461.95,471.91,2997308.0,0.0153990877196443,6.35,-0.19,-0.0299
2009-08-26,486.45,495.64,486.45,495.64,1606524.0,0.0082537410235164,6.16,0.31,0.0503
2009-08-27,511.75,520.18,505.62,520.18,7265012.0,0.0373250120015256,6.47,0.32,0.0495
2009-08-28,531.68,546.24,504.87,537.81,7924733.0,0.0407144206140177,6.79,0.23,0.0339
2009-08-31,520.93,533.96,510.98,510.98,3568447.0,0.0183333939574784,7.02,-0.35,-0.0499
2009-09-01,497.17,510.96,485.68,485.68,3512915.0,0.0180480905654855,6.67,-0.33,-0.0495
2009-09-02,481.06,488.72,471.87,484.13,1912300.0,0.0098247078532723,6.34,-0.02,-0.0032
2009-09-03,478.77,504.81,478.77,501.75,2660194.0,0.0136671175459017,6.32,0.23,0.0364
2009-09-04,497.93,509.42,494.86,507.12,2540559.0,0.0130524760544902,6.55,0.07,0.0107
2009-09-07,507.1,518.59,498.67,510.16,2996946.0,0.0153972278941761,6.62,0.04,0.006
2009-09-08,505.56,516.29,500.97,514.75,2740397.0,0.0140791716399016,6.66,0.06,0.009
2009-09-09,514.75,519.35,500.2,507.86,2783670.0,0.0143014927103061,6.72,-0.09,-0.0134
2009-09-10,510.15,517.05,505.56,507.86,2116399.0,0.0108732949202309,6.63,0.0,0.0
2009-09-11,504.04,520.89,504.04,514.0,2823657.0,0.0145069314975931,6.63,0.08,0.0121
2009-09-14,517.84,526.27,513.25,523.97,2431973.0,0.0124946003409748,6.71,0.13,0.0194
2009-09-15,526.29,540.08,520.93,530.89,3570845.0,0.0183457140167955,6.84,0.09,0.0132
2009-09-16,528.61,533.98,520.95,530.15,2664811.0,0.0136908380270807,6.93,-0.01,-0.0014
2009-09-17,530.17,543.19,525.57,536.29,3881518.0,0.0199418398667666,6.92,0.08,0.0116
2009-09-18,541.65,541.65,509.47,512.54,3593805.0,0.0184636742177635,7.0,-0.31,-0.0443
2009-09-21,512.53,526.32,500.27,524.79,2963108.0,0.0152233804516519,6.69,0.16,0.0239
2009-09-22,524.81,530.17,507.19,510.25,2168851.0,0.0111427743828256,6.85,-0.19,-0.0277
2009-09-23,508.73,517.16,491.11,494.94,1599709.0,0.0082187280109033,6.66,-0.2,-0.03
2009-09-24,494.16,511.01,477.3,498.75,2369659.0,0.0121744534784695,6.46,0.05,0.0077
2009-09-25,498.76,524.04,492.63,524.04,4797065.0,0.0246455902202362,6.51,0.33,0.0507
2009-09-28,536.32,536.32,498.02,498.78,4187829.0,0.0215155553336095,6.84,-0.33,-0.0482
2009-09-29,490.37,500.33,474.28,481.17,1832431.0,0.009414369730837,6.51,-0.23,-0.0353
2009-09-30,488.06,494.19,485.0,489.6,1190893.0,0.0061183788158275,6.28,0.11,0.0175
2009-10-09,494.18,510.27,493.42,508.74,1508638.0,0.0077508380517413,6.39,0.25,0.0391
2009-10-12,509.51,529.43,505.68,520.24,2704559.0,0.0138950489185474,6.64,0.15,0.0226
2009-10-13,521.77,546.29,517.94,540.16,5574066.0,0.0286375411833175,6.79,0.26,0.0383
2009-10-14,537.09,543.98,528.66,532.49,4653042.0,0.023905651978772,7.05,-0.1,-0.0142
2009-10-15,536.31,539.37,530.18,530.95,2159694.0,0.0110957290187026,6.95,-0.02,-0.0029
2009-10-16,534.78,555.47,532.48,553.94,5336615.0,0.0274176035665903,6.93,0.3,0.0433
2009-10-19,543.95,563.1,543.95,560.81,4512457.0,0.0231833769416166,7.23,0.09,0.0124
2009-10-20,562.32,565.38,549.29,557.72,3240183.0,0.0166468918925583,7.32,-0.04,-0.0055
2009-10-21,556.97,566.16,552.37,555.43,3027214.0,0.0155527339639888,7.28,-0.03,-0.0041
2009-10-22,555.43,574.59,547.77,573.82,4633925.0,0.0238074357260758,7.25,0.24,0.0331
2009-10-23,573.04,586.06,564.61,569.97,4677313.0,0.0240303476250131,7.49,-0.05,-0.0067
2009-10-26,565.37,569.96,550.05,554.64,4260840.0,0.0218906595249368,7.44,-0.2,-0.0269
2009-10-27,551.57,559.23,545.45,546.21,2655859.0,0.0136448458790377,7.24,-0.11,-0.0152
2009-10-28,544.67,554.63,541.6,552.33,1593802.0,0.0081883799748789,7.13,0.08,0.0112
2009-10-29,548.48,548.48,527.79,532.39,2910702.0,0.0149541373204703,7.21,-0.26,-0.0361
2009-10-30,534.68,550.77,533.15,534.68,2291502.0,0.0117729109947127,6.95,0.03,0.0043
2009-11-02,531.59,561.47,524.7,561.47,3919269.0,0.0201357908923216,6.98,0.35,0.0501
2009-11-03,560.71,573.73,560.71,568.37,3250240.0,0.0166985611321548,7.33,0.09,0.0123
2009-11-04,566.85,579.87,561.49,572.98,3969930.0,0.0203960688427241,7.42,0.06,0.0081
2009-11-05,574.52,576.82,566.1,574.52,2866979.0,0.014729504312329,7.48,0.02,0.0027
2009-11-06,575.27,582.93,568.38,582.16,4893279.0,0.0251399030589094,7.5,0.1,0.0133
2009-11-09,581.42,602.1,576.82,599.8,4150124.0,0.0213218406394675,7.6,0.23,0.0303
2009-11-10,601.35,604.41,592.15,593.69,3323273.0,0.0170737783515493,7.83,-0.08,-0.0102
2009-11-11,591.37,605.16,584.48,599.03,3654365.0,0.0187748096607349,7.75,0.07,0.009
2009-11-12,605.15,622.0,599.02,616.64,4176827.0,0.0214590310247658,7.82,0.23,0.0294
2009-11-13,605.13,631.17,605.13,622.75,4095957.0,0.0210435501252762,8.05,0.08,0.0099
2009-11-16,624.29,631.18,615.86,627.35,4846408.0,0.0248990967618897,8.13,0.06,0.0074
2009-11-17,627.37,627.37,616.65,618.95,2778915.0,0.0142770632348879,8.19,-0.11,-0.0134
2009-11-18,618.93,622.0,605.91,611.27,3625927.0,0.0186287054710516,8.08,-0.1,-0.0124
2009-11-19,606.66,641.9,606.66,641.9,7748931.0,0.0398112133295849,7.98,0.4,0.0501
2009-11-20,651.86,674.08,642.67,654.93,6431278.0,0.0330415873415141,8.38,0.17,0.0203
2009-11-23,654.93,687.87,653.4,687.87,7599086.0,0.0390413637514467,8.55,0.43,0.0503
2009-11-24,722.34,722.34,661.82,665.65,10229830.0,0.0525571778165772,8.98,-0.29,-0.0323
2009-11-25,667.96,698.6,663.37,698.6,6774234.0,0.034803571604719,8.69,0.43,0.0495
2009-11-26,720.06,733.84,687.88,700.14,9115041.0,0.0468297939107875,9.12,0.02,0.0022
2009-11-27,700.16,712.42,664.92,664.92,6425811.0,0.0330134998668323,9.14,-0.46,-0.0503
2009-11-30,658.78,677.17,658.78,672.57,4464807.0,0.0229385684234927,8.68,0.1,0.0115
2009-12-01,676.39,706.26,671.79,706.26,5676382.0,0.0291632038977009,8.78,0.44,0.0501
2009-12-02,720.08,735.4,704.76,713.19,7638663.0,0.0392446961065735,9.22,0.09,0.0098
2009-12-03,715.47,715.47,690.19,697.85,4903469.0,0.025192255604548,9.31,-0.2,-0.0215
2009-12-04,698.65,733.12,698.65,712.44,7750611.0,0.039819844563802,9.11,0.19,0.0209
2009-12-07,707.82,723.14,701.69,714.72,4847619.0,0.0249053184432212,9.3,0.03,0.0032
2009-12-08,715.5,750.74,712.44,750.74,10507563.0,0.0539840698242187,9.33,0.47,0.0504
2009-12-09,743.05,756.84,729.26,740.75,8244986.0,0.0423597650495843,9.8,-0.13,-0.0133
2009-12-10,740.02,761.47,740.02,759.94,5511784.0,0.0283175587252735,9.67,0.25,0.0259
2009-12-11,758.44,794.45,754.61,783.73,7860552.0,0.0403846817787247,9.92,0.31,0.0313
2009-12-14,792.88,802.07,744.62,744.62,11955733.0,0.0614242450958149,10.23,-0.51,-0.0499
2009-12-15,739.26,741.56,707.09,707.09,9673825.0,0.0497006246136495,9.72,-0.49,-0.0504
2009-12-16,699.42,710.91,681.8,692.52,5651147.0,0.0290335555670638,9.23,-0.19,-0.0206
2009-12-17,704.75,725.43,691.73,723.13,6032624.0,0.0309934468381734,9.04,0.4,0.0442
2009-12-18,717.03,717.8,697.88,699.41,3422153.0,0.0175817881369028,9.44,-0.31,-0.0328
2009-12-21,720.9,721.66,697.15,707.11,2470336.0,0.0126916956018518,9.13,0.1,0.011
2009-12-22,712.48,716.31,690.27,694.1,3152024.0,0.0161939627393728,9.23,-0.17,-0.0184
2009-12-23,689.53,704.86,663.49,684.17,3228248.0,0.0165855741661405,9.06,-0.13,-0.0143
2009-12-24,688.78,695.68,673.46,683.42,9779168.0,0.050241838962542,8.93,-0.01,-0.0011
2009-12-25,681.88,717.13,675.75,701.8,7652533.0,0.0393159551652593,8.92,0.24,0.0269
2009-12-29,717.92,720.22,681.14,686.5,6827892.0,0.0350792470604482,9.16,-0.2,-0.0218
2009-12-30,688.77,693.37,666.55,669.62,4806169.0,0.0246923632894702,8.96,-0.22,-0.0246
2009-12-31,667.3,673.43,650.44,659.64,5421737.0,0.0278549297088725,8.74,-0.13,-0.0149
2010-01-04,666.56,666.56,649.7,660.43,5506727.0,0.028291577682752,8.61,0.01,0.0012
2010-01-05,657.39,661.22,646.67,657.39,3645850.0,0.0187310626611163,8.62,-0.04,-0.0046
2010-01-06,656.66,670.45,647.46,667.38,5481770.0,0.0281633576158722,8.58,0.13,0.0152
2010-01-07,666.59,669.65,649.73,650.5,3345101.0,0.0171859227446996,8.71,-0.22,-0.0253
2010-01-08,650.5,665.06,647.43,664.29,2025818.0,0.0104079224043823,8.49,0.18,0.0212
2010-01-11,661.22,664.28,649.72,655.85,2702094.0,0.0138823846373895,8.67,-0.11,-0.0127
2010-01-12,654.31,661.98,646.65,660.44,3889771.0,0.0199842408048584,8.56,0.06,0.007
2010-01-13,647.41,655.07,627.49,627.49,6048268.0,0.0310738200691814,8.62,-0.43,-0.0499
2010-01-14,619.84,631.33,608.35,626.74,3587281.0,0.0184301562582202,8.19,-0.01,-0.0012
2010-01-15,625.94,635.9,620.58,635.13,3509545.0,0.018030776720657,8.18,0.11,0.0134
2010-01-18,635.93,641.29,630.57,641.29,2399135.0,0.0123258905378656,8.29,0.08,0.0097
2010-01-19,642.03,644.33,633.61,635.14,2324030.0,0.0119400281296033,8.37,-0.08,-0.0096
2010-01-20,632.1,636.7,603.75,606.05,4040821.0,0.0207602812384916,8.29,-0.38,-0.0458
2010-01-21,606.78,612.15,586.87,611.38,2687718.0,0.0138085259331597,7.91,0.07,0.0088
2010-01-22,603.69,608.29,584.54,599.09,2588520.0,0.0132988823784722,7.98,-0.16,-0.0201
2010-01-25,596.8,596.8,581.48,581.48,1740579.0,0.0089424672752919,7.82,-0.23,-0.0294
2010-01-26,580.74,586.1,552.39,557.76,2583261.0,0.0132718635327888,7.59,-0.31,-0.0408
2010-01-27,558.51,566.93,547.78,556.97,1825863.0,0.0093806257151594,7.28,-0.01,-0.0014
2010-01-28,556.97,564.63,550.08,560.04,1152594.0,0.0059216123638731,7.27,0.04,0.0055
2010-01-29,558.53,566.95,555.46,558.53,1710473.0,0.0087877935030644,7.31,-0.02,-0.0027
2010-02-01,559.32,565.45,537.86,557.02,2024843.0,0.0104029132059527,7.29,-0.02,-0.0027
2010-02-02,557.76,584.58,555.46,583.81,5753253.0,0.0295581393771701,7.27,0.35,0.0481
2010-02-03,596.06,600.65,576.9,597.59,4047092.0,0.020792499375263,7.62,0.18,0.0236
2010-02-04,597.57,601.4,579.95,596.03,2987888.0,0.0153506911563552,7.8,-0.02,-0.0026
2010-02-05,582.24,592.97,569.22,590.67,2519151.0,0.0129424894698942,7.78,-0.07,-0.009
2010-02-08,595.26,595.26,576.11,588.37,1292668.0,0.0066412620672874,7.71,-0.03,-0.0039
2010-02-09,583.79,589.92,574.59,577.66,796340.0,0.0040913077717276,7.68,-0.14,-0.0182
2010-02-10,579.2,590.69,575.37,586.09,1089571.0,0.0055978229150226,7.54,0.11,0.0146
2010-02-11,586.08,590.67,583.01,589.14,955618.0,0.0049096207024673,7.65,0.04,0.0052
2010-02-12,588.37,591.44,583.01,586.84,930100.0,0.0047785184198758,7.69,-0.03,-0.0039
2010-02-22,587.61,591.44,583.78,586.08,1120145.0,0.0057549011024963,7.66,-0.01,-0.0013
2010-02-23,586.08,586.08,563.1,575.35,1062230.0,0.0054573547157775,7.65,-0.14,-0.0183
2010-02-24,575.34,595.26,568.44,592.96,2336386.0,0.0120035088022148,7.51,0.23,0.0306
2010-02-25,590.65,602.14,590.65,599.84,2971803.0,0.0152680522263652,7.74,0.09,0.0116
2010-02-26,597.52,605.95,593.69,602.12,2042764.0,0.0104949848419086,7.83,0.03,0.0038
2010-03-01,598.3,616.68,595.23,613.62,3331753.0,0.0171173455337884,7.86,0.15,0.0191
2010-03-02,613.59,616.65,605.16,615.89,2090820.0,0.0107418792416351,8.01,0.03,0.0037
2010-03-03,615.11,621.24,607.45,619.71,3037229.0,0.0156041874227299,8.04,0.05,0.0062
2010-03-04,625.81,626.58,599.0,601.3,2959334.0,0.0152039910004997,8.09,-0.24,-0.0297
2010-03-05,602.05,610.48,599.76,603.59,1582514.0,0.0081303863011626,7.85,0.03,0.0038
2010-03-08,604.36,612.78,601.29,611.25,1946428.0,0.0100000452112268,7.88,0.1,0.0127
2010-03-09,610.51,620.47,607.45,613.57,2705525.0,0.0139000118782223,7.98,0.03,0.0038
2010-03-10,612.79,615.09,597.47,601.3,1665853.0,0.0085585520323679,8.01,-0.16,-0.02
2010-03-11,600.53,617.38,596.7,612.79,1887562.0,0.0096976129294244,7.85,0.15,0.0191
2010-03-12,612.79,618.92,604.36,615.85,2743817.0,0.0140967423667008,8.0,0.04,0.005
2010-03-15,607.43,615.09,602.06,603.6,1264327.0,0.0064956562286274,8.04,-0.16,-0.0199
2010-03-16,605.13,606.66,585.98,601.3,1749568.0,0.0089886495159932,7.88,-0.03,-0.0038
2010-03-17,601.32,618.93,598.25,616.64,2835734.0,0.0145689787688078,7.85,0.2,0.0255
2010-03-18,612.79,628.88,612.79,624.28,3817044.0,0.019610595703125,8.05,0.1,0.0124
2010-03-19,623.55,628.14,616.65,625.84,2876530.0,0.0147785739063815,8.15,0.02,0.0025
2010-03-22,621.27,632.76,621.27,631.23,2623684.0,0.0134795423308606,8.17,0.07,0.0086
2010-03-23,632.75,633.52,618.96,620.49,2156700.0,0.0110803469262941,8.24,-0.14,-0.017
2010-03-24,622.77,625.07,615.11,621.24,2197404.0,0.0112894694010416,8.1,0.01,0.0012
2010-03-25,620.47,623.54,612.81,616.64,2096146.0,0.0107692423091593,8.11,-0.06,-0.0074
2010-03-29,622.79,641.18,622.79,630.45,2841383.0,0.0145980012938631,8.05,0.18,0.0224
2010-03-30,627.37,631.96,622.0,627.37,2161343.0,0.0111042009860979,8.23,-0.04,-0.0049
2010-03-31,626.59,628.89,617.4,624.29,2124577.0,0.0109153105353666,8.19,-0.04,-0.0049
2010-04-01,619.71,629.67,617.41,623.54,4458212.0,0.0229046856915509,8.15,-0.01,-0.0012
2010-04-02,620.5,640.41,620.5,633.52,5198397.0,0.0267074893219302,8.14,0.13,0.016
2010-04-06,630.45,651.13,629.68,642.71,5474586.0,0.028126448814315,8.27,0.12,0.0145
2010-04-07,641.92,645.75,632.73,639.62,3753077.0,0.0192819563226667,8.39,-0.04,-0.0048
2010-04-08,641.92,642.68,635.79,638.08,2351397.0,0.0120806299074731,8.35,-0.02,-0.0024
2010-04-09,641.15,650.34,638.85,643.44,3942061.0,0.0202528879698679,8.33,0.07,0.0084
2010-04-12,641.94,642.71,617.43,622.79,5417688.0,0.0278341274068813,8.4,-0.27,-0.0321
2010-04-13,621.24,627.37,598.26,608.22,3788006.0,0.0194614089297927,8.13,-0.19,-0.0234
2010-04-14,605.94,613.6,605.18,609.01,2263685.0,0.0116299972791061,7.94,0.01,0.0013
2010-04-15,608.98,608.98,589.83,593.66,3507299.0,0.018019237582531,7.95,-0.2,-0.0252
2010-04-16,589.84,601.33,578.35,595.2,2450329.0,0.0125889068500762,7.75,0.02,0.0026
2010-04-19,589.07,589.07,565.32,565.32,3350800.0,0.0172152021517255,7.77,-0.39,-0.0502
2010-04-20,558.45,564.58,537.0,545.43,2661009.0,0.0136713047220249,7.38,-0.26,-0.0352
2010-04-21,542.34,553.83,542.34,551.53,1925589.0,0.009892981943458,7.12,0.08,0.0112
2010-04-22,551.53,553.83,537.75,544.64,1424935.0,0.007320802219789,7.2,-0.09,-0.0125
2010-04-23,543.1,564.55,541.57,557.66,2098662.0,0.0107821686099273,7.11,0.17,0.0239
2010-04-26,555.36,566.09,543.87,546.17,1478101.0,0.007593949956926,7.28,-0.15,-0.0206
2010-04-27,547.69,548.45,518.58,522.41,2911705.0,0.0149592903728035,7.13,-0.31,-0.0435
2010-04-28,518.56,520.86,504.01,512.43,1362848.0,0.0070018216014309,6.82,-0.13,-0.0191
2010-04-29,515.48,521.61,506.29,507.05,1274747.0,0.0065491904313315,6.69,-0.07,-0.0105
2010-04-30,508.57,510.87,487.89,494.02,1842408.0,0.0094656279592803,6.62,-0.17,-0.0257
2010-05-04,490.94,490.94,469.49,470.26,2009009.0,0.0103215638234559,6.45,-0.31,-0.0481
2010-05-05,474.07,480.19,459.52,479.43,2007311.0,0.0103128401117292,6.14,0.12,0.0195
2010-05-06,486.3,486.3,462.56,467.16,1560779.0,0.008018719708478,6.26,-0.16,-0.0256
2010-05-07,461.02,472.5,451.83,461.78,1511517.0,0.0077656293156171,6.1,-0.07,-0.0115
2010-05-10,463.34,468.7,454.91,466.4,1155009.0,0.0059340197630602,6.03,0.06,0.01
2010-05-11,472.55,476.38,454.93,456.47,1263074.0,0.0064892187664404,6.09,-0.13,-0.0213
2010-05-12,456.49,465.68,444.23,458.02,1194727.0,0.0061380765253445,5.96,0.02,0.0034
2010-05-13,459.57,467.99,451.91,467.22,1848936.0,0.0094991664693813,5.98,0.12,0.0201
2010-05-14,451.14,471.82,451.14,471.06,1858668.0,0.0095491659761679,6.1,0.05,0.0082
2010-05-17,465.71,466.47,447.32,449.62,1648110.0,0.0084673948962279,6.15,-0.28,-0.0455
2010-05-18,448.86,453.45,427.41,450.39,1686494.0,0.0086645980475326,5.87,0.01,0.0017
2010-05-19,450.39,454.22,432.77,453.45,1037007.0,0.0053277680368134,5.88,0.04,0.0068
2010-05-20,451.93,455.76,438.14,440.44,801611.0,0.004118388269084,5.92,-0.17,-0.0287
2010-05-21,432.76,451.91,425.1,448.85,1198425.0,0.0061570755159011,5.75,0.11,0.0191
2010-05-24,451.93,470.31,445.8,467.25,2060925.0,0.0105882895113241,5.86,0.24,0.041
2010-05-25,461.88,463.41,454.22,458.05,1326058.0,0.0068128078473537,6.1,-0.12,-0.0197
2010-05-26,454.22,463.41,454.22,461.12,925052.0,0.004752583616109,5.98,0.04,0.0067
2010-05-27,461.12,465.72,448.1,463.42,1820319.0,0.0093521426422427,6.02,0.03,0.005
2010-05-28,462.64,471.83,456.51,459.57,1326403.0,0.0068145803329519,6.05,-0.05,-0.0083
2010-05-31,459.57,465.7,448.85,450.38,958274.0,0.0049232662727535,6.0,-0.12,-0.02
2010-06-01,448.86,449.62,431.24,435.84,1381357.0,0.0070969141693629,5.88,-0.19,-0.0323
2010-06-02,437.36,448.08,428.93,442.72,768635.0,0.0039489694717355,5.69,0.09,0.0158
2010-06-03,445.76,448.06,430.44,431.21,1125648.0,0.0057831735321969,5.78,-0.15,-0.026
2010-06-04,428.13,438.09,425.07,436.56,679272.0,0.0034898546006944,5.63,0.07,0.0124
2010-06-07,431.97,431.97,415.12,415.12,2646768.0,0.0135981395991161,5.7,-0.28,-0.0491
2010-06-08,413.58,416.65,408.22,412.05,1347515.0,0.006923046176281,5.42,-0.04,-0.0074
2010-06-09,412.81,428.89,406.68,426.6,1750390.0,0.0089928726555923,5.38,0.19,0.0353
2010-06-10,418.92,425.05,418.16,420.45,1344144.0,0.0069057271938131,5.57,-0.08,-0.0144
2010-06-11,423.5,425.03,418.14,421.97,890183.0,0.0045734392673479,5.49,0.02,0.0036
2010-06-17,422.71,432.67,415.82,429.6,2182616.0,0.0112134939893728,5.51,0.1,0.0181
2010-06-18,427.33,428.09,408.18,409.71,1130829.0,0.0058097916420059,5.61,-0.26,-0.0463
2010-06-21,412.77,426.56,408.18,421.96,1030901.0,0.0052963976105455,5.35,0.16,0.0299
2010-06-22,421.96,431.92,421.2,427.32,1345624.0,0.0069133309001473,5.51,0.07,0.0127
2010-06-23,427.3,428.83,418.11,422.71,768917.0,0.0039504182860506,5.58,-0.06,-0.0108
2010-06-24,427.29,431.89,421.17,431.12,1327410.0,0.0068197539358428,5.52,0.11,0.0199
2010-06-25,431.87,435.7,416.56,417.32,1113410.0,0.0057202991010364,5.63,-0.18,-0.032
2010-06-28,437.98,437.98,437.98,437.98,1040780.0,0.0053471523503261,5.45,0.27,0.0495
2010-06-29,460.19,460.19,440.28,460.19,11924536.0,0.0612639661589856,5.72,0.29,0.0507
2010-06-30,440.3,482.41,437.24,463.27,10960838.0,0.0563128333300452,6.01,0.04,0.0067
2010-07-01,457.16,466.35,444.15,452.57,3728922.0,0.0191578566425978,6.05,-0.14,-0.0231
2010-07-02,444.92,475.56,444.92,474.79,5297931.0,0.0272188591234611,5.91,0.29,0.0491
2010-07-05,469.45,478.64,460.26,466.39,3540113.0,0.0181878240822942,6.2,-0.11,-0.0177
2010-07-06,466.37,473.26,449.52,467.13,4132306.0,0.0212302981803714,6.09,0.01,0.0016
2010-07-07,466.35,467.12,452.57,457.93,3125406.0,0.0160572090534248,6.1,-0.12,-0.0197
2010-07-08,454.08,457.14,439.53,445.66,3385030.0,0.0173910635489004,5.98,-0.16,-0.0268
2010-07-09,464.79,467.85,464.79,467.85,3197967.0,0.0164300013070154,5.82,0.29,0.0498
2010-07-13,470.9,491.57,467.84,491.57,10662765.0,0.0547814417367029,6.11,0.31,0.0507
2010-07-14,497.72,509.21,477.81,487.0,8359825.0,0.0429497664223616,6.42,-0.06,-0.0093
2010-07-15,487.75,504.59,480.86,483.15,4934867.0,0.0253535672068997,6.36,-0.05,-0.0079
2010-07-16,477.04,484.7,458.66,469.38,4520239.0,0.023223358051544,6.31,-0.18,-0.0285
2010-07-19,475.52,493.13,470.93,493.13,5498270.0,0.0282481286662194,6.13,0.31,0.0506
2010-07-20,493.14,506.93,487.78,501.57,6072609.0,0.0311988753501815,6.44,0.11,0.0171
2010-07-21,494.66,502.32,490.07,490.83,3799988.0,0.019522968125263,6.55,-0.14,-0.0214
2010-07-22,490.07,508.44,485.47,502.32,4619527.0,0.0237334639937789,6.41,0.15,0.0234
2010-07-23,500.03,505.39,490.84,501.56,3464116.0,0.0177973788996738,6.56,-0.01,-0.0015
2010-07-26,497.76,503.89,493.93,503.12,2620338.0,0.0134623517893781,6.55,0.02,0.0031
2010-07-27,499.29,506.18,493.93,496.23,2743906.0,0.0140971996166087,6.57,-0.09,-0.0137
2010-07-28,494.7,501.59,490.87,497.77,5164123.0,0.0265314018686211,6.48,0.02,0.0031
2010-07-29,500.08,509.27,496.25,503.14,6406447.0,0.0329140146172006,6.5,0.07,0.0108
2010-07-30,500.07,527.64,498.54,510.79,8553173.0,0.0439431187279698,6.57,0.1,0.0152
2010-08-02,513.09,523.04,507.73,516.92,5407195.0,0.0277802181564998,6.67,0.08,0.012
2010-08-03,515.4,520.76,504.68,505.44,3476833.0,0.0178627142601141,6.75,-0.15,-0.0222
2010-08-04,522.29,530.71,522.29,530.71,9833923.0,0.0505231504087094,6.6,0.33,0.05
2010-08-05,534.54,537.61,522.29,525.35,7775490.0,0.0399476638948074,6.93,-0.07,-0.0101
2010-08-06,523.07,529.96,509.29,527.67,5837479.0,0.0299908621945365,6.86,0.03,0.0044
2010-08-09,528.41,528.41,518.45,526.87,3941998.0,0.0202525642985848,6.89,-0.01,-0.0015
2010-08-10,526.12,526.12,500.85,500.85,5748008.0,0.0295311924584385,6.88,-0.34,-0.0494
2010-08-11,493.19,502.38,490.89,495.49,3396663.0,0.0174508297082149,6.54,-0.07,-0.0107
2010-08-12,495.47,503.13,491.64,497.77,3684067.0,0.0189274078266387,6.47,0.03,0.0046
2010-08-13,497.78,505.44,490.89,503.14,3652045.0,0.0187628903372921,6.5,0.07,0.0108
2010-08-16,502.39,512.34,497.79,509.28,3742779.0,0.0192290489119712,6.57,0.08,0.0122
2010-08-17,507.74,516.93,507.74,513.86,3566768.0,0.0183247678609006,6.65,0.06,0.009
2010-08-18,514.62,516.91,505.43,511.55,3483003.0,0.0178944134953046,6.71,-0.03,-0.0045
2010-08-19,513.09,518.45,509.26,512.32,3014105.0,0.0154853846488978,6.68,0.01,0.0015
2010-08-20,509.25,511.54,493.93,494.7,3435935.0,0.0176525950833201,6.69,-0.23,-0.0344
2010-08-23,497.76,519.21,494.7,518.44,5482332.0,0.0281662449692234,6.46,0.31,0.048
2010-08-24,513.06,526.08,511.53,516.89,3611005.0,0.0185520416157012,6.77,-0.02,-0.003
2010-08-25,516.89,529.91,511.53,513.06,5141810.0,0.0264167657203545,6.75,-0.05,-0.0074
2010-08-26,514.61,527.63,513.08,526.86,4319859.0,0.0221938778655697,6.7,0.18,0.0269
2010-08-27,527.63,532.99,516.91,526.86,2596454.0,0.0133396444095907,6.88,0.0,0.0
2010-08-30,525.35,533.01,523.05,529.18,3665505.0,0.0188320429638178,6.88,0.03,0.0044
2010-08-31,526.87,528.4,516.15,521.51,3275508.0,0.0168283790048926,6.91,-0.1,-0.0145
2010-09-01,522.27,526.1,502.36,506.96,3358648.0,0.0172555223458543,6.81,-0.19,-0.0279
2010-09-02,510.79,516.15,505.43,513.09,2330417.0,0.0119728422325468,6.62,0.08,0.0121
2010-09-03,517.68,517.68,503.9,512.32,2790179.0,0.0143349336052583,6.7,-0.01,-0.0015
2010-09-06,512.3,526.09,504.65,521.49,3906299.0,0.0200691557091093,6.69,0.12,0.0179
2010-09-07,519.98,526.87,514.62,522.27,3306127.0,0.01698568838614,6.81,0.01,0.0015
2010-09-08,519.21,526.1,517.68,524.57,2326119.0,0.0119507606583412,6.82,0.03,0.0044
2010-09-09,526.85,534.51,520.72,531.44,5966380.0,0.0306531090527672,6.85,0.09,0.0131
2010-09-10,535.29,535.29,510.02,525.33,4010855.0,0.0206063267357823,6.94,-0.08,-0.0115
2010-09-13,525.35,533.77,520.75,527.64,3394997.0,0.0174422704009496,6.86,0.03,0.0044
2010-09-14,529.97,532.26,523.07,529.97,3180095.0,0.0163381814153908,6.89,0.03,0.0044
2010-09-15,529.18,556.75,528.42,547.56,9228436.0,0.0474123765322495,6.92,0.23,0.0332
2010-09-16,542.17,549.83,519.97,522.26,5588006.0,0.0287091598767624,7.15,-0.33,-0.0462
2010-09-17,522.26,526.86,511.54,517.67,2381485.0,0.0122352112021911,6.82,-0.06,-0.0088
2010-09-20,513.07,522.26,513.07,517.67,1768599.0,0.0090864239316998,6.76,0.0,0.0
2010-09-21,519.19,543.69,518.42,535.27,3568649.0,0.0183344317606402,6.76,0.23,0.034
2010-09-27,539.86,547.52,530.67,542.92,3094737.0,0.0158996427902067,6.99,0.1,0.0143
2010-09-28,543.68,564.35,538.31,552.1,4644814.0,0.0238633794816656,7.09,0.12,0.0169
2010-09-29,552.08,579.64,549.78,567.39,6247397.0,0.0320968730682475,7.21,0.2,0.0277
2010-09-30,565.09,573.52,559.73,567.39,4043078.0,0.0207718768906513,7.41,0.0,0.0
2010-10-08,574.28,576.58,563.56,568.92,4352840.0,0.0223633223511153,7.41,0.02,0.0027
2010-10-11,569.7,573.53,558.22,563.58,5088333.0,0.0261420201773595,7.43,-0.07,-0.0094
2010-10-12,557.43,588.82,557.43,575.81,4655852.0,0.0239200887455281,7.36,0.16,0.0217
2010-10-13,573.5,584.22,567.38,573.5,3669609.0,0.0188531278359769,7.52,-0.03,-0.004
2010-10-14,574.26,578.85,545.16,549.76,4715867.0,0.0242284241750184,7.49,-0.31,-0.0414
2010-10-15,547.45,563.53,539.03,548.22,3539796.0,0.0181861954505997,7.18,-0.02,-0.0028
2010-10-18,545.93,548.23,520.66,528.32,5129013.0,0.026351019348761,7.16,-0.26,-0.0363
2010-10-19,527.56,538.28,525.26,535.98,1897929.0,0.0097508748372395,6.9,0.1,0.0145
2010-10-20,526.79,543.64,524.49,535.98,2414300.0,0.0124038028395938,7.0,0.0,0.0
2010-10-21,535.98,539.04,528.32,535.98,1883856.0,0.0096785728377525,7.0,0.0,0.0
2010-10-22,539.03,539.03,527.55,533.68,2152195.0,0.0110572018607296,7.0,-0.03,-0.0043
2010-10-25,529.09,549.76,527.56,544.4,3071573.0,0.015780634510798,6.97,0.14,0.0201
2010-10-26,541.32,549.74,534.43,548.97,2372711.0,0.0121901335539641,7.11,0.06,0.0084
2010-10-27,545.92,558.17,539.8,552.05,2963546.0,0.0152256307377156,7.17,0.04,0.0056
2010-10-28,549.76,553.59,538.28,541.34,2590781.0,0.0133104985811895,7.21,-0.14,-0.0194
2010-10-29,539.8,567.36,537.5,563.53,4773991.0,0.0245270443283748,7.07,0.29,0.041
2010-11-01,558.94,591.87,554.35,589.57,8643587.0,0.044407633258036,7.36,0.34,0.0462
2010-11-02,584.2,601.81,581.14,582.67,5824140.0,0.02992233122238,7.7,-0.09,-0.0117
2010-11-03,588.82,611.79,581.92,591.88,6705325.0,0.0344495420102719,7.61,0.12,0.0158
2010-11-04,593.44,621.77,590.37,621.77,9936182.0,0.0510485202776462,7.73,0.39,0.0505
2010-11-05,644.74,653.17,644.74,653.17,6872873.0,0.0353103432189735,8.12,0.41,0.0505
2010-11-08,686.12,686.12,621.03,643.24,21663794.0,0.1113007619324758,8.53,-0.13,-0.0152
2010-11-09,639.4,674.62,630.21,673.86,11182293.0,0.0574505892666903,8.4,0.4,0.0476
2010-11-10,663.89,704.47,657.0,686.86,10316225.0,0.0530010441738347,8.8,0.17,0.0193
2010-11-11,679.2,690.69,653.17,656.23,9442123.0,0.048510223285919,8.97,-0.4,-0.0446
2010-11-12,647.02,653.15,623.29,623.29,6231783.0,0.032016653966422,8.57,-0.43,-0.0502
2010-11-15,618.72,618.72,591.92,608.76,5993459.0,0.0307922311904855,8.14,-0.19,-0.0233
2010-11-16,608.77,622.56,578.14,578.14,5982875.0,0.0307378544149174,7.95,-0.4,-0.0503
2010-11-17,572.81,586.59,552.13,561.32,2926312.0,0.0150343358717382,7.55,-0.22,-0.0291
2010-11-18,567.44,580.46,552.13,572.04,4024264.0,0.0206752173426978,7.33,0.14,0.0191
2010-11-19,574.35,575.12,559.03,573.58,3206548.0,0.0164740873908354,7.47,0.02,0.0027
2010-11-22,563.62,592.72,562.09,580.47,3912512.0,0.0201010758627946,7.49,0.09,0.012
2010-11-23,575.11,583.53,551.37,560.56,3216805.0,0.0165267841583149,7.58,-0.26,-0.0343
2010-11-24,560.56,573.58,555.97,572.05,2555108.0,0.0131272235703388,7.32,0.15,0.0205
2010-11-25,572.06,585.84,570.52,579.71,3521246.0,0.0180908922394518,7.47,0.1,0.0134
2010-11-26,578.19,595.04,572.06,586.61,4199726.0,0.0215766778297295,7.57,0.09,0.0119
2010-11-29,581.24,597.32,581.24,590.43,3362284.0,0.0172742028027672,7.66,0.05,0.0065
2010-11-30,587.35,588.88,560.55,560.55,4070015.0,0.0209102694835727,7.71,-0.39,-0.0506
2010-12-01,559.0,562.83,552.87,559.77,1532795.0,0.0078749480070891,7.32,-0.01,-0.0014
2010-12-02,570.46,576.59,560.51,565.87,2125584.0,0.0109204841382575,7.31,0.08,0.0109
2010-12-03,569.69,571.22,548.25,555.91,2421820.0,0.0124424378879945,7.39,-0.13,-0.0176
2010-12-06,552.84,555.14,529.87,535.23,2917530.0,0.0149892171223958,7.26,-0.27,-0.0372
2010-12-07,533.71,545.97,522.99,544.43,1580334.0,0.008119186247238,6.99,0.12,0.0172
2010-12-08,544.42,546.71,535.23,535.99,1210092.0,0.0062170163549558,7.11,-0.11,-0.0155
2010-12-09,535.25,539.08,524.53,526.83,1325002.0,0.0068073825001315,7.0,-0.12,-0.0171
2010-12-10,527.6,543.68,523.77,536.79,1839893.0,0.0094527067961516,6.88,0.13,0.0189
2010-12-13,536.78,546.73,536.01,545.97,1773353.0,0.0091108482694786,7.01,0.12,0.0171
2010-12-14,547.5,547.5,539.84,544.44,1916331.0,0.0098454176777541,7.13,-0.02,-0.0028
2010-12-15,543.69,558.24,541.39,552.11,2348977.0,0.0120681968200889,7.11,0.1,0.0141
2010-12-16,551.37,553.66,544.47,548.3,1488925.0,0.0076495597659538,7.21,-0.05,-0.0069
2010-12-17,548.3,551.37,543.71,548.3,1101966.0,0.0056615039555713,7.16,0.0,0.0
2010-12-20,548.28,554.4,526.84,537.56,1864129.0,0.0095772226250131,7.16,-0.14,-0.0196
2010-12-21,539.87,556.72,538.34,555.19,2576125.0,0.0132352013379235,7.02,0.23,0.0328
2010-12-22,555.21,562.87,549.09,556.74,2396258.0,0.0123111095492687,7.25,0.02,0.0028
2010-12-23,559.04,563.64,552.15,553.68,2582569.0,0.0132683082863136,7.27,-0.04,-0.0055
2010-12-24,551.4,556.76,537.62,550.64,3067768.0,0.015761085792824,7.23,-0.04,-0.0055
2010-12-27,545.26,552.16,529.18,532.24,2668654.0,0.0137105819753524,7.19,-0.24,-0.0334
2010-12-28,524.6,533.02,505.45,506.22,2963862.0,0.0152272542317708,6.95,-0.34,-0.0489
2010-12-29,500.1,512.35,500.1,511.58,1057907.0,0.0054351447005865,6.61,0.07,0.0106
2010-12-30,507.76,518.48,507.76,515.42,684103.0,0.0035146745367082,6.68,0.05,0.0075
2010-12-31,515.41,521.54,513.12,520.01,1370666.0,0.0070419876663773,6.73,0.06,0.0089
2011-01-04,521.53,530.73,514.64,525.36,1484194.0,0.0076252535938815,6.79,0.07,0.0103
2011-01-05,524.62,540.7,516.96,531.51,1564912.0,0.0080399535721801,6.86,0.08,0.0117
2011-01-06,526.13,533.02,523.07,532.26,1360304.0,0.0069887514467592,6.94,0.01,0.0014
2011-01-07,531.47,555.98,529.17,546.79,2356790.0,0.0121083371968381,6.95,0.19,0.0273
2011-01-11,529.94,533.77,521.52,530.71,1494226.0,0.0076767943924926,7.14,-0.21,-0.0294
2011-01-12,530.71,557.51,526.11,557.51,3574561.0,0.0183648054848616,6.93,0.35,0.0505
2011-01-13,560.56,560.56,546.78,548.31,3323483.0,0.0170748572558264,7.28,-0.12,-0.0165
2011-01-14,544.5,560.58,542.97,554.45,2210266.0,0.0113555497191971,7.16,0.08,0.0112
2011-01-17,554.47,554.47,526.9,526.9,1901964.0,0.009771605212279,7.24,-0.36,-0.0497
2011-01-18,524.58,529.94,519.98,524.58,916274.0,0.0047074854173242,6.88,-0.03,-0.0044
2011-01-19,524.56,532.22,520.73,531.45,1001881.0,0.0051473033147227,6.85,0.09,0.0131
2011-01-20,529.94,558.27,526.11,551.38,6848282.0,0.0351840035281197,6.94,0.26,0.0375
2011-01-21,543.7,555.95,538.34,548.29,3967542.0,0.0203838001598011,7.2,-0.04,-0.0056
2011-01-24,549.83,550.59,526.85,526.85,2737273.0,0.0140631216543692,7.16,-0.28,-0.0391
2011-01-25,524.55,552.88,523.02,552.88,3363305.0,0.0172794483326099,6.88,0.34,0.0494
2011-01-26,560.56,571.28,552.14,555.2,5284350.0,0.0271490848425662,7.22,0.03,0.0042
2011-01-27,547.53,556.72,546.77,550.59,3154790.0,0.0162081734499947,7.25,-0.06,-0.0083
2011-01-28,549.8,556.7,545.98,555.16,2058608.0,0.0105763856007996,7.19,0.06,0.0083
2011-01-31,555.16,575.07,553.63,573.54,3813794.0,0.0195938983750263,7.25,0.24,0.0331
2011-02-01,578.89,580.42,565.11,567.4,1779122.0,0.0091404873112636,7.49,-0.08,-0.0107
2011-02-09,567.38,588.82,562.02,575.8,2764435.0,0.0142026702161589,7.41,0.11,0.0148
2011-02-10,575.79,587.28,572.73,578.85,2374072.0,0.0121971258812079,7.52,0.04,0.0053
2011-02-11,574.25,580.37,565.06,572.72,2739621.0,0.0140751848317155,7.56,-0.08,-0.0106
2011-02-14,570.43,579.62,563.54,574.26,2481501.0,0.0127490573459201,7.48,0.02,0.0027
2011-02-15,575.81,593.42,575.81,578.11,2535240.0,0.0130251489504419,7.5,0.05,0.0067
2011-02-16,576.59,607.22,570.46,602.62,6940276.0,0.0356566355284617,7.55,0.32,0.0424
2011-02-17,599.53,611.78,591.11,598.77,3087805.0,0.015864028673782,7.87,-0.05,-0.0064
2011-02-18,604.88,621.73,595.7,616.37,3323293.0,0.0170738811043376,7.82,0.23,0.0294
2011-02-21,612.53,626.32,603.35,620.19,2741146.0,0.0140830197318234,8.05,0.05,0.0062
2011-02-22,620.21,627.87,593.42,597.24,4505886.0,0.0231496175130208,8.1,-0.3,-0.037
2011-02-23,598.02,607.21,591.13,602.62,3107750.0,0.0159664988919139,7.8,0.07,0.009
2011-02-24,601.83,613.32,594.18,609.49,1886717.0,0.0096932716241187,7.87,0.09,0.0114
2011-02-25,603.38,613.33,597.25,601.08,2994723.0,0.0153858069217566,7.96,-0.11,-0.0138
2011-02-28,601.87,630.97,598.81,617.19,3510012.0,0.0180331759982638,7.85,0.21,0.0268
2011-03-01,614.9,624.09,612.6,622.56,2489512.0,0.0127902149752735,8.06,0.07,0.0087
2011-03-02,616.44,627.16,607.25,609.55,2881246.0,0.0148028030138625,8.13,-0.17,-0.0209
2011-03-03,607.25,614.91,593.46,597.29,3047209.0,0.0156554610640914,7.96,-0.16,-0.0201
2011-03-04,595.78,612.62,595.78,611.09,1972818.0,0.0101356275153882,7.8,0.18,0.0231
2011-03-07,611.11,624.13,611.11,614.94,3245450.0,0.0166739518393571,7.98,0.05,0.0063
2011-03-08,612.62,618.75,608.79,617.22,2118570.0,0.0108844487354008,8.03,0.03,0.0037
2011-03-09,617.25,618.78,604.99,608.82,1909962.0,0.00981269605232,8.06,-0.11,-0.0136
2011-03-10,607.31,614.2,603.48,611.14,1692335.0,0.0086946069993555,7.95,0.03,0.0038
2011-03-11,608.82,626.43,604.99,620.3,3329893.0,0.0171077895244765,7.98,0.12,0.015
2011-03-14,617.21,651.67,617.21,647.84,8178969.0,0.0420205935083254,8.1,0.36,0.0444
2011-03-15,639.44,657.06,624.89,649.4,6306241.0,0.0323991923219828,8.46,0.02,0.0024
2011-03-16,647.08,663.92,639.42,651.67,4105519.0,0.0210926762333622,8.48,0.03,0.0035
2011-03-17,643.22,656.23,637.09,647.04,3339643.0,0.0171578815087726,8.51,-0.06,-0.0071
2011-03-18,643.97,653.92,639.38,650.86,2507868.0,0.012884521484375,8.45,0.05,0.0059
2011-03-21,653.14,679.94,651.61,666.16,5060750.0,0.026000308669376,8.5,0.2,0.0235
2011-03-22,659.29,666.18,645.51,647.04,2997106.0,0.0153980499164825,8.7,-0.25,-0.0287
2011-03-23,647.05,653.17,640.16,652.41,2706904.0,0.0139070966829755,8.45,0.07,0.0083
2011-03-24,658.56,673.88,647.08,662.39,3027870.0,0.015556104255445,8.52,0.13,0.0153
2011-03-25,665.46,677.71,659.33,674.65,3581557.0,0.0184007484102088,8.65,0.16,0.0185
2011-03-28,681.54,683.84,667.76,672.35,3430393.0,0.0176241222856823,8.81,-0.03,-0.0034
2011-03-29,670.08,699.18,667.02,685.39,7188265.0,0.0369307135893439,8.78,0.17,0.0194
2011-03-30,686.92,700.71,680.03,689.99,3805073.0,0.0195490930216882,8.95,0.06,0.0067
2011-03-31,687.71,700.73,662.44,664.73,4986833.0,0.0256205497767387,9.01,-0.33,-0.0366
2011-04-01,671.63,681.59,653.25,680.82,3548138.0,0.0182290536385995,8.68,0.21,0.0242
2011-04-06,677.78,714.54,677.78,713.77,11534454.0,0.0592598655007102,8.89,0.43,0.0484
2011-04-07,714.52,724.48,701.51,716.06,6501558.0,0.0334026606395991,9.32,0.03,0.0032
2011-04-08,712.25,752.07,712.25,752.07,9317016.0,0.0478674686316287,9.35,0.47,0.0503
2011-04-11,752.05,781.92,742.09,774.26,11014682.0,0.0565894643867056,9.82,0.29,0.0295
2011-04-12,775.76,813.28,766.57,813.28,9616008.0,0.0494035817155934,10.11,0.51,0.0504
2011-04-20,772.7,772.7,772.7,772.7,399200.0,0.0020509456544612,10.62,-0.53,-0.0499
2011-04-21,734.37,734.37,734.37,734.37,316000.0,0.0016234940551346,10.09,-0.5,-0.0496
2011-04-22,697.58,697.58,697.58,697.58,364600.0,0.0018731833307028,9.59,-0.48,-0.0501
2011-04-25,662.35,673.07,662.35,662.35,12792500.0,0.0657232522161721,9.11,-0.46,-0.0505
2011-04-26,635.56,649.34,629.43,629.43,13037765.0,0.0669833353472879,8.65,-0.43,-0.0497
2011-04-27,634.81,648.59,617.96,624.08,6113480.0,0.0314088558107112,8.22,-0.07,-0.0085
2011-04-28,631.71,655.45,624.06,642.43,10996353.0,0.0564952965938683,8.15,0.24,0.0294
2011-04-29,645.49,645.49,614.86,632.47,6657974.0,0.0342062696463331,8.39,-0.13,-0.0155
2011-05-03,624.04,643.94,620.21,641.65,3806121.0,0.0195544772677951,8.26,0.12,0.0145
2011-05-04,634.74,639.34,621.73,627.85,3621161.0,0.0186042194815998,8.38,-0.18,-0.0215
2011-05-05,620.18,632.43,620.18,628.6,2215660.0,0.0113832621462016,8.2,0.01,0.0012
2011-05-06,624.01,655.4,620.18,645.45,4566352.0,0.0234602700178872,8.21,0.22,0.0268
2011-05-09,640.07,662.27,640.07,649.26,2979809.0,0.0153091841675215,8.43,0.05,0.0059
2011-05-10,646.98,657.69,640.85,650.04,2560133.0,0.013153040208399,8.48,0.01,0.0012
2011-05-11,646.18,652.31,636.99,641.59,2544536.0,0.0130729084464436,8.49,-0.11,-0.013
2011-05-12,638.55,673.0,638.55,656.92,6860053.0,0.0352444786816735,8.38,0.2,0.0239
2011-05-13,662.27,689.83,656.91,689.83,12281597.0,0.063098416826139,8.58,0.43,0.0501
2011-05-16,679.91,696.76,673.02,678.38,6606438.0,0.0339414962614425,9.01,-0.15,-0.0166
2011-05-17,676.06,699.02,666.1,692.9,6216815.0,0.0319397537796585,8.86,0.19,0.0214
2011-05-18,691.39,694.45,679.14,688.33,3355875.0,0.0172412756717566,9.05,-0.06,-0.0066
2011-05-19,689.06,689.82,653.84,653.84,8667221.0,0.0445290562279698,8.99,-0.45,-0.0501
2011-05-20,642.37,651.56,620.93,643.9,7188762.0,0.0369332669961332,8.54,-0.13,-0.0152
2011-05-23,636.98,639.28,619.38,633.92,4986096.0,0.0256167633364899,8.41,-0.13,-0.0155
2011-05-24,632.4,646.95,621.68,642.35,3043945.0,0.0156386918090409,8.28,0.11,0.0133
2011-05-25,636.23,646.18,617.09,623.21,4849643.0,0.0249157170253972,8.39,-0.25,-0.0298
2011-05-26,623.23,631.65,620.17,627.82,2335231.0,0.0119975748286905,8.14,0.06,0.0074
2011-05-27,629.35,637.01,624.76,627.82,2074635.0,0.0106587265477035,8.2,0.0,0.0
2011-05-30,623.99,626.29,596.43,596.43,3792915.0,0.0194866296016808,8.2,-0.41,-0.05
2011-05-31,584.96,598.74,566.58,597.21,4932434.0,0.025341067330203,7.79,0.01,0.0013
2011-06-01,585.73,596.45,581.9,593.38,1626550.0,0.0083566273904408,7.8,-0.05,-0.0064
2011-06-02,588.0,596.42,566.56,590.3,2277046.0,0.0116986412793297,7.75,-0.04,-0.0052
2011-06-03,587.99,620.14,585.69,608.66,2839966.0,0.014590721258812,7.71,0.24,0.0311
2011-06-07,609.44,627.05,602.55,620.16,2379862.0,0.0122268728134206,7.95,0.15,0.0189
2011-06-08,620.16,635.47,615.56,624.75,2391846.0,0.0122884422841698,8.1,0.06,0.0074
2011-06-09,620.94,633.96,610.99,611.76,1695536.0,0.0087110525831228,8.16,-0.17,-0.0208
2011-06-10,611.75,620.17,597.2,617.87,1543446.0,0.0079296690044981,7.99,0.08,0.01
2011-06-13,614.81,630.88,607.91,627.82,2002474.0,0.0102879893498789,8.07,0.13,0.0161
2011-06-14,621.72,633.21,620.19,626.31,1977312.0,0.0101587160669191,8.2,-0.02,-0.0024
2011-06-15,626.31,631.67,624.01,630.13,1677024.0,0.0086159446022727,8.18,0.05,0.0061
2011-06-16,626.31,626.31,605.64,619.42,1616160.0,0.0083032473169191,8.23,-0.14,-0.017
2011-06-17,614.84,619.43,605.65,614.84,975572.0,0.0050121371593539,8.09,-0.06,-0.0074
2011-06-20,611.03,619.46,607.2,612.56,1111824.0,0.0057121508049242,8.03,-0.03,-0.0037
2011-06-21,612.59,627.91,612.59,622.55,1733149.0,0.0089042946144386,8.0,0.13,0.0163
2011-06-22,621.81,629.47,618.74,624.1,1330037.0,0.0068332505145859,8.13,0.02,0.0025
2011-06-23,626.39,630.99,620.27,630.22,1635074.0,0.0084004206288141,8.15,0.08,0.0098
2011-06-24,630.24,650.15,626.41,644.02,3543009.0,0.01820270268604,8.23,0.18,0.0219
2011-06-27,644.8,653.23,633.32,638.68,3724808.0,0.0191367203940446,8.41,-0.07,-0.0083
2011-06-28,636.38,643.27,627.19,638.68,2205928.0,0.0113332626394149,8.34,0.0,0.0
2011-06-29,637.91,644.8,628.72,631.01,2292513.0,0.0117781051481613,8.34,-0.1,-0.012
2011-06-30,634.11,639.47,627.98,634.11,1660075.0,0.0085288667518281,8.24,0.04,0.0049
2011-07-01,639.48,657.87,634.89,650.97,2774364.0,0.0142536818379103,8.28,0.22,0.0266
2011-07-04,651.77,683.93,651.77,678.57,5022433.0,0.0258034497399121,8.5,0.36,0.0424
2011-07-05,680.87,696.19,675.51,689.3,4242809.0,0.0217980227486453,8.86,0.14,0.0158
2011-07-06,687.76,693.12,676.27,690.05,2037500.0,0.0104679403080281,9.0,0.01,0.0011
2011-07-07,686.99,724.52,685.46,720.69,7074518.0,0.0363463225188078,9.01,0.4,0.0444
2011-07-08,718.41,725.31,700.8,719.18,3655802.0,0.0187821924485742,9.41,-0.02,-0.0021
2011-07-11,715.32,719.92,708.43,716.09,2021994.0,0.0103882760712594,9.39,-0.04,-0.0043
2011-07-12,706.93,709.99,680.12,687.01,4880499.0,0.0250742440271859,9.35,-0.38,-0.0406
2011-07-13,681.65,709.99,681.65,702.33,2630936.0,0.0135168004918981,8.97,0.2,0.0223
2011-07-14,706.18,723.03,703.88,719.96,2603125.0,0.013373917602128,9.17,0.23,0.0251
2011-07-15,717.65,751.35,716.11,749.05,4087655.0,0.021000897442853,9.4,0.38,0.0404
2011-07-18,747.48,762.04,734.46,743.66,2886377.0,0.0148291642417008,9.78,-0.07,-0.0072
2011-07-19,741.32,761.23,720.65,755.11,3391079.0,0.0174221411297216,9.71,0.15,0.0154
2011-07-20,752.83,776.57,752.83,769.68,3042930.0,0.0156334771050347,9.86,0.19,0.0193
2011-07-21,761.28,765.88,739.84,744.44,3632434.0,0.0186621360907249,10.05,-0.33,-0.0328
2011-07-22,742.14,772.01,739.85,762.82,2893965.0,0.0148681486495817,9.72,0.24,0.0247
2011-07-25,753.63,766.65,724.53,724.53,4506628.0,0.0231534296414667,9.96,-0.5,-0.0502
2011-07-26,718.43,742.18,712.31,736.05,3248135.0,0.0166877464011863,9.46,0.15,0.0159
2011-07-27,729.13,741.38,716.87,732.96,2076399.0,0.0106677893436316,9.61,-0.04,-0.0042
2011-07-28,731.41,755.15,726.81,752.09,2538125.0,0.0130399710401541,9.57,0.25,0.0261
2011-07-29,756.69,764.35,741.37,747.5,2509731.0,0.0128940929066051,9.82,-0.06,-0.0061
2011-08-01,746.77,750.6,735.28,742.94,2024947.0,0.0104034475204519,9.76,-0.06,-0.0061
2011-08-02,741.39,746.76,706.16,726.08,2332733.0,0.0119847410054319,9.7,-0.22,-0.0227
2011-08-03,713.8,745.2,713.8,730.65,1563451.0,0.0080324474809948,9.48,0.06,0.0063
2011-08-04,732.18,740.6,722.99,727.58,1461207.0,0.0075071546766493,9.54,-0.04,-0.0042
2011-08-05,704.64,712.3,693.15,700.81,2534373.0,0.0130206946170691,9.5,-0.35,-0.0368
2011-08-08,687.05,693.17,665.6,672.49,4702007.0,0.0241572164927267,9.15,-0.37,-0.0404
2011-08-09,651.07,696.26,639.58,685.54,3867796.0,0.0198713411787142,8.78,0.17,0.0194
2011-08-10,688.63,711.61,682.5,684.03,2702709.0,0.0138855442856297,8.95,-0.02,-0.0022
2011-08-11,672.56,697.07,663.36,690.94,2417242.0,0.0124189177747527,8.93,0.09,0.0101
2011-08-12,692.44,703.17,689.38,694.74,1823553.0,0.0093687577681107,9.02,0.05,0.0055
2011-08-15,706.26,716.22,701.66,711.62,2065174.0,0.0106101193411984,9.07,0.22,0.0243
2011-08-16,705.47,714.67,698.58,700.88,1790818.0,0.0092005771418613,9.29,-0.14,-0.0151
2011-08-17,700.85,712.34,698.55,706.98,1677012.0,0.0086158829505997,9.15,0.08,0.0087
2011-08-18,707.0,711.6,689.38,690.15,1700691.0,0.0087375371143071,9.23,-0.22,-0.0238
2011-08-19,674.82,700.1,673.29,698.57,2150912.0,0.0110506102693602,9.01,0.11,0.0122
2011-08-22,690.16,716.2,690.16,703.95,2490890.0,0.0127972946423874,9.12,0.07,0.0077
2011-08-23,701.64,714.66,701.64,709.3,1376309.0,0.007070979365596,9.19,0.07,0.0076
2011-08-24,709.31,726.93,701.65,710.08,1705626.0,0.00876289136482,9.26,0.01,0.0011
2011-08-25,711.58,718.48,703.92,712.35,3094268.0,0.0158972332373211,9.27,0.03,0.0032
2011-08-26,712.34,747.58,708.51,739.92,4131708.0,0.0212272258720012,9.3,0.36,0.0387
2011-08-29,739.12,746.02,720.74,742.95,3238066.0,0.0166360155099168,9.66,0.04,0.0041
2011-08-30,742.95,752.14,736.82,740.65,2623010.0,0.0134760795618949,9.7,-0.03,-0.0031
2011-08-31,739.15,772.85,739.15,764.42,5832063.0,0.0299630367394649,9.67,0.31,0.0321
2011-09-01,765.2,802.73,756.77,759.07,8598334.0,0.0441751396615898,9.98,-0.07,-0.007
2011-09-02,744.51,754.47,725.36,734.55,4550764.0,0.0233801844946864,9.91,-0.32,-0.0323
2011-09-05,729.96,749.87,712.34,734.55,2516869.0,0.0129307653767492,9.59,0.0,0.0
2011-09-06,735.29,763.63,728.4,751.38,3684801.0,0.0189311788539693,9.59,0.22,0.0229
2011-09-07,746.78,759.04,738.36,751.38,2496009.0,0.0128235942185527,9.81,0.0,0.0
2011-09-08,752.89,760.55,745.23,752.13,2626321.0,0.013493090285998,9.81,0.01,0.001
2011-09-09,751.33,762.05,714.57,724.52,4699983.0,0.0241468179105508,9.82,-0.36,-0.0367
2011-09-13,708.46,708.46,688.55,700.04,3326897.0,0.0170923971567892,9.46,-0.32,-0.0338
2011-09-14,709.26,716.15,687.81,706.2,2071812.0,0.0106442229916351,9.14,0.08,0.0088
2011-09-15,706.16,710.76,689.31,703.87,1860033.0,0.0095561788539693,9.22,-0.03,-0.0033
2011-09-16,703.08,707.68,693.89,702.32,1870069.0,0.0096077402031381,9.19,-0.02,-0.0022
2011-09-19,702.31,702.31,685.46,693.89,1813903.0,0.0093191795477562,9.17,-0.11,-0.012
2011-09-20,694.67,716.12,687.01,709.22,3430206.0,0.0176231615471117,9.06,0.2,0.0221
2011-09-21,704.63,723.78,703.86,720.71,2031123.0,0.0104351775814788,9.26,0.15,0.0162
2011-09-22,721.46,723.0,696.96,703.85,1830124.0,0.0094025171967066,9.41,-0.22,-0.0234
2011-09-23,690.05,726.81,689.28,715.32,2965488.0,0.0152356080334595,9.19,0.15,0.0163
2011-09-26,709.98,722.24,690.07,703.09,1421976.0,0.0073055999447601,9.34,-0.16,-0.0171
2011-09-27,703.09,709.98,696.2,703.09,1169192.0,0.0060068869028829,9.18,0.0,0.0
2011-09-28,708.43,708.43,693.11,693.88,1275986.0,0.0065555559665667,9.18,-0.12,-0.0131
2011-09-29,693.86,693.86,659.39,659.39,4014479.0,0.0206249455410222,9.06,-0.45,-0.0497
2011-09-30,657.08,669.33,626.45,660.91,2620342.0,0.0134623723399358,8.61,0.02,0.0023
2011-10-10,657.07,675.45,650.94,671.62,1779636.0,0.0091431280579229,8.63,0.14,0.0162
2011-10-11,677.77,693.09,673.94,678.53,1645152.0,0.0084521977588383,8.77,0.09,0.0103
2011-10-12,673.95,692.33,673.95,691.56,1241650.0,0.0063791499796138,8.86,0.17,0.0192
2011-10-13,691.54,699.19,685.41,695.37,1140441.0,0.0058591746320628,9.03,0.05,0.0055
2011-10-14,694.63,729.86,688.5,729.86,4711614.0,0.0242065737945864,9.08,0.45,0.0496
2011-10-17,726.83,738.31,719.93,724.53,2146559.0,0.0110282461249868,9.53,-0.07,-0.0073
2011-10-18,722.22,732.94,706.9,709.96,2010474.0,0.0103290904651988,9.46,-0.19,-0.0201
2011-10-19,715.32,715.32,699.23,713.02,920599.0,0.004729705707794,9.27,0.04,0.0043
2011-10-20,713.02,718.38,680.85,692.34,2072965.0,0.0106501466898805,9.31,-0.27,-0.029
2011-10-21,690.02,707.64,683.89,696.15,1403538.0,0.0072108721492266,9.04,0.05,0.0055
2011-10-24,703.81,704.57,685.43,701.51,1365751.0,0.0070167361686526,9.09,0.07,0.0077
2011-10-25,703.05,713.77,691.56,711.47,1601436.0,0.0082276007141729,9.16,0.13,0.0142
2011-10-26,712.23,719.12,696.91,714.53,1664538.0,0.0085517960365372,9.29,0.04,0.0043
2012-05-28,678.52,678.52,678.52,678.52,11000.0,5.6514033564814815e-05,9.33,-0.47,-0.0504
2012-05-29,644.79,644.79,644.79,644.79,206300.0,0.001059895011311,8.86,-0.44,-0.0497
2012-05-30,612.62,612.62,612.62,612.62,243600.0,0.0012515289614898,8.42,-0.42,-0.0499
2012-05-31,581.99,581.99,581.99,581.99,454100.0,0.0023330020583438,8.0,-0.4,-0.05
2012-06-01,552.89,552.89,552.89,552.89,605200.0,0.0031092993739478,7.6,-0.38,-0.05
2012-06-04,525.3,525.3,525.3,525.3,401800.0,0.0020643035169402,7.22,-0.36,-0.0499
2012-06-05,499.24,499.24,499.24,499.24,904200.0,0.0046454535590277,6.86,-0.34,-0.0496
2012-06-06,473.98,473.98,473.98,473.98,1114900.0,0.0057279541837647,6.52,-0.33,-0.0506
2012-06-07,450.24,450.24,450.24,450.24,995400.0,0.0051140062736742,6.19,-0.31,-0.0501
2012-06-08,428.04,464.79,428.04,435.69,34301676.0,0.176229642617582,5.88,-0.19,-0.0323
2012-06-11,418.1,427.29,414.27,420.4,22403764.0,0.1151024609703808,5.69,-0.2,-0.0351
2012-06-12,413.52,441.08,413.52,441.08,23625764.0,0.1213806563354903,5.49,0.27,0.0492
2012-06-13,439.53,463.27,432.64,463.27,10779416.0,0.0553807525121001,5.76,0.29,0.0503
2012-06-14,485.49,486.26,446.44,454.1,29567040.0,0.1519047900883838,6.05,-0.12,-0.0198
2012-06-15,440.32,477.08,440.32,477.08,21111456.0,0.1084630484532828,5.93,0.3,0.0506
2012-06-26,453.36,497.77,453.36,455.66,19584092.0,0.1006160029658564,6.23,-0.28,-0.0449
2012-06-27,447.24,453.37,432.69,432.69,11591253.0,0.0595516782818418,5.95,-0.3,-0.0504
2012-06-28,424.28,454.15,421.22,454.15,14720816.0,0.0756302445023148,5.65,0.28,0.0496
2012-06-29,458.76,468.71,441.14,449.56,10250951.0,0.052665689898661,5.93,-0.06,-0.0101
2012-07-02,444.19,448.78,429.64,435.76,8541454.0,0.0438829107316656,5.87,-0.18,-0.0307
2012-07-03,436.51,452.59,431.91,440.34,7682955.0,0.0394722524315419,5.69,0.06,0.0105
2012-07-04,436.51,440.34,425.79,426.56,6507653.0,0.0334339745518334,5.75,-0.18,-0.0313
2012-07-05,428.84,428.84,405.1,405.1,8004993.0,0.0411267675534643,5.57,-0.28,-0.0503
2012-07-06,408.15,408.15,385.94,402.02,7514463.0,0.0386066012912326,5.29,-0.04,-0.0076
2012-07-09,396.65,421.15,394.35,406.6,8014859.0,0.0411774555039325,5.25,0.06,0.0114
2012-07-10,405.08,421.16,402.78,411.97,5008925.0,0.0257340505066945,5.31,0.07,0.0132
2012-07-11,405.84,408.9,391.29,396.65,5389776.0,0.0276907256155303,5.38,-0.2,-0.0372
2012-07-12,395.87,406.59,392.04,405.06,5555959.0,0.0285445139464304,5.18,0.11,0.0212
2012-07-13,402.74,405.81,398.15,401.98,4063466.0,0.0208766230830439,5.29,-0.04,-0.0076
2012-07-16,397.38,421.88,397.38,421.11,10885285.0,0.055924669259325,5.25,0.25,0.0476
2012-07-17,415.77,421.13,400.46,415.0,6625890.0,0.0340414336233428,5.5,-0.08,-0.0145
2012-07-18,409.64,434.91,402.75,430.32,9061602.0,0.0465552435980902,5.42,0.2,0.0369
2012-07-19,424.95,435.67,422.65,425.71,6712292.0,0.0344853359440761,5.62,-0.06,-0.0107
2012-07-20,421.88,426.47,412.69,417.28,4773193.0,0.0245229444921217,5.56,-0.11,-0.0198
2012-07-23,412.68,412.68,396.6,400.43,4919370.0,0.0252739492088857,5.45,-0.22,-0.0404
2012-07-24,396.61,403.5,389.72,398.91,2692685.0,0.0138340445881339,5.23,-0.02,-0.0038
2012-07-25,396.6,402.73,396.6,399.66,2447910.0,0.0125764789003314,5.21,0.01,0.0019
2012-07-26,398.15,402.74,391.26,392.79,2764659.0,0.0142038210473879,5.22,-0.09,-0.0172
2012-07-27,394.32,395.08,382.83,388.19,3333488.0,0.0171262593381734,5.13,-0.06,-0.0117
2012-07-30,369.06,369.06,369.06,369.06,667200.0,0.0034278330176767,5.07,-0.25,-0.0493
2012-07-31,350.68,350.68,350.68,350.68,185200.0,0.0009514908196548,4.82,-0.24,-0.0498
2012-08-01,333.07,339.2,333.07,333.07,8136341.0,0.0418015862153435,4.58,-0.23,-0.0502
2012-08-02,320.05,333.06,316.22,316.22,9285665.0,0.0477063984983296,4.35,-0.22,-0.0506
2012-08-03,310.85,313.14,300.13,307.02,15032168.0,0.0772298588094486,4.13,-0.12,-0.0291
2012-08-06,300.9,311.62,296.31,311.62,9630520.0,0.0494781391387836,4.01,0.06,0.015
2012-08-07,311.61,326.92,305.49,326.92,11486014.0,0.0590109982474484,4.07,0.2,0.0491
2012-08-08,323.1,327.69,310.85,313.91,10261412.0,0.0527194347445812,4.27,-0.17,-0.0398
2012-08-09,312.39,322.34,309.33,319.28,6794375.0,0.0349070488001762,4.1,0.07,0.0171
2012-08-10,317.74,322.34,315.45,315.45,5160229.0,0.0265113959007391,4.17,-0.05,-0.012
2012-08-13,316.2,316.2,299.36,299.36,6619406.0,0.034008121169376,4.12,-0.21,-0.051
2012-08-14,297.83,302.42,284.81,294.0,6062746.0,0.0311482028126315,3.91,-0.07,-0.0179
2012-08-15,293.24,295.54,287.88,291.71,3448937.0,0.0177193946709937,3.84,-0.03,-0.0078
2012-08-16,290.95,305.5,288.65,300.14,6346582.0,0.0326064498336226,3.81,0.11,0.0289
2012-08-17,301.68,313.93,298.62,308.57,6582200.0,0.0338169701573021,3.92,0.11,0.0281
2012-08-20,307.03,313.92,300.14,307.03,4364669.0,0.0224240954877551,4.03,-0.02,-0.005
2012-08-21,306.25,317.74,306.25,314.67,6501624.0,0.0334029997238005,4.01,0.1,0.0249
2012-08-22,311.62,330.76,311.62,330.0,13016882.0,0.0668760460233848,4.11,0.2,0.0487
2012-08-23,326.16,343.77,323.87,342.24,11180797.0,0.0574429033581255,4.31,0.16,0.0371
2012-08-24,336.89,339.95,325.4,325.4,8560611.0,0.0439813324899384,4.47,-0.22,-0.0492
2012-08-27,318.53,324.65,309.34,313.17,7908699.0,0.0406320437036379,4.25,-0.16,-0.0376
2012-08-28,311.63,320.05,299.38,316.99,4009977.0,0.0206018158883759,4.09,0.05,0.0122
2012-08-29,315.45,316.21,304.73,308.56,4038382.0,0.0207477505359585,4.14,-0.11,-0.0266
2012-08-30,304.73,315.45,302.44,309.33,4359643.0,0.0223982737120554,4.03,0.01,0.0025
2012-08-31,307.8,323.12,303.21,319.29,5730982.0,0.029443719009759,4.04,0.13,0.0322
2012-09-03,316.99,320.82,311.63,320.06,4205082.0,0.0216041950264362,4.17,0.01,0.0024
2012-09-04,321.58,333.83,320.82,328.47,5278183.0,0.027117401020294,4.18,0.11,0.0263
2012-09-05,325.41,331.54,318.52,328.47,3668379.0,0.0188468085394965,4.29,0.0,0.0
2012-09-06,327.72,333.08,323.12,327.72,2829700.0,0.0145379782525778,4.29,-0.01,-0.0023
2012-09-07,330.77,338.43,326.94,334.6,6298841.0,0.0323611737903119,4.28,0.09,0.021
2012-09-10,333.08,336.91,330.02,336.91,5156245.0,0.0264909275453098,4.37,0.03,0.0069
2012-09-11,339.21,353.75,338.44,353.75,8942009.0,0.0459408178875341,4.4,0.22,0.05
2012-09-12,353.74,366.76,349.91,352.98,9972522.0,0.0512352220939867,4.62,-0.01,-0.0022
2012-09-13,349.91,359.1,342.26,343.02,5864715.0,0.0301307909416429,4.61,-0.13,-0.0282
2012-09-14,342.27,349.93,339.97,346.86,4176632.0,0.0214580291850799,4.48,0.05,0.0112
2012-09-17,346.85,361.4,339.96,340.72,5332058.0,0.0273941913437763,4.53,-0.08,-0.0177
2012-09-18,336.12,340.71,323.87,331.52,4194978.0,0.0215522843177872,4.45,-0.12,-0.027
2012-09-19,329.23,333.82,326.16,331.52,3146637.0,0.0161662862758443,4.33,0.0,0.0
2012-09-20,331.52,336.11,323.86,324.63,4164162.0,0.0213939628215751,4.33,-0.09,-0.0208
2012-09-21,322.34,325.4,308.56,308.56,5425020.0,0.0278717965790719,4.24,-0.21,-0.0495
2012-09-24,307.8,310.86,293.25,309.33,3651454.0,0.0187598539923979,4.03,0.01,0.0025
2012-09-25,308.56,310.85,300.9,305.5,2472880.0,0.0127047657565235,4.04,-0.05,-0.0124
2012-09-26,304.72,309.31,295.53,297.06,2598568.0,0.0133505053793139,3.99,-0.11,-0.0276
2012-09-27,297.08,306.27,297.08,305.5,3546928.0,0.0182228370949074,3.88,0.11,0.0284
2012-09-28,303.96,313.15,302.43,310.08,2959522.0,0.0152049568767098,3.99,0.06,0.015
2012-10-08,310.84,323.85,306.24,321.56,3733379.0,0.0191807551014704,4.05,0.15,0.037
2012-10-09,318.49,329.98,317.73,325.38,3650638.0,0.0187556616786353,4.2,0.05,0.0119
2012-10-10,323.86,336.11,323.09,332.28,4342884.0,0.0223121720130997,4.25,0.09,0.0212
2012-10-11,330.73,349.11,326.91,340.69,8436699.0,0.043344717314749,4.34,0.11,0.0253
2012-10-12,339.93,347.59,323.86,336.87,8303046.0,0.0426580563940183,4.45,-0.05,-0.0112
2012-10-15,334.57,353.71,330.75,353.71,15402459.0,0.0791322804460621,4.4,0.22,0.05
2012-10-16,353.72,362.91,344.54,349.89,8778823.0,0.0451024270619607,4.62,-0.05,-0.0108
2012-10-17,349.13,351.43,334.59,350.66,4345341.0,0.0223247951931423,4.57,0.01,0.0022
2012-10-18,346.83,355.25,346.83,349.89,4947706.0,0.0254195293593486,4.58,-0.01,-0.0022
2012-10-19,349.13,361.38,347.6,356.79,5274158.0,0.0270967220216487,4.57,0.09,0.0197
2012-10-22,355.24,365.96,349.12,359.07,4992384.0,0.0256490688131313,4.66,0.03,0.0064
2012-10-23,360.6,362.13,349.11,349.88,4698822.0,0.02414085311119,4.69,-0.12,-0.0256
2012-10-24,349.1,367.48,337.62,367.48,12135404.0,0.0623473299071443,4.57,0.23,0.0503
2012-10-25,371.31,371.31,349.11,349.87,9323387.0,0.0479002005323416,4.8,-0.23,-0.0479
2012-10-26,344.5,364.4,342.2,346.8,6422402.0,0.0329959856540667,4.57,-0.04,-0.0088
2012-10-29,348.32,350.62,331.48,337.61,4643022.0,0.0238541728318339,4.53,-0.12,-0.0265
2012-10-30,336.83,342.19,333.77,334.53,2729554.0,0.0140234642157249,4.41,-0.04,-0.0091
2012-10-31,335.31,351.39,335.31,343.73,4877005.0,0.0250562931150699,4.37,0.12,0.0275
2012-11-01,344.5,357.52,340.68,354.46,4648265.0,0.0238811094752867,4.49,0.14,0.0312
2012-11-02,354.47,369.02,352.17,362.89,6165056.0,0.0316738347011784,4.63,0.11,0.0238
2012-11-05,360.61,374.39,358.31,368.26,5469050.0,0.0280980068425136,4.74,0.07,0.0148
2012-11-06,365.95,372.07,353.7,362.89,5071332.0,0.0260546751696654,4.81,-0.07,-0.0146
2012-11-07,362.89,364.43,354.47,361.36,3479706.0,0.0178774746981534,4.74,-0.02,-0.0042
2012-11-08,358.31,359.07,345.29,348.35,3352495.0,0.0172239104505339,4.72,-0.17,-0.036
2012-11-09,346.81,365.95,346.81,365.95,9086950.0,0.0466854724819812,4.55,0.23,0.0505
2012-11-12,363.66,369.78,359.06,368.25,7245151.0,0.0372229733451046,4.78,0.03,0.0063
2012-11-13,368.25,368.25,349.88,349.88,5537864.0,0.0284515483612163,4.81,-0.24,-0.0499
2012-11-14,346.06,352.18,332.28,345.29,5341595.0,0.027443189010877,4.57,-0.06,-0.0131
2012-11-15,336.86,345.28,332.27,333.03,2828215.0,0.0145303488580466,4.51,-0.16,-0.0355
2012-11-16,333.04,339.93,329.97,336.86,2398057.0,0.0123203521625762,4.35,0.05,0.0115
2012-11-19,333.81,344.53,325.39,343.0,2309400.0,0.0118648644649621,4.4,0.08,0.0182
2012-11-20,348.34,354.47,340.69,341.45,3430545.0,0.0176249032068734,4.48,-0.02,-0.0045
2012-11-21,338.4,346.82,333.81,344.52,2287699.0,0.0117533725520175,4.46,0.04,0.009
2012-11-22,343.75,346.81,339.92,342.22,1767305.0,0.0090797758262968,4.5,-0.03,-0.0067
2012-11-23,344.5,347.57,340.68,340.68,1733628.0,0.0089067555437184,4.47,-0.02,-0.0045
2012-11-26,340.69,345.29,338.4,339.93,1262384.0,0.0064856737952441,4.45,-0.01,-0.0022
2012-11-27,338.41,339.94,323.1,323.1,3261799.0,0.0167579471061526,4.44,-0.22,-0.0495
2012-11-28,313.14,313.14,307.01,307.01,2834700.0,0.0145636664496527,4.22,-0.21,-0.0498
2012-11-29,296.3,310.08,294.77,299.37,3154281.0,0.0162055583915325,4.01,-0.1,-0.0249
2012-11-30,297.07,305.49,296.31,303.2,2873228.0,0.0147616094210332,3.91,0.05,0.0128
2012-12-03,287.89,294.01,287.89,287.89,6409189.0,0.0329281020244765,3.96,-0.2,-0.0505
2012-12-04,280.22,287.11,273.33,283.28,5149570.0,0.0264566338022148,3.76,-0.06,-0.016
2012-12-05,283.27,296.29,277.15,293.22,5275573.0,0.0271039917814209,3.7,0.13,0.0351
2012-12-06,293.21,297.81,290.92,295.51,2642697.0,0.0135772242690577,3.83,0.03,0.0078
2012-12-07,296.27,303.16,292.44,300.86,3972891.0,0.0204112813930318,3.86,0.07,0.0181
2012-12-10,301.64,308.53,300.87,307.0,3265050.0,0.0167746495718907,3.93,0.08,0.0204
2012-12-11,306.99,311.59,303.16,305.46,3157712.0,0.0162231856323653,4.01,-0.02,-0.005
2012-12-12,303.94,307.0,298.58,303.17,2701191.0,0.0138777453489977,3.99,-0.03,-0.0075
2012-12-13,303.16,309.28,299.33,301.62,1994065.0,0.0102447869400384,3.96,-0.02,-0.0051
2012-12-14,299.32,313.87,299.32,313.87,5233708.0,0.0268889045073127,3.94,0.16,0.0406
2012-12-17,309.28,316.93,306.21,310.04,6287511.0,0.0323029643357402,4.1,-0.05,-0.0122
2012-12-18,308.52,308.52,300.1,306.23,6162121.0,0.0316587557294954,4.05,-0.05,-0.0123
2012-12-19,305.46,314.65,302.4,310.82,5622659.0,0.0288871944954098,4.0,0.06,0.015
2012-12-20,308.54,323.85,307.01,313.9,6433456.0,0.0330527771201599,4.06,0.04,0.0099
2012-12-21,314.65,317.71,306.23,310.82,4162252.0,0.0213841499302925,4.1,-0.04,-0.0098
2012-12-24,308.51,313.87,306.22,310.04,3520698.0,0.0180880768130523,4.06,-0.01,-0.0025
2012-12-25,307.75,315.4,302.39,312.34,4852437.0,0.0249300715899226,4.05,0.03,0.0074
2012-12-26,313.1,320.76,310.81,319.99,5259590.0,0.0270218768906513,4.08,0.1,0.0245
2012-12-27,321.52,335.29,317.69,327.64,7132104.0,0.036642178622159,4.18,0.1,0.0239
2012-12-28,323.82,343.73,319.99,343.73,9086452.0,0.0466829139375526,4.28,0.21,0.0491
2012-12-31,344.49,352.91,333.01,338.36,10444506.0,0.0536601056956281,4.49,-0.07,-0.0156
2013-01-04,331.47,331.47,321.51,321.51,1598700.0,0.0082135441327335,4.42,-0.22,-0.0498
2013-01-07,314.62,328.4,312.33,325.34,4016969.0,0.0206377382631655,4.2,0.05,0.0119
2013-01-08,323.03,340.64,322.27,332.99,3674140.0,0.0188764064801662,4.25,0.1,0.0235
2013-01-09,332.98,337.58,325.33,332.22,3849895.0,0.0197793722955466,4.35,-0.01,-0.0023
2013-01-10,332.99,333.75,328.39,330.69,2340927.0,0.0120268388227982,4.34,-0.02,-0.0046
2013-01-11,331.45,341.4,329.16,331.45,4102949.0,0.0210794725000657,4.32,0.01,0.0023
2013-01-14,332.98,343.7,329.92,339.11,4192002.0,0.0215369947028882,4.33,0.1,0.0231
2013-01-15,341.39,345.22,339.09,343.69,3746190.0,0.0192465734000157,4.43,0.06,0.0135
2013-01-16,343.69,350.58,341.39,349.05,4397621.0,0.0225933909817576,4.49,0.07,0.0156
2013-01-17,349.04,352.1,345.22,347.51,3495183.0,0.0179569899433791,4.56,-0.02,-0.0044
2013-01-18,350.57,350.57,339.86,349.04,3923968.0,0.0201599326599326,4.54,0.02,0.0044
2013-01-21,349.03,366.63,345.97,366.63,7287694.0,0.0374415439387363,4.56,0.23,0.0504
2013-01-22,367.41,385.01,362.05,374.3,11729706.0,0.0602629998717645,4.79,0.1,0.0209
2013-01-23,372.02,385.8,363.6,366.66,6328158.0,0.032511793965041,4.89,-0.1,-0.0204
2013-01-24,364.37,374.32,359.01,362.08,4972234.0,0.0255455453789194,4.79,-0.06,-0.0125
2013-01-25,363.59,380.43,359.0,380.43,8219309.0,0.0422278458823258,4.73,0.24,0.0507
2013-01-28,380.44,398.05,376.61,391.92,7521463.0,0.0386425647671375,4.97,0.15,0.0302
2013-01-29,387.33,397.28,383.5,390.39,5370121.0,0.0275897453128288,5.12,-0.02,-0.0039
2013-01-30,393.47,409.54,388.11,402.65,6219125.0,0.0319516217267071,5.1,0.16,0.0314
2013-01-31,403.42,410.31,390.41,393.47,5253943.0,0.0269928646408748,5.26,-0.12,-0.0228
2013-02-01,389.64,405.72,388.88,393.47,4146697.0,0.0213042339491924,5.14,0.0,0.0
2013-02-04,391.93,393.47,373.56,373.56,6718132.0,0.0345153397582596,5.14,-0.26,-0.0506
2013-02-05,369.74,386.58,368.21,379.69,2914969.0,0.014976059627854,4.88,0.08,0.0164
2013-02-06,379.69,392.7,375.1,388.88,3581835.0,0.0184021766739662,4.96,0.12,0.0242
2013-02-07,390.42,404.2,384.3,399.61,4651972.0,0.023900154704598,5.08,0.14,0.0276
2013-02-08,406.51,406.51,383.54,393.5,4052427.0,0.0208199086815419,5.22,-0.08,-0.0153
2013-02-18,394.25,413.39,391.19,407.27,4861354.0,0.024975883920586,5.14,0.18,0.035
2013-02-19,404.98,410.34,395.79,400.39,4343403.0,0.0223148384479561,5.32,-0.09,-0.0169
2013-02-20,400.39,407.28,394.27,405.75,2829242.0,0.0145356252137258,5.23,0.07,0.0134
2013-02-21,401.92,402.69,386.61,388.14,4467678.0,0.0229533185862531,5.3,-0.23,-0.0434
2013-02-22,386.61,396.57,386.61,391.21,1992016.0,0.0102342599168771,5.07,0.04,0.0079
2013-02-25,391.21,395.81,390.45,395.04,1767642.0,0.0090815072107796,5.11,0.05,0.0098
2013-02-26,394.28,397.34,386.62,388.92,2655270.0,0.0136418198094223,5.16,-0.08,-0.0155
2013-02-27,386.62,391.98,381.26,386.62,3519085.0,0.018079789800676,5.08,-0.03,-0.0059
2013-02-28,388.14,390.44,378.95,388.9,3638796.0,0.018694821752683,5.05,0.03,0.0059
2013-03-01,386.62,401.17,384.33,399.64,4463724.0,0.0229330043600063,5.08,0.14,0.0276
2013-03-04,396.59,399.65,379.75,383.57,5089110.0,0.0261460121231849,5.22,-0.21,-0.0402
2013-03-05,381.29,399.67,380.53,392.01,2686222.0,0.0138008400245949,5.01,0.11,0.022
2013-03-06,394.32,401.21,392.79,397.38,3573054.0,0.0183570630622632,5.12,0.07,0.0137
2013-03-07,397.37,397.37,385.12,389.71,3552681.0,0.0182523939344618,5.19,-0.1,-0.0193
2013-03-08,389.73,398.92,387.43,395.09,5120003.0,0.026304729217632,5.09,0.07,0.0138
2013-03-11,394.34,402.0,392.05,398.17,3083083.0,0.0158397687404645,5.16,0.04,0.0078
2013-03-12,398.96,418.1,396.66,416.57,10949503.0,0.0562545981872764,5.2,0.24,0.0462
2013-03-13,411.96,426.51,405.84,421.15,6522607.0,0.0335108028116451,5.44,0.06,0.011
2013-03-14,417.33,433.41,415.79,416.56,4110254.0,0.0211170029559922,5.5,-0.06,-0.0109
2013-03-15,417.34,436.49,413.51,435.72,5961069.0,0.0306258230498342,5.44,0.25,0.046
2013-03-18,430.35,447.2,424.23,437.25,5481740.0,0.0281632034866898,5.69,0.02,0.0035
2013-03-19,431.89,438.79,420.41,428.06,4094335.0,0.021035216874145,5.71,-0.12,-0.021
2013-03-20,420.4,421.93,409.68,420.4,7770428.0,0.0399216571640888,5.59,-0.1,-0.0179
2013-03-21,418.1,428.06,415.04,424.23,4436894.0,0.0227951614945023,5.49,0.05,0.0091
2013-03-22,424.21,427.27,414.25,415.79,4171957.0,0.0214340107208149,5.54,-0.11,-0.0199
2013-03-25,411.97,424.99,410.44,418.86,4391512.0,0.0225620051425715,5.43,0.04,0.0074
2013-03-26,418.88,434.2,416.59,431.14,4372303.0,0.0224633162270491,5.47,0.16,0.0293
2013-03-27,431.14,433.43,425.01,428.07,3354282.0,0.0172330914121685,5.63,-0.04,-0.0071
2013-03-28,425.76,438.01,417.34,425.76,4387129.0,0.0225394868690156,5.59,-0.03,-0.0054
2013-03-29,425.78,447.22,424.25,447.22,6741299.0,0.0346343634505866,5.56,0.28,0.0504
2013-04-01,444.16,453.35,444.16,447.22,4902981.0,0.0251897484365135,5.84,0.0,0.0
2013-04-02,447.99,469.43,443.39,465.6,7355279.0,0.0377887712985979,5.84,0.24,0.0411
2013-04-03,462.56,476.34,442.65,442.65,7387990.0,0.0379568286215014,6.08,-0.3,-0.0493
2013-04-08,435.73,439.56,420.42,431.14,5149785.0,0.026457738394689,5.78,-0.15,-0.026
2013-04-09,432.66,444.91,429.6,443.38,2272259.0,0.0116740473994502,5.63,0.16,0.0284
2013-04-10,441.09,465.6,440.33,454.11,3587230.0,0.01842989423861,5.79,0.14,0.0242
2013-04-11,451.06,464.84,444.93,449.53,2025369.0,0.010405615604285,5.93,-0.06,-0.0101
2013-04-12,447.23,459.48,447.23,451.05,1727960.0,0.0088776354035143,5.87,0.02,0.0034
2013-04-15,448.77,448.77,428.86,428.86,4130066.0,0.0212187898680818,5.89,-0.29,-0.0492
2013-04-16,421.22,428.12,407.44,425.82,2856947.0,0.0146779635137179,5.6,-0.04,-0.0071
2013-04-17,417.39,431.18,416.63,425.05,1586297.0,0.0081498219910695,5.56,-0.01,-0.0018
2013-04-18,423.51,437.3,421.22,430.41,1779189.0,0.0091408315331044,5.55,0.07,0.0126
2013-04-19,430.42,438.08,427.36,431.96,2030880.0,0.010433929135101,5.62,0.02,0.0036
2013-04-22,430.42,430.42,411.27,428.89,3181602.0,0.0163459238379892,5.64,-0.04,-0.0071
2013-04-23,427.34,431.17,415.09,415.85,2395169.0,0.0123055146599458,5.6,-0.17,-0.0304
2013-04-24,418.91,421.21,410.49,419.68,2619148.0,0.0134562379984743,5.43,0.05,0.0092
2013-04-25,418.13,420.43,398.99,398.99,5114984.0,0.0262789434054082,5.48,-0.27,-0.0493
2013-04-26,392.08,398.97,386.72,389.01,2281599.0,0.0117220329515861,5.21,-0.13,-0.025
2013-05-02,388.25,391.31,382.89,386.72,2024146.0,0.0103993322712805,5.08,-0.03,-0.0059
2013-05-03,382.87,398.19,382.87,392.83,1918793.0,0.0098580665459937,5.05,0.08,0.0158
2013-05-06,391.28,408.13,391.28,402.77,1669601.0,0.0085778079048953,5.13,0.13,0.0253
2013-05-07,402.77,404.3,398.17,402.77,1788470.0,0.0091885139645149,5.26,0.0,0.0
2013-05-08,402.77,407.36,397.41,400.47,1748673.0,0.0089840513287168,5.26,-0.03,-0.0057
2013-05-09,400.48,417.33,398.19,411.2,2940864.0,0.015109098800505,5.23,0.14,0.0268
2013-05-10,414.28,414.28,405.09,411.98,1468336.0,0.0075437809080387,5.37,0.01,0.0019
2013-05-13,408.15,411.97,404.32,409.68,1781990.0,0.0091552220611058,5.38,-0.03,-0.0056
2013-05-14,409.7,410.46,402.04,405.87,1434016.0,0.0073674571233164,5.35,-0.05,-0.0093
2013-05-15,406.64,415.83,403.58,412.77,1754751.0,0.0090152779010811,5.3,0.09,0.017
2013-05-16,412.75,421.18,411.22,417.35,1564824.0,0.0080395014599116,5.39,0.06,0.0111
2013-05-17,415.05,419.65,413.52,417.35,1809539.0,0.0092967588893492,5.45,0.0,0.0
2013-05-20,415.8,425.75,413.5,422.69,1991519.0,0.0102317065100878,5.45,0.07,0.0128
2013-05-21,425.01,429.6,421.94,426.54,1665445.0,0.0085564558754866,5.52,0.05,0.0091
2013-05-22,425.77,428.07,421.18,426.54,1685252.0,0.0086582170993792,5.57,0.0,0.0
2013-05-23,426.56,426.56,417.37,418.13,1968986.0,0.01011594008115,5.57,-0.11,-0.0197
2013-05-24,417.36,423.48,415.06,421.19,1050891.0,0.005399099022451,5.46,0.04,0.0073
2013-05-27,425.03,442.64,418.14,436.52,3893145.0,0.0200015752002446,5.5,0.2,0.0364
2013-05-28,442.62,442.62,423.48,427.31,5175485.0,0.0265897757276541,5.7,-0.12,-0.0211
2013-05-29,425.78,431.91,421.18,428.08,3144956.0,0.0161576499039877,5.58,0.01,0.0018
2013-05-30,423.49,430.38,423.49,429.62,2585645.0,0.0132841116651541,5.59,0.02,0.0036
2013-05-31,428.09,432.69,426.56,430.39,2460189.0,0.012639563974708,5.61,0.01,0.0018
2013-06-03,430.41,444.2,427.35,439.6,4017366.0,0.0206397779060132,5.62,0.12,0.0214
2013-06-04,438.08,439.61,417.4,422.76,2993945.0,0.0153818098382917,5.74,-0.22,-0.0383
2013-06-05,421.23,436.55,418.93,429.66,2525760.0,0.0129764441287878,5.52,0.09,0.0163
2013-06-06,429.64,436.53,425.05,428.11,1927407.0,0.0099023221719144,5.61,-0.02,-0.0036
2013-06-07,425.04,428.87,413.55,420.45,1922851.0,0.0098789150867397,5.59,-0.1,-0.0179
2013-06-13,405.89,412.01,399.76,399.76,1795850.0,0.0092264297433975,5.49,-0.27,-0.0492
2013-06-14,400.51,419.66,400.51,415.83,3248096.0,0.0166875460332491,5.22,0.21,0.0402
2013-06-17,415.07,421.96,411.24,417.37,1516769.0,0.0077926121978246,5.43,0.02,0.0037
2013-06-18,415.84,428.1,415.84,425.8,1455660.0,0.0074786561908143,5.45,0.11,0.0202
2013-06-19,426.56,426.56,412.77,418.13,1895074.0,0.0097362068767098,5.56,-0.1,-0.018
2013-06-20,415.85,432.7,415.08,417.38,2330321.0,0.0119723490191629,5.46,-0.01,-0.0018
2013-06-21,413.56,416.62,402.07,412.79,1718374.0,0.0088283859920822,5.45,-0.06,-0.011
2013-06-24,412.79,417.38,392.11,392.11,2775240.0,0.0142581824100378,5.39,-0.27,-0.0501
2013-06-25,384.46,392.12,372.21,372.98,3622303.0,0.0186100866658117,5.12,-0.25,-0.0488
2013-06-26,376.03,377.56,369.14,377.56,1574576.0,0.0080896037194865,4.87,0.06,0.0123
2013-06-27,376.04,386.76,358.42,358.42,2760559.0,0.0141827567257865,4.93,-0.25,-0.0507
2013-06-28,366.09,376.05,355.37,374.51,4336330.0,0.0222784999243739,4.68,0.21,0.0449
2013-07-01,356.13,372.21,356.13,371.44,1567454.0,0.008053013451573,4.89,-0.04,-0.0082
2013-07-02,371.44,379.1,369.14,375.27,1227201.0,0.0063049162277067,4.85,0.05,0.0103
2013-07-03,373.72,378.32,369.13,376.02,1204352.0,0.0061875263047138,4.9,0.01,0.002
2013-07-04,375.24,379.07,372.18,376.77,2712490.0,0.0139357955367476,4.91,0.01,0.002
2013-07-05,376.76,382.88,371.4,377.52,1888900.0,0.0097044870909617,4.92,0.01,0.002
2013-07-08,377.52,377.52,361.44,361.44,1355554.0,0.006964347659538,4.93,-0.21,-0.0426
2013-07-09,363.73,367.56,349.95,366.03,800273.0,0.0041115141075468,4.72,0.06,0.0127
2013-07-10,366.79,375.98,360.67,374.45,914623.0,0.0046990031746501,4.78,0.11,0.023
2013-07-11,371.38,381.33,371.38,378.27,2021776.0,0.010387156065867,4.89,0.05,0.0102
2013-07-12,379.05,379.82,371.4,373.69,1294700.0,0.0066517017505787,4.94,-0.06,-0.0121
2013-07-15,373.68,377.5,372.14,374.44,1125059.0,0.0057801474625815,4.88,0.01,0.002
2013-07-16,375.97,381.33,372.14,379.8,1962085.0,0.0100804852315472,4.89,0.07,0.0143
2013-07-17,378.26,383.62,375.19,375.96,1582840.0,0.0081320611716119,4.96,-0.05,-0.0101
2013-07-18,373.68,382.1,370.61,375.21,1721380.0,0.0088438297361637,4.91,-0.01,-0.002
2013-07-19,375.22,378.28,372.15,372.92,1767737.0,0.009081995286524,4.9,-0.03,-0.0061
2013-07-22,372.93,372.93,359.91,365.27,2721594.0,0.0139825686059816,4.87,-0.1,-0.0205
2013-07-23,367.58,372.18,364.52,372.18,2175309.0,0.0111759532581676,4.77,0.09,0.0189
2013-07-24,369.11,372.17,363.75,368.34,1757259.0,0.0090281631007339,4.86,-0.05,-0.0103
2013-07-25,368.36,368.36,354.58,359.17,2463882.0,0.0126585372770675,4.81,-0.12,-0.0249
2013-07-26,360.7,369.12,357.63,366.82,2119819.0,0.0108908656470301,4.69,0.1,0.0213
2013-07-29,366.82,381.37,366.05,372.18,2756768.0,0.0141632799347643,4.79,0.07,0.0146
2013-07-30,376.01,377.54,366.82,377.54,1452550.0,0.0074626781322337,4.86,0.07,0.0144
2013-07-31,379.08,390.57,377.55,387.5,3139013.0,0.0161271169129445,4.93,0.13,0.0264
2013-08-01,387.49,390.55,382.13,385.95,2352313.0,0.0120853359851772,5.06,-0.02,-0.004
2013-08-02,388.25,405.1,385.95,405.1,4680755.0,0.0240480313798795,5.04,0.25,0.0496
2013-08-05,399.74,408.16,396.68,405.87,2555142.0,0.0131273982500789,5.29,0.01,0.0019
2013-08-06,405.87,413.53,402.81,406.64,1894184.0,0.0097316343776304,5.3,0.01,0.0019
2013-08-07,405.89,407.42,401.3,404.36,935707.0,0.0048073251640756,5.31,-0.03,-0.0056
2013-08-08,405.13,410.49,402.83,405.13,1138050.0,0.0058468905362215,5.28,0.01,0.0019
2013-08-09,405.9,408.2,398.24,405.9,1402855.0,0.0072073631415062,5.29,0.01,0.0019
2013-08-12,404.38,411.28,403.62,408.21,1947374.0,0.0100049054181134,5.3,0.03,0.0057
2013-08-13,408.23,418.19,405.16,415.89,1556451.0,0.0079964840050899,5.33,0.1,0.0188
2013-08-14,417.42,421.25,407.47,412.06,1788232.0,0.0091872912063341,5.43,-0.05,-0.0092
2013-08-15,411.3,420.49,410.53,419.73,1821538.0,0.0093584054246896,5.38,0.1,0.0186
2013-08-16,416.68,421.28,412.85,415.15,1686049.0,0.0086623117979929,5.48,-0.06,-0.0109
2013-08-19,417.45,418.98,410.56,415.15,2017026.0,0.0103627522786458,5.42,0.0,0.0
2013-08-20,413.63,415.93,409.04,412.87,2446056.0,0.012566953716856,5.42,-0.03,-0.0055
2013-08-21,411.34,432.79,409.04,425.13,2728065.0,0.014015814270636,5.39,0.16,0.0297
2013-08-22,425.12,445.04,422.06,430.49,3916129.0,0.0201196587045586,5.55,0.07,0.0126
2013-08-23,423.57,432.77,415.92,428.94,2937627.0,0.0150924682617187,5.62,-0.02,-0.0036
2013-08-26,425.89,441.98,425.89,436.61,1847321.0,0.0094908691817261,5.6,0.1,0.0179
2013-08-27,436.63,446.59,435.1,438.93,1607937.0,0.0082610005080097,5.7,0.03,0.0053
2013-08-28,438.92,438.92,425.9,428.96,2605187.0,0.0133845114146017,5.73,-0.13,-0.0227
2013-08-29,428.98,428.98,421.32,425.15,1571132.0,0.0080719096893413,5.6,-0.05,-0.0089
2013-08-30,422.86,427.45,417.49,419.02,2288723.0,0.0117586334947785,5.55,-0.08,-0.0144
2013-09-02,418.26,422.86,417.49,419.02,1194015.0,0.0061344185260811,5.47,0.0,0.0
2013-09-03,421.33,432.05,419.03,429.75,1442212.0,0.0074095652159617,5.47,0.14,0.0256
2013-09-04,429.76,433.59,422.86,425.93,1134559.0,0.0058289550370238,5.61,-0.05,-0.0089
2013-09-05,427.46,430.52,422.86,425.93,1266632.0,0.0065074984874789,5.56,0.0,0.0
2013-09-06,425.93,428.99,422.86,425.93,1654514.0,0.0085002963390414,5.56,0.0,0.0
2013-09-09,425.16,428.23,423.63,427.46,1602486.0,0.0082329952355587,5.56,0.02,0.0036
2013-09-10,427.45,428.21,417.49,424.38,3428061.0,0.0176121413105666,5.58,-0.04,-0.0072
2013-09-11,422.86,423.62,402.94,407.53,5033561.0,0.025860621391322,5.54,-0.22,-0.0397
2013-09-12,406.01,415.2,403.71,412.14,2825858.0,0.0145182394419454,5.32,0.06,0.0113
2013-09-13,409.85,415.21,406.02,414.45,1663501.0,0.0085464683044639,5.38,0.03,0.0056
2013-09-16,415.22,428.24,415.22,422.12,1893596.0,0.0097286134456544,5.41,0.1,0.0185
2013-09-17,422.14,424.43,412.94,414.47,1913652.0,0.0098316539417613,5.51,-0.1,-0.0181
2013-09-18,412.16,423.65,406.8,422.89,1899653.0,0.009759732127591,5.41,0.11,0.0203
2013-09-23,423.65,425.18,418.29,423.65,1277646.0,0.0065640844479955,5.52,0.01,0.0018
2013-09-24,423.66,423.66,413.7,421.36,2085684.0,0.0107154923255997,5.53,-0.03,-0.0054
2013-09-25,417.55,419.85,412.95,415.25,1721384.0,0.0088438502867213,5.5,-0.08,-0.0145
2013-09-26,416.01,416.01,407.58,410.64,1188130.0,0.0061041835181239,5.42,-0.06,-0.0111
2013-09-27,411.42,416.02,404.53,409.12,1204221.0,0.0061868532739504,5.36,-0.02,-0.0037
2013-09-30,408.37,415.26,403.77,415.26,1189298.0,0.0061101842809606,5.34,0.08,0.015
2013-10-08,416.04,424.46,412.2,418.33,1962464.0,0.0100824323968855,5.42,0.04,0.0074
2013-10-09,421.39,423.68,414.49,419.09,1708179.0,0.0087760077582465,5.46,0.01,0.0018
2013-10-10,419.86,437.48,416.03,435.18,3643728.0,0.0187201605902777,5.47,0.21,0.0384
2013-10-11,432.12,445.91,429.82,437.49,3450440.0,0.0177271165430345,5.68,0.03,0.0053
2013-10-14,436.72,436.72,430.6,431.36,2427250.0,0.0124703352700178,5.71,-0.08,-0.014
2013-10-15,431.35,435.18,427.52,430.58,1828582.0,0.0093945949567287,5.63,-0.01,-0.0018
2013-10-16,430.6,435.96,428.3,428.3,1871371.0,0.0096144294096564,5.62,-0.03,-0.0053
2013-10-17,429.84,431.38,420.65,422.95,2161992.0,0.0111075353140782,5.59,-0.07,-0.0125
2013-10-18,423.71,440.56,420.64,430.6,2294080.0,0.0117861558291245,5.52,0.1,0.0181
2013-10-21,429.84,435.2,427.54,430.6,1930324.0,0.0099173086660879,5.62,0.0,0.0
2013-10-22,432.88,432.88,422.92,425.22,1728674.0,0.0088813036780566,5.62,-0.07,-0.0125
2013-10-23,426.0,428.3,412.21,413.74,2120720.0,0.010895494660143,5.55,-0.15,-0.027
2013-10-24,414.51,416.81,408.38,409.15,1536990.0,0.0078965004044349,5.4,-0.06,-0.0111
2013-10-25,408.39,416.05,407.62,412.22,1221717.0,0.0062767414131549,5.34,0.04,0.0075
2013-10-28,412.22,416.05,409.15,412.22,1092005.0,0.0056103279293586,5.38,0.0,0.0
2013-10-29,412.22,413.76,391.54,397.67,2239060.0,0.0115034829085122,5.38,-0.19,-0.0353
2013-10-30,397.65,408.38,394.58,404.55,1333052.0,0.0068487404974221,5.19,0.09,0.0173
2013-10-31,405.32,409.15,393.82,406.08,1184913.0,0.0060876557321259,5.28,0.02,0.0038
2013-11-01,403.0,409.89,399.93,409.13,709986.0,0.0036476520576862,5.3,0.04,0.0075
2013-11-04,409.14,410.67,406.07,409.91,1075558.0,0.0055258291739004,5.34,0.01,0.0019
2013-11-05,409.9,413.73,404.54,412.2,987912.0,0.0050755356297348,5.35,0.03,0.0056
2013-11-06,408.36,416.79,406.06,413.73,1916360.0,0.0098455666692971,5.38,0.02,0.0037
2013-11-07,413.71,416.77,407.58,409.88,1237297.0,0.0063567858352404,5.4,-0.05,-0.0093
2013-11-08,409.12,409.12,395.33,402.99,1314281.0,0.0067523018679634,5.35,-0.09,-0.0168
2014-01-16,383.08,388.45,383.08,383.08,7815300.0,0.0401521933199179,5.26,-0.26,-0.0494
2014-01-17,383.08,387.68,376.19,384.62,5210754.0,0.0267709751321811,5.0,0.02,0.004
2014-01-20,383.09,389.99,380.79,386.16,2694480.0,0.0138432666508838,5.02,0.02,0.004
2014-01-21,384.62,388.45,382.32,386.16,2019319.0,0.0103745328858243,5.04,0.0,0.0
2014-01-22,393.04,399.17,387.67,389.21,4176022.0,0.0214548952250368,5.04,0.04,0.0079
2014-01-23,389.96,396.08,389.96,393.02,3265877.0,0.0167788983996869,5.08,0.05,0.0098
2014-01-24,391.51,395.34,389.97,390.74,2603982.0,0.0133783205591066,5.13,-0.03,-0.0058
2014-01-27,390.75,393.05,385.39,385.39,2363198.0,0.0121412591902093,5.1,-0.07,-0.0137
2014-01-28,386.14,389.97,384.61,389.97,2225495.0,0.0114337908298479,5.03,0.06,0.0119
2014-01-29,389.2,397.63,389.2,393.8,2085983.0,0.0107170284797848,5.09,0.05,0.0098
2014-01-30,393.78,413.7,387.65,396.08,2827990.0,0.0145291928891782,5.14,0.03,0.0058
2014-02-07,394.53,412.15,393.0,403.72,2536557.0,0.0130319152215514,5.17,0.1,0.0193
2014-02-10,408.3,423.62,406.0,419.79,3230496.0,0.0165971235795454,5.27,0.21,0.0398
2014-02-11,420.57,435.89,419.8,431.29,5085600.0,0.0261279790088383,5.48,0.15,0.0274
2014-02-12,434.35,437.41,428.22,430.52,2583823.0,0.01327475088614,5.63,-0.01,-0.0018
2014-02-13,430.53,434.36,427.46,427.46,1894600.0,0.0097337716356271,5.62,-0.04,-0.0071
2014-02-14,426.69,438.18,426.69,436.65,2013473.0,0.0103444982458043,5.58,0.12,0.0215
2014-02-17,437.41,451.96,437.41,449.66,2820034.0,0.0144883178299926,5.7,0.17,0.0298
2014-02-18,451.18,464.2,449.65,458.07,3963759.0,0.0203643644698942,5.87,0.11,0.0187
2014-02-19,456.53,461.89,455.76,457.29,2914726.0,0.0149748111814762,5.98,-0.01,-0.0017
2014-02-20,456.53,464.19,450.4,454.23,4278126.0,0.0219794687598642,5.97,-0.04,-0.0067
2014-02-21,454.22,463.42,446.56,453.46,3194817.0,0.0164138177428582,5.93,-0.01,-0.0017
2014-02-24,453.47,453.47,430.49,441.21,5542497.0,0.0284753510446259,5.92,-0.16,-0.027
2014-02-25,441.22,448.11,420.54,428.2,4048217.0,0.0207982792196049,5.76,-0.17,-0.0295
2014-02-26,428.2,437.4,425.91,435.86,2893943.0,0.0148680356215146,5.59,0.1,0.0179
2014-02-27,436.64,447.36,432.81,434.34,3402262.0,0.0174795953512994,5.69,-0.02,-0.0035
2014-03-10,467.26,477.99,459.6,477.99,10458267.0,0.0537308047516177,5.67,0.57,0.1005
2014-03-11,484.9,525.5,478.77,525.5,43826160.0,0.2251630070233586,6.24,0.62,0.0994
2014-03-12,511.72,578.37,498.7,578.37,43109888.0,0.2214830597643097,6.86,0.69,0.1006
2014-03-13,595.2,624.31,557.66,560.73,38173492.0,0.1961216371067445,7.55,-0.23,-0.0305
2014-03-14,540.07,599.82,530.87,570.71,33759932.0,0.1734463572903514,7.32,0.13,0.0178
2014-03-17,551.56,602.89,545.43,581.44,26384292.0,0.135552978515625,7.45,0.14,0.0188
2014-03-18,570.72,586.05,556.17,563.06,20432696.0,0.1049758243239688,7.59,-0.24,-0.0316
2014-03-19,555.4,590.64,542.37,578.38,25065750.0,0.1287787851661142,7.35,0.2,0.0272
2014-03-20,565.35,632.0,563.82,575.31,31486934.0,0.1617685131753735,7.55,-0.04,-0.0053
2014-03-21,559.21,567.64,544.66,563.81,18006744.0,0.0925121577099116,7.51,-0.15,-0.02
2014-03-24,562.29,584.51,546.2,569.95,18474140.0,0.094913469821917,7.36,0.08,0.0109
2014-03-25,559.96,565.33,536.22,537.75,16902206.0,0.0868374397457649,7.44,-0.42,-0.0565
2014-03-26,533.14,550.0,527.02,547.7,12045016.0,0.0618829489557028,7.02,0.13,0.0185
2014-03-27,542.33,548.46,536.97,540.03,8879069.0,0.0456174548627551,7.15,-0.1,-0.014
2014-03-28,540.77,540.77,497.88,500.18,11992361.0,0.0616124265523069,7.05,-0.52,-0.0738
2014-03-31,497.86,520.07,494.03,508.58,5828100.0,0.0299426762744633,6.53,0.11,0.0168
2014-04-01,504.76,519.32,503.23,517.78,4567211.0,0.0234646832501446,6.64,0.12,0.0181
2014-04-02,519.32,520.09,507.07,510.9,4911558.0,0.0252338139697758,6.76,-0.09,-0.0133
2014-04-03,511.66,516.26,495.58,505.53,5829779.0,0.0299513023710411,6.67,-0.07,-0.0105
2014-04-04,498.65,514.74,493.29,509.38,4766185.0,0.0244869399151015,6.6,0.05,0.0076
2014-04-08,504.77,519.32,500.17,514.72,5219904.0,0.0268179845328282,6.65,0.07,0.0105
2014-04-09,513.2,534.65,509.37,528.52,8606489.0,0.044217037111019,6.72,0.18,0.0268
2014-04-10,526.99,533.88,520.86,530.05,7548944.0,0.0387837522359006,6.9,0.02,0.0029
2014-04-11,525.43,525.43,514.71,523.9,5624537.0,0.0288968429822311,6.92,-0.08,-0.0116
2014-04-14,520.09,523.15,510.13,518.56,4095777.0,0.0210426253501815,6.84,-0.07,-0.0102
2014-04-15,518.58,532.37,514.75,530.07,6078195.0,0.0312275742039535,6.77,0.15,0.0222
2014-04-16,525.47,539.25,522.4,535.42,4969074.0,0.025529310438368,6.92,0.07,0.0101
2014-04-17,531.57,537.7,522.38,523.91,3827150.0,0.0196625166870528,6.99,-0.15,-0.0215
2014-04-18,520.87,524.7,513.97,518.57,2388381.0,0.0122706403635969,6.84,-0.07,-0.0102
2014-04-21,517.8,520.86,503.24,504.78,3805204.0,0.0195497660524516,6.77,-0.18,-0.0266
2014-04-22,502.5,516.29,502.5,507.1,2469392.0,0.0126868456702441,6.59,0.03,0.0046
2014-04-23,506.32,510.15,500.2,500.96,1721872.0,0.0088463574547558,6.62,-0.08,-0.0121
2014-04-24,500.96,540.79,500.96,524.71,9686945.0,0.049768030442774,6.54,0.31,0.0474
2014-04-25,517.83,534.69,508.64,510.17,5410518.0,0.0277972905322758,6.85,-0.19,-0.0277
2014-04-28,497.91,504.04,458.85,461.91,5519794.0,0.0283587112169875,6.66,-0.63,-0.0946
2014-04-29,464.21,476.46,461.91,471.1,3172906.0,0.0163012469256365,6.03,0.12,0.0199
2014-04-30,469.55,497.9,455.0,477.98,3910394.0,0.0200901943425136,6.15,0.09,0.0146
2014-05-05,474.14,491.76,471.08,484.86,3330027.0,0.0171084779681581,6.24,0.09,0.0144
2014-05-06,483.34,485.64,475.68,477.98,2126150.0,0.0109233920421664,6.33,-0.09,-0.0142
2014-05-07,475.69,487.18,472.62,474.15,2033447.0,0.0104471174554792,6.24,-0.05,-0.008
2014-05-08,472.61,483.34,466.49,474.91,1844511.0,0.00947643241497,6.19,0.01,0.0016
2014-05-09,474.93,481.05,465.73,473.39,1861210.0,0.0095622258555608,6.2,-0.02,-0.0032
2014-05-12,474.94,497.92,471.88,488.73,4611156.0,0.0236904568142361,6.18,0.2,0.0324
2014-05-13,492.55,492.55,474.93,478.76,4385647.0,0.0225318728874026,6.38,-0.13,-0.0204
2014-05-14,481.06,481.83,472.63,480.29,2718612.0,0.0139672481652462,6.25,0.02,0.0032
2014-05-15,475.72,481.84,469.59,471.12,2490352.0,0.0127945305923821,6.27,-0.12,-0.0191
2014-05-16,469.59,474.95,465.76,474.18,1872920.0,0.0096223876131102,6.15,0.04,0.0065
2014-05-19,469.6,473.43,459.64,472.66,1466971.0,0.0075367680302372,6.19,-0.02,-0.0032
2014-05-20,473.43,480.32,469.6,476.49,1941568.0,0.00997507628367,6.17,0.05,0.0081
2014-05-21,473.41,481.07,473.41,479.54,1749969.0,0.0089907097093986,6.22,0.04,0.0064
2014-05-22,476.48,487.21,476.48,482.61,2927016.0,0.0150379527698863,6.26,0.04,0.0064
2014-05-23,482.62,489.51,479.55,483.38,1702600.0,0.0087473448679503,6.3,0.01,0.0016
2014-05-26,484.93,501.79,484.93,490.3,3155018.0,0.0162093448317813,6.31,0.09,0.0143
2014-05-27,491.85,503.34,488.78,503.34,3342189.0,0.0171709619387231,6.4,0.17,0.0266
2014-05-28,503.34,504.87,494.14,503.34,3157473.0,0.0162219577365451,6.57,0.0,0.0
2014-05-29,498.73,501.79,487.24,490.3,2614242.0,0.0134310327395044,6.57,-0.17,-0.0259
2014-05-30,488.79,497.22,488.03,493.39,1309385.0,0.0067271479853877,6.4,0.04,0.0063
2014-06-03,494.16,517.14,486.49,507.95,3814970.0,0.0195999402389783,6.44,0.19,0.0295
2014-06-04,507.97,517.93,505.67,513.33,4440058.0,0.0228114169856113,6.63,0.07,0.0106
2014-06-05,513.32,535.54,511.79,532.48,5229293.0,0.0268662218292955,6.7,0.25,0.0373
2014-06-06,532.49,537.85,523.29,530.19,3773223.0,0.019385459206321,6.95,-0.03,-0.0043
2014-06-09,529.44,550.13,523.31,543.23,5563753.0,0.0285845567080308,6.92,0.17,0.0246
2014-06-10,543.24,553.2,537.11,549.37,5450741.0,0.0280039418024647,7.09,0.08,0.0113
2014-06-11,544.76,555.49,538.63,546.29,4041207.0,0.0207622643673058,7.17,-0.04,-0.0056
2014-07-31,600.7,600.7,600.7,600.7,726129.0,0.0037305889707623,7.13,0.71,0.0996
2014-08-01,660.47,660.47,660.47,660.47,334517.0,0.0017186277241819,7.84,0.78,0.0995
2014-08-04,726.38,726.38,647.46,678.11,35796336.0,0.1839086667455808,8.62,0.23,0.0267
2014-08-05,665.85,688.07,647.46,657.42,21422044.0,0.1100587376039036,8.85,-0.27,-0.0305
2014-08-06,645.13,652.8,635.94,647.43,10846942.0,0.0557276767512363,8.58,-0.13,-0.0152
2014-08-07,645.16,653.59,623.7,626.0,10809005.0,0.0555327701247501,8.45,-0.28,-0.0331
2014-08-08,621.37,635.17,621.37,627.5,7034826.0,0.0361423993351483,8.17,0.02,0.0024
2014-08-11,624.46,635.19,622.93,633.65,7056303.0,0.0362527404168639,8.19,0.08,0.0098
2014-08-12,638.25,638.25,624.46,625.23,6438049.0,0.0330763742979929,8.27,-0.11,-0.0133
2014-08-13,625.2,626.73,605.28,617.54,8985614.0,0.0461648446542245,8.16,-0.1,-0.0123
2014-08-14,616.03,637.49,607.6,629.82,9579836.0,0.0492177430226746,8.06,0.16,0.0199
2014-08-15,629.04,635.17,626.74,631.34,5093342.0,0.0261677546131891,8.22,0.02,0.0024
2014-08-18,632.08,642.81,628.25,638.98,7166020.0,0.0368164268005576,8.24,0.1,0.0121
2014-08-19,638.99,670.4,637.46,658.91,12515051.0,0.0642978192981244,8.34,0.26,0.0312
2014-08-20,652.81,656.64,637.49,641.32,9216494.0,0.0473510228423558,8.6,-0.23,-0.0267
2014-08-21,638.27,648.23,635.97,645.17,4593902.0,0.0236018119837699,8.37,0.05,0.006
2014-08-22,647.44,650.51,641.31,642.84,4489431.0,0.0230650776564472,8.42,-0.03,-0.0036
2014-08-25,639.8,661.25,639.8,645.93,5864776.0,0.0301311043376473,8.39,0.04,0.0048
2014-08-26,645.16,651.29,622.17,629.07,5512106.0,0.0283192130451651,8.43,-0.22,-0.0261
2014-08-27,629.09,635.99,623.73,627.56,3783075.0,0.0194360752298374,8.21,-0.02,-0.0024
2014-08-28,636.0,662.82,634.46,634.46,5677428.0,0.029168577868529,8.19,0.09,0.011
2014-08-29,632.93,650.55,628.33,645.19,3623464.0,0.0186160514651725,8.28,0.14,0.0169
2014-09-01,645.94,650.53,641.34,649.77,4089787.0,0.0210118508900857,8.42,0.06,0.0071
2014-09-02,653.62,668.18,648.26,665.88,9625718.0,0.0494534681943129,8.48,0.21,0.0248
2014-09-03,665.15,677.41,662.08,669.74,7594741.0,0.0390190407081886,8.69,0.05,0.0058
2014-09-04,668.24,675.14,666.71,669.01,6879699.0,0.0353454127456202,8.74,-0.01,-0.0011
2014-09-05,669.03,695.85,669.03,683.59,8178677.0,0.0420190933176162,8.73,0.19,0.0218
2014-09-09,685.15,685.15,666.76,682.09,7187768.0,0.0369281601825547,8.92,-0.02,-0.0022
2014-09-10,679.03,695.13,675.2,691.3,6185256.0,0.0317776150173611,8.9,0.12,0.0135
2014-09-11,689.75,719.64,689.75,701.25,7650930.0,0.0393077195292771,9.02,0.13,0.0144
2014-09-12,699.75,709.72,697.45,706.65,4554902.0,0.0234014440465856,9.15,0.07,0.0077
2014-09-15,703.58,739.6,703.58,731.17,6488600.0,0.0333360871080597,9.22,0.32,0.0347
2014-09-16,731.93,737.3,686.72,686.72,9723167.0,0.0499541260176636,9.54,-0.58,-0.0608
2014-09-17,690.53,698.19,674.44,697.43,6159230.0,0.0316439028139467,8.96,0.14,0.0156
2014-09-18,695.89,702.02,686.69,688.22,4710691.0,0.0242018317534064,9.1,-0.12,-0.0132
2014-09-19,691.31,708.93,688.24,703.57,4999989.0,0.0256881405608822,8.98,0.2,0.0223
2014-09-22,698.19,700.49,674.43,680.56,4609298.0,0.023680911080203,9.18,-0.3,-0.0327
2014-09-23,698.22,711.25,693.62,699.76,6406395.0,0.032913747459951,8.88,0.25,0.0282
2014-09-24,697.43,718.12,692.06,708.92,5669498.0,0.0291278363879682,9.13,0.12,0.0131
2014-09-25,711.21,738.8,710.44,720.41,8545845.0,0.0439054701063368,9.25,0.15,0.0162
2014-09-26,721.2,731.93,714.31,731.93,4657254.0,0.023927291715988,9.4,0.15,0.016
2014-09-29,728.85,778.67,728.85,766.41,9339410.0,0.0479825209286879,9.55,0.45,0.0471
2014-09-30,768.71,790.93,752.61,787.1,8198345.0,0.0421201404096301,10.0,0.27,0.027
2014-10-08,785.55,851.46,781.71,830.0,9347608.0,0.0480246392966119,10.27,0.56,0.0545
2014-10-09,833.05,850.68,805.46,836.89,6500580.0,0.0333976360282512,10.83,0.09,0.0083
2014-10-10,827.72,833.85,813.92,820.82,4902254.0,0.0251860133726588,10.92,-0.21,-0.0192
2014-10-13,813.18,820.08,784.82,817.78,6294085.0,0.0323367391772543,10.71,-0.04,-0.0037
2014-10-14,806.28,818.54,793.25,799.38,3326362.0,0.0170896485197022,10.67,-0.24,-0.0225
2014-10-15,797.06,820.82,790.93,819.29,5573714.0,0.0286357327342434,10.43,0.26,0.0249
2014-10-16,805.49,824.65,803.96,806.26,3829531.0,0.0196747494064998,10.69,-0.17,-0.0159
2014-10-17,800.11,801.64,759.49,770.22,6035634.0,0.0310089111328125,10.52,-0.47,-0.0447
2014-10-20,773.31,780.21,765.65,776.38,3166624.0,0.0162689722748316,10.05,0.08,0.008
2014-10-21,773.34,784.84,764.91,766.44,2423721.0,0.0124522045405224,10.13,-0.13,-0.0128
2014-10-22,765.68,774.87,742.68,745.75,3127571.0,0.0160683320427583,10.0,-0.27,-0.027
2014-10-23,735.02,751.11,708.19,718.16,4493663.0,0.0230868201464514,9.73,-0.36,-0.037
2014-10-24,703.57,733.46,703.57,721.96,2799344.0,0.0143820200704966,9.37,0.05,0.0053
2014-10-27,722.76,739.62,718.16,732.72,1897245.0,0.0097473606918797,9.42,0.14,0.0149
2014-10-28,732.7,769.49,732.7,766.42,3132564.0,0.0160939842763573,9.56,0.44,0.046
2014-10-29,773.32,779.45,763.36,777.15,3550598.0,0.0182416922315603,10.0,0.14,0.014
2014-10-30,774.88,781.01,766.45,767.98,3171371.0,0.0162933606491345,10.14,-0.12,-0.0118
2014-10-31,764.9,766.43,730.41,756.46,4876343.0,0.0250528919977772,10.02,-0.15,-0.015
2014-11-03,756.46,779.46,754.16,774.09,5067751.0,0.0260362772829203,9.87,0.23,0.0233
2014-11-04,771.02,771.02,754.92,757.99,2195945.0,0.0112819735851352,10.1,-0.21,-0.0208
2014-11-05,757.96,757.96,739.57,753.37,2510020.0,0.012895577684396,9.89,-0.06,-0.0061
2014-11-06,751.84,755.67,739.57,748.77,2341609.0,0.0120303426928793,9.83,-0.06,-0.0061
2014-11-07,751.09,767.18,744.96,748.02,3331183.0,0.0171144170793218,9.77,-0.01,-0.001
2014-11-10,750.32,761.82,743.42,751.09,2208380.0,0.0113458601312605,9.76,0.04,0.0041
2014-11-11,757.22,757.22,704.34,713.53,4351785.0,0.0223579021415325,9.8,-0.49,-0.05
2014-11-12,713.53,731.16,705.86,728.09,1842687.0,0.009467061360677,9.31,0.19,0.0204
2014-11-13,728.09,732.68,696.66,700.49,3334075.0,0.0171292751325099,9.5,-0.36,-0.0379
2014-11-14,701.24,701.24,689.74,695.87,2408180.0,0.0123723604863741,9.14,-0.06,-0.0066
2014-11-17,701.22,716.55,698.16,708.12,2177344.0,0.0111864083543771,9.08,0.16,0.0176
2014-11-18,709.63,737.99,709.63,724.19,2572195.0,0.0132150104150226,9.24,0.21,0.0227
2014-11-19,730.29,730.29,711.9,714.2,2656757.0,0.0136494594792324,9.45,-0.13,-0.0138
2014-11-20,716.53,721.9,706.57,712.7,2780699.0,0.0142862287836042,9.32,-0.02,-0.0021
2014-11-21,718.81,731.07,712.68,721.11,2016740.0,0.0103612829137731,9.3,0.11,0.0118
2014-11-24,729.56,731.09,716.53,719.6,5392458.0,0.0277045047644412,9.41,-0.02,-0.0021
2014-11-25,718.05,728.78,718.05,728.01,3611297.0,0.0185535418064104,9.39,0.11,0.0117
2014-11-26,727.24,747.93,726.47,747.16,4842388.0,0.0248784434514415,9.5,0.25,0.0263
2014-11-27,747.16,762.49,743.33,750.22,4928711.0,0.025321939898661,9.75,0.04,0.0041
2014-11-28,754.09,754.86,737.23,738.0,4836613.0,0.0248487735838199,9.79,-0.16,-0.0163
2014-12-01,734.95,738.01,701.99,709.66,5438040.0,0.027938688644255,9.63,-0.37,-0.0384
2014-12-02,708.88,725.74,708.88,720.37,3523990.0,0.0181049899220065,9.26,0.14,0.0151
2014-12-03,721.13,724.96,703.5,724.19,4174310.0,0.0214460995863583,9.4,0.05,0.0053
2014-12-04,722.65,727.24,718.81,725.71,4938164.0,0.0253705060040509,9.45,0.02,0.0021
2014-12-05,724.93,724.93,686.62,688.92,5841158.0,0.0300097635699442,9.47,-0.48,-0.0507
2014-12-08,686.63,686.63,660.57,669.77,5525364.0,0.028387327868529,8.99,-0.25,-0.0278
2014-12-09,670.51,673.58,620.7,626.83,6525034.0,0.0335232718625052,8.74,-0.56,-0.0641
2014-12-10,636.81,672.06,628.38,663.63,4947810.0,0.0254200636738478,8.18,0.48,0.0587
2014-12-11,659.01,673.57,652.88,669.73,3224875.0,0.0165682449083938,8.66,0.08,0.0092
2014-12-12,665.11,696.53,665.11,691.17,4431820.0,0.0227690931121106,8.74,0.28,0.032
2014-12-15,688.08,700.34,674.29,693.45,2944407.0,0.0151273014569523,9.02,0.03,0.0033
2014-12-16,688.07,692.66,671.21,681.94,2956243.0,0.015188110557068,9.05,-0.15,-0.0166
2014-12-17,681.97,685.8,657.45,664.34,2298328.0,0.0118079805213594,8.9,-0.23,-0.0258
2014-12-18,660.54,664.37,651.35,653.65,2190032.0,0.0112515947232744,8.67,-0.14,-0.0161
2014-12-19,651.38,653.67,619.96,629.92,3841281.0,0.0197351166696259,8.53,-0.31,-0.0363
2014-12-22,625.32,626.08,586.23,593.13,4422135.0,0.0227193350743765,8.22,-0.48,-0.0584
2014-12-23,590.06,609.22,583.16,601.55,2053687.0,0.0105511032772385,7.74,0.11,0.0142
2014-12-24,605.37,632.95,602.3,629.89,2548671.0,0.0130941525854245,7.85,0.37,0.0471
2014-12-25,645.99,661.32,629.9,642.93,3730050.0,0.0191636518998579,8.22,0.17,0.0207
2014-12-26,640.63,640.63,623.0,633.73,2389913.0,0.0122785112271806,8.39,-0.12,-0.0143
2014-12-29,636.04,697.35,606.92,682.02,7236163.0,0.0371767962420428,8.27,0.63,0.0762
2014-12-30,673.62,681.28,644.5,648.33,3227114.0,0.0165797480830439,8.9,-0.44,-0.0494
2014-12-31,644.49,660.58,641.42,655.98,1522191.0,0.0078204684787326,8.46,0.1,0.0118
2015-01-05,648.29,671.28,644.46,662.08,3373544.0,0.0173320526225799,8.56,0.08,0.0093
2015-01-06,657.5,665.93,648.31,664.4,2904789.0,0.0149237584586095,8.64,0.03,0.0035
2015-01-07,664.38,664.38,652.12,660.54,1787467.0,0.0091833609121817,8.67,-0.05,-0.0058
2015-01-08,659.81,659.81,650.61,653.68,1274637.0,0.0065486252909958,8.62,-0.09,-0.0104
2015-01-09,644.45,649.82,633.72,641.39,2868623.0,0.0147379505915272,8.53,-0.16,-0.0188
2015-01-12,639.83,639.83,615.31,622.21,1951880.0,0.0100280556213173,8.37,-0.25,-0.0299
2015-01-13,613.0,630.63,606.11,629.86,1673225.0,0.0085964267101352,8.12,0.1,0.0123
2015-01-14,626.8,635.99,619.9,634.46,1989853.0,0.0102231472028224,8.22,0.06,0.0073
2015-01-15,631.4,640.6,626.81,632.94,954350.0,0.0049031061756891,8.28,-0.02,-0.0024
2015-01-16,629.88,629.88,617.62,624.52,2321685.0,0.0119279803651751,8.26,-0.11,-0.0133
2015-01-26,666.66,687.35,664.36,687.35,3056592.0,0.0157036675347222,8.15,0.82,0.1006
2015-01-27,711.13,749.45,701.17,705.77,19460750.0,0.0999823162451336,8.97,0.24,0.0268
2015-01-28,698.12,711.91,678.96,679.72,8111805.0,0.0416755290946575,9.21,-0.34,-0.0369
2015-01-29,674.33,688.12,666.67,669.73,4911877.0,0.0252354528767492,8.87,-0.13,-0.0147
2015-01-30,669.74,679.7,656.71,657.48,4622045.0,0.0237464005698258,8.74,-0.16,-0.0183
2015-02-02,649.06,653.66,642.17,651.36,3613231.0,0.018563478001039,8.58,-0.08,-0.0093
2015-02-03,654.41,668.97,652.12,660.55,3850087.0,0.0197803587223142,8.5,0.12,0.0141
2015-02-04,660.56,675.89,654.43,655.19,3240880.0,0.0166504728272306,8.62,-0.07,-0.0081
2015-02-05,659.03,666.69,643.7,655.19,3680660.0,0.0189099038891519,8.55,0.0,0.0
2015-02-06,655.19,659.79,642.93,657.49,3450222.0,0.017725996537642,8.55,0.03,0.0035
2015-02-09,651.37,655.96,638.34,644.47,2448621.0,0.0125801317619554,8.58,-0.17,-0.0198
2015-02-10,648.27,648.27,620.69,627.58,2995949.0,0.0153921056676793,8.41,-0.22,-0.0262
2015-02-11,624.54,638.33,615.34,633.74,3022722.0,0.0155296556877367,8.19,0.08,0.0098
2015-02-12,629.91,637.57,626.08,632.97,2490343.0,0.0127944843536274,8.27,-0.01,-0.0012
2015-02-13,636.06,647.56,634.53,644.49,3082415.0,0.0158363367973353,8.26,0.15,0.0182
2015-02-16,646.0,664.39,646.0,662.09,4176565.0,0.0214576849632391,8.41,0.23,0.0273
2015-02-17,662.09,665.92,653.66,662.09,2274542.0,0.0116857766302346,8.64,0.0,0.0
2015-02-25,662.85,687.38,655.96,672.82,3989393.0,0.0204960627186579,8.64,0.14,0.0162
2015-02-26,671.3,691.23,667.47,682.03,4428637.0,0.0227527400058527,8.78,0.12,0.0137
2015-02-27,682.05,685.11,675.92,681.28,2845523.0,0.0146192711210411,8.9,-0.01,-0.0011
2015-03-02,689.7,701.19,682.8,694.3,5270251.0,0.0270766492644544,8.89,0.17,0.0191
2015-03-03,685.85,704.24,680.49,698.11,9040919.0,0.0464489818020701,9.06,0.05,0.0055
2015-03-04,711.15,711.15,697.35,701.19,4740523.0,0.0243550978124342,9.11,0.04,0.0044
2015-03-05,701.94,704.24,687.38,698.87,5193545.0,0.0266825614954887,9.15,-0.03,-0.0033
2015-03-06,689.67,740.25,689.67,718.79,11734434.0,0.0602872906309185,9.12,0.26,0.0285
2015-03-09,717.26,750.21,705.77,727.99,8993959.0,0.0462077182551425,9.38,0.12,0.0128
2015-03-10,724.18,754.06,721.11,749.47,7671338.0,0.0394125684744581,9.5,0.28,0.0295
2015-03-11,744.88,786.27,743.35,779.37,8861309.0,0.045526210386745,9.78,0.39,0.0399
2015-03-12,773.23,787.02,747.94,783.19,8692236.0,0.0446575742779356,10.17,0.05,0.0049
2015-03-13,781.67,800.06,776.3,790.86,5536947.0,0.0284468371458727,10.22,0.1,0.0098
2015-03-16,787.81,855.25,787.81,830.72,12437863.0,0.0639012551869607,10.32,0.52,0.0504
2015-03-17,842.96,849.09,823.8,845.26,8936317.0,0.0459115744439841,10.84,0.19,0.0175
2015-03-18,840.67,926.5,836.07,901.98,11588322.0,0.0595366198607165,11.03,0.74,0.0671
2015-03-19,896.62,921.91,882.06,909.64,10811584.0,0.0555460200968013,11.77,0.1,0.0085
2015-03-20,911.98,955.66,888.99,934.2,12131831.0,0.0623289731215146,11.87,0.32,0.027
2015-03-23,934.94,950.26,908.88,924.21,10384292.0,0.0533507478758943,12.19,-0.13,-0.0107
2015-03-24,919.63,921.93,875.18,915.8,11139858.0,0.0572325735381155,12.06,-0.11,-0.0091
2015-03-25,916.58,1007.77,893.58,1000.88,15371617.0,0.0789738253712252,11.95,1.11,0.0929
2015-03-26,982.53,1072.96,974.86,984.06,16238860.0,0.0834294071903935,13.06,-0.22,-0.0168
2015-03-27,983.27,1051.48,983.27,1044.58,14841536.0,0.0762504603324915,12.84,0.79,0.0615
2015-03-30,1034.66,1059.95,1021.63,1039.25,6738691.0,0.0346209644869923,13.63,-0.07,-0.0051
2015-03-31,1041.58,1060.74,1020.12,1040.81,7640084.0,0.0392519966921822,13.56,0.02,0.0015
2015-04-01,1034.65,1063.78,1034.65,1056.11,7518303.0,0.0386263298265861,13.58,0.2,0.0147
2015-04-02,1057.61,1103.6,1049.95,1089.8,8713198.0,0.0447652694753524,13.78,0.44,0.0319
2015-04-03,1089.81,1194.04,1065.28,1183.31,13402707.0,0.0688582757506707,14.22,1.22,0.0858
2015-04-07,1178.73,1210.15,1174.13,1189.46,8434129.0,0.0433315135814525,15.44,0.08,0.0052
2015-04-08,1188.71,1188.71,1109.77,1130.46,13525541.0,0.0694893525505708,15.52,-0.77,-0.0496
2015-04-09,1129.72,1170.34,1038.51,1145.05,10033561.0,0.0515488184662379,14.75,0.19,0.0129
2015-04-10,1122.82,1151.95,1118.99,1135.08,6549096.0,0.0336468937421085,14.94,-0.13,-0.0087
2015-04-13,1137.34,1240.04,1103.62,1198.65,11681883.0,0.0600173025420217,14.81,0.83,0.056
2015-04-14,1191.8,1295.27,1180.3,1248.51,13898947.0,0.071407777933962,15.64,0.65,0.0416
2015-04-15,1250.83,1269.99,1157.32,1159.62,7013103.0,0.0360307943941366,16.29,-1.16,-0.0712
2015-04-16,1145.85,1194.9,1115.96,1140.49,7358874.0,0.0378072411122948,15.13,-0.25,-0.0165
2015-04-17,1090.62,1164.97,1090.62,1117.45,8986410.0,0.0461689342151988,14.88,-0.3,-0.0202
2015-04-20,1096.04,1117.5,1034.72,1038.56,10657069.0,0.0547521777425952,14.58,-1.03,-0.0706
2015-04-21,1011.68,1102.12,1011.68,1089.86,7859996.0,0.04038182525121,13.55,0.67,0.0494
2015-04-22,1089.85,1137.36,1081.42,1116.67,6829610.0,0.0350880735249631,14.22,0.35,0.0246
2015-04-23,1115.16,1149.65,1079.9,1128.95,10061841.0,0.0516941109088936,14.57,0.16,0.011
2015-04-24,1107.54,1156.59,1103.71,1130.53,9211997.0,0.0473279188779066,14.73,0.02,0.0014
2015-04-27,1142.77,1168.83,1083.75,1091.42,12282213.0,0.0631015816120186,14.75,-0.51,-0.0346
2015-04-28,1090.64,1092.17,1004.03,1026.26,9051176.0,0.0465016785695496,14.24,-0.85,-0.0597
2015-04-29,1026.3,1068.46,1013.27,1060.02,5049602.0,0.0259430342651778,13.39,0.44,0.0329
2015-04-30,1062.34,1070.01,1042.41,1046.24,5266090.0,0.0270552715468486,13.83,-0.18,-0.013
2015-05-04,1045.43,1076.09,1040.83,1068.42,4945813.0,0.0254098038079361,13.65,0.29,0.0212
2015-05-05,1073.02,1073.02,1019.37,1020.13,4815833.0,0.0247420134367766,13.94,-0.63,-0.0452
2015-05-06,1023.95,1062.28,1007.86,1026.25,4234664.0,0.0217561766756102,13.31,0.08,0.006
2015-05-07,1016.29,1041.58,958.81,965.7,3222025.0,0.0165536026360611,13.39,-0.79,-0.059
2015-05-08,981.81,1044.66,981.81,1040.06,7134293.0,0.0366534249148384,12.6,0.97,0.077
2015-05-11,1049.99,1135.83,1049.99,1111.31,10901079.0,0.0560058131362452,13.57,0.93,0.0685
2015-05-12,1118.97,1125.87,1081.42,1111.31,9450143.0,0.0485514271540272,14.5,0.0,0.0
2015-05-13,1103.67,1168.82,1071.48,1150.43,16416191.0,0.0843404699254918,14.5,0.51,0.0352
2015-05-14,1149.7,1167.33,1134.38,1162.73,9095497.0,0.0467293838860611,15.01,0.16,0.0107
2015-05-15,1159.71,1195.74,1127.52,1180.41,12217834.0,0.0627708255241214,15.17,0.23,0.0152
2015-05-18,1164.31,1267.02,1164.31,1234.83,11439373.0,0.0587713736074942,15.4,0.71,0.0461
2015-05-19,1241.72,1252.45,1211.83,1238.65,6775587.0,0.0348105228308475,16.11,0.05,0.0031
2015-05-20,1252.39,1276.16,1226.34,1248.56,9057902.0,0.0465362343322548,16.16,0.13,0.008
2015-05-21,1247.82,1301.47,1231.72,1286.14,9782573.0,0.0502593326247501,16.29,0.49,0.0301
2015-05-22,1283.8,1299.89,1233.98,1260.04,11475941.0,0.0589592468056213,16.78,-0.34,-0.0203
2015-05-25,1260.06,1318.31,1237.07,1313.71,13540659.0,0.0695670233832465,16.44,0.7,0.0426
2015-05-26,1310.69,1444.82,1304.56,1444.82,17492092.0,0.0898680613097117,17.14,1.71,0.0998
2015-05-27,1460.87,1527.56,1414.12,1445.54,14446726.0,0.074222068915062,18.85,0.01,0.0005
2015-05-28,1429.43,1492.28,1364.28,1392.64,15238783.0,0.0782913721771754,18.86,-0.69,-0.0366
2015-05-29,1392.63,1440.92,1253.14,1403.36,13224387.0,0.0679421318901909,18.17,0.14,0.0077
2015-06-01,1419.52,1543.69,1419.52,1542.15,18123578.0,0.0931124086733217,18.31,1.81,0.0989
2015-06-02,1532.95,1696.21,1532.95,1696.21,20256358.0,0.1040698632648095,20.12,2.01,0.0999
2015-06-03,1739.89,1865.59,1632.59,1780.52,20979292.0,0.107784037477641,22.13,1.1,0.0497
2015-06-04,1755.23,1899.33,1686.25,1898.56,18539592.0,0.0952497385969065,23.23,1.54,0.0663
2015-06-05,1889.37,2017.37,1876.34,1877.87,16326874.0,0.0838815913858638,24.77,-0.27,-0.0109
2015-06-08,1869.42,1869.42,1690.07,1690.83,20174722.0,0.1036504469335279,24.5,-2.44,-0.0996
2015-06-09,1670.96,1723.08,1609.64,1671.73,13398918.0,0.0688388092349274,22.06,-0.25,-0.0113
2015-06-10,1656.47,1838.9,1610.47,1838.9,20995992.0,0.1078698360558712,21.81,2.18,0.1
2015-06-11,1862.73,1924.06,1786.08,1823.64,16491281.0,0.0847262552691629,23.99,-0.2,-0.0083
2015-06-12,1842.05,1924.84,1804.49,1891.11,14759017.0,0.0758265074656065,23.79,0.88,0.037
2015-06-15,1885.73,2016.04,1862.73,1920.99,13278254.0,0.0682188811125578,24.67,0.39,0.0158
2015-06-16,1893.32,1899.45,1730.05,1733.12,11245975.0,0.0577777644199153,25.06,-2.45,-0.0978
2015-06-17,1731.66,1826.71,1604.41,1812.15,10596848.0,0.0544427839593855,22.61,1.03,0.0456
2015-06-18,1791.5,1830.59,1724.81,1754.7,6055875.0,0.0311129020922111,23.64,-0.75,-0.0317
2015-06-19,1692.69,1715.69,1579.23,1579.23,6166125.0,0.031679326837713,22.89,-2.29,-0.1
2015-06-23,1579.17,1594.51,1421.26,1519.38,7988591.0,0.0410424999917797,20.6,-0.78,-0.0379
2015-06-24,1521.74,1596.87,1502.58,1563.14,6309069.0,0.0324137215662484,19.82,0.57,0.0288
2015-06-25,1565.41,1675.8,1517.88,1545.47,13907121.0,0.07144977299854,20.39,-0.23,-0.0113
2015-06-26,1510.21,1510.21,1390.62,1390.62,6787717.0,0.0348728423969512,20.16,-2.02,-0.1002
2015-06-29,1418.95,1427.38,1251.83,1251.83,9673061.0,0.0496966994571364,18.14,-1.81,-0.0998
2015-06-30,1218.88,1303.2,1126.89,1294.77,12396272.0,0.0636875756260521,16.33,0.56,0.0343
2015-07-01,1291.65,1332.28,1165.17,1165.17,8531437.0,0.0438314469976457,16.89,-1.69,-0.1001
2015-07-02,1149.83,1149.83,1048.65,1048.65,8705608.0,0.0447262747921927,15.2,-1.52,-0.1
2015-07-03,943.68,995.04,943.68,943.68,8753414.0,0.0449718847820654,13.68,-1.37,-0.1001
2015-07-06,1024.96,1025.73,849.41,849.41,7887956.0,0.0405254736492529,12.31,-1.23,-0.0999
2015-07-07,764.3,764.3,764.3,764.3,812700.0,0.0041753595525568,11.08,-1.11,-0.1002
2015-07-08,687.64,687.64,687.64,687.64,289000.0,0.0014847777909301,9.97,-1.0,-0.1003
2015-07-13,756.61,756.61,756.61,756.61,302892.0,0.001556149877683,8.97,0.9,0.1003
2015-07-14,832.49,832.49,832.49,832.49,466605.0,0.0023972482392282,9.87,0.99,0.1003
2015-07-15,916.07,916.07,811.04,890.77,37428848.0,0.1922959247422138,10.86,0.76,0.07
2015-07-16,801.83,931.38,801.83,921.41,22030752.0,0.1131860598169191,11.62,0.4,0.0344
2015-07-17,909.12,1013.37,904.52,998.81,14845283.0,0.0762697110673795,12.02,1.01,0.084
2015-07-20,988.07,1045.56,947.45,1003.4,16776175.0,0.0861899379126552,13.03,0.06,0.0046
2015-07-21,987.34,1045.6,968.95,1023.37,10889716.0,0.0559474341395728,13.09,0.26,0.0199
2015-07-22,1014.16,1106.91,998.83,1092.35,16283846.0,0.0836605290371159,13.35,0.9,0.0674
2015-07-23,1079.33,1172.85,1073.2,1129.92,16901116.0,0.0868318397188026,14.25,0.49,0.0344
2015-07-24,1123.76,1169.75,1099.23,1125.29,14890010.0,0.0764995022654934,14.74,-0.06,-0.0041
2015-07-27,1101.57,1149.87,1012.65,1012.65,13738696.0,0.0705844660800715,14.68,-1.47,-0.1001
2015-07-28,911.49,997.35,911.49,922.22,18079920.0,0.0928881096117424,13.21,-1.18,-0.0893
2015-07-29,941.39,976.65,873.16,973.59,12402157.0,0.0637178106340093,12.03,0.67,0.0557
2015-07-30,973.58,1008.85,924.52,936.79,10633958.0,0.0546334417580755,12.7,-0.48,-0.0378
2015-07-31,904.55,940.58,881.56,892.29,7091970.0,0.0364359846018781,12.22,-0.58,-0.0475
2015-08-03,864.65,881.51,803.33,803.33,9692515.0,0.0497966470943155,11.64,-1.16,-0.0997
2015-08-04,806.39,879.21,790.29,878.44,10084999.0,0.0518130883624658,10.48,0.98,0.0935
2015-08-05,873.8,909.82,844.67,863.07,8495265.0,0.0436456083047269,11.46,-0.2,-0.0175
2015-08-06,843.16,888.38,835.49,877.65,6371197.0,0.0327329128278224,11.26,0.19,0.0169
2015-08-07,885.29,965.77,885.29,965.77,19487640.0,0.1001204673690025,11.45,1.15,0.1004
2015-08-10,1000.26,1062.34,965.77,1062.34,17674812.0,0.0908068107836174,12.6,1.26,0.1
2015-08-11,1076.86,1132.81,1063.83,1096.02,23356324.0,0.1199963707715172,13.86,0.44,0.0317
2015-08-12,1088.33,1093.69,1046.17,1066.87,11205432.0,0.0575694691051136,14.3,-0.38,-0.0266
2015-08-13,1065.28,1115.87,1053.79,1110.5,13844796.0,0.0711295696220012,13.92,0.57,0.0409
2015-08-14,1125.84,1147.3,1097.48,1134.27,15597665.0,0.0801351784857033,14.49,0.31,0.0214
2015-08-17,1168.73,1247.66,1168.73,1190.19,16905548.0,0.0868546097366898,14.8,0.73,0.0493
2015-08-18,1172.57,1197.09,1071.41,1071.41,16161812.0,0.0830335623487479,15.53,-1.55,-0.0998
2015-08-19,1017.8,1124.33,977.18,1094.44,16591366.0,0.0852404559100115,13.98,0.3,0.0215
2015-08-20,1089.84,1141.19,1049.99,1099.8,11166566.0,0.0573697896116109,14.28,0.07,0.0049
2015-08-21,1050.03,1096.02,1027.04,1061.53,12383912.0,0.063624074402883,14.35,-0.5,-0.0348
2015-09-09,955.8,955.8,955.8,955.8,2097700.0,0.0107772262008101,13.85,-1.38,-0.0996
2015-09-10,861.55,988.02,860.02,944.33,24560764.0,0.1261843491884995,12.47,-0.15,-0.012
2016-01-14,1038.58,1038.58,1038.58,1038.58,812893.0,0.0041763511169639,12.32,1.23,0.0998
2016-01-15,1142.85,1142.85,1142.85,1142.85,630837.0,0.0032410130356297,13.55,1.36,0.1004
2016-01-18,1165.07,1257.05,1048.56,1176.56,43350807.0,0.2227208147145281,14.91,0.44,0.0295
2016-01-19,1152.01,1294.57,1140.51,1294.57,37751291.0,0.1939525206080992,15.35,1.54,0.1003
2016-01-20,1340.6,1424.14,1306.87,1384.29,47857050.0,0.24587226636482,16.89,1.17,0.0693
2016-01-21,1303.07,1336.8,1245.58,1245.58,33617160.0,0.1727128462357954,18.06,-1.81,-0.1002
2016-01-22,1231.02,1257.85,1177.36,1225.65,24841312.0,0.1276257036510942,16.25,-0.26,-0.016
2016-01-25,1226.42,1300.0,1211.09,1273.94,23996521.0,0.1232854721120712,15.99,0.63,0.0394
2016-01-26,1226.39,1240.19,1146.68,1146.68,18915286.0,0.0971799188992792,16.62,-1.66,-0.0999
2016-01-27,1066.92,1134.37,1031.66,1031.66,18795891.0,0.0965665104413273,14.96,-1.5,-0.1003
2016-01-28,973.43,1021.71,928.2,929.74,18993623.0,0.0975823861581308,13.46,-1.33,-0.0988
2016-01-29,925.18,1022.52,912.91,1022.52,24763409.0,0.1272254661277488,12.13,1.21,0.0998
2016-02-01,1027.11,1069.27,965.79,1005.65,26696095.0,0.137154909898135,13.34,-0.22,-0.0165
2016-02-02,1001.79,1106.03,966.53,1102.19,24166968.0,0.1241611673374368,13.12,1.26,0.096
2016-02-03,1072.25,1086.05,1034.7,1061.52,18143952.0,0.0932170829387626,14.38,-0.53,-0.0369
2016-02-04,1062.29,1158.1,1051.56,1113.64,20310297.0,0.1043469823972143,13.85,0.68,0.0491
2016-02-15,1057.74,1057.74,1057.74,1057.74,79800.0,0.0004099836253156,14.53,-0.73,-0.0502
2016-02-16,1004.86,1057.75,1004.86,1023.26,21028848.0,0.1080386383364899,13.8,-0.45,-0.0326
2016-02-17,1021.01,1028.68,971.95,981.92,16116392.0,0.0828002107665193,13.35,-0.54,-0.0404
2016-02-18,1004.12,1030.95,981.89,988.79,14312362.0,0.0735317551327072,12.81,0.09,0.007
2016-02-19,987.29,994.95,957.39,968.13,10424863.0,0.0535591870445996,12.9,-0.27,-0.0209
2016-03-07,921.35,965.04,919.82,919.82,15329454.0,0.0787572070805713,12.63,-0.63,-0.0499
2016-03-08,923.62,928.98,877.63,913.65,9378193.0,0.0481817739981192,12.0,-0.08,-0.0067
2016-03-09,904.45,928.97,882.98,905.98,4676793.0,0.0240276760525173,11.92,-0.1,-0.0084
2016-03-10,909.84,916.74,860.78,863.85,7914181.0,0.0406602082429108,11.82,-0.55,-0.0465
2016-03-11,854.66,872.29,831.67,870.76,5055286.0,0.0259722366076125,11.27,0.09,0.008
2016-03-14,874.61,914.47,868.48,914.47,6216327.0,0.031937246611624,11.36,0.57,0.0502
2016-03-15,915.99,927.49,908.33,916.76,4880969.0,0.0250766587177109,11.93,0.03,0.0025
2016-03-16,945.13,950.5,901.44,903.74,7454654.0,0.0382993242154619,11.96,-0.17,-0.0142
2016-03-17,899.94,928.31,896.88,920.64,4767091.0,0.0244915946164115,11.79,0.22,0.0187
2016-03-18,924.49,960.52,924.49,943.66,6561459.0,0.033710410378196,12.01,0.3,0.025
2016-03-21,949.05,963.62,927.59,960.55,6925830.0,0.0355824171894728,12.31,0.22,0.0179
2016-03-22,946.71,954.38,939.04,943.64,6380577.0,0.032781103885535,12.53,-0.22,-0.0176
2016-03-23,941.35,979.68,939.81,968.18,4508513.0,0.0231631140917639,12.31,0.32,0.026
2016-03-24,958.2,981.96,953.6,957.43,5289472.0,0.0271753998316498,12.63,-0.14,-0.0111
2016-03-25,954.36,979.65,952.82,967.39,4127451.0,0.0212053549410116,12.49,0.13,0.0104
2016-03-28,968.13,1015.66,968.13,984.99,5793398.0,0.0297643899114846,12.62,0.23,0.0182
2016-03-29,994.2,996.5,935.94,935.94,4986148.0,0.0256170304937394,12.85,-0.64,-0.0498
2016-03-30,939.04,954.38,932.15,950.54,3945383.0,0.0202699552080045,12.21,0.19,0.0156
2016-03-31,956.67,958.97,947.47,951.3,3156063.0,0.01621471366497,12.4,0.01,0.0008
2016-04-01,951.29,951.29,928.29,939.79,3116463.0,0.0160112631441366,12.41,-0.15,-0.0121
2016-04-05,942.9,977.39,938.3,972.03,3888373.0,0.0199770583849563,12.26,0.42,0.0343
2016-04-06,968.98,1020.34,964.38,1020.34,7974237.0,0.0409687543156171,12.68,0.63,0.0497
2016-04-07,1014.17,1067.06,1011.87,1013.4,7711680.0,0.0396198311237373,13.31,-0.09,-0.0068
2016-04-08,1005.7,1037.89,998.03,1023.33,3683791.0,0.0189259898381602,13.22,0.13,0.0098
2016-04-11,1034.78,1072.34,1029.42,1067.74,5299990.0,0.0272294375230166,13.35,0.58,0.0434
2016-04-12,1066.16,1079.19,1046.99,1056.96,4314486.0,0.022166273328993,13.93,-0.14,-0.0101
2016-04-13,1056.93,1080.69,1051.56,1076.09,4853658.0,0.0249363446476483,13.79,0.25,0.0181
2016-04-14,1076.86,1088.35,1069.96,1076.09,4541222.0,0.0233311611393886,14.04,0.0,0.0
2016-04-15,1076.84,1129.73,1071.48,1114.4,6500804.0,0.0333987868594802,14.04,0.5,0.0356
2016-04-18,1104.46,1138.18,1086.83,1128.22,5350761.0,0.0274902806137547,14.54,0.18,0.0124
2016-04-19,1135.88,1135.88,1086.83,1105.99,5666729.0,0.0291136102644281,14.72,-0.29,-0.0197
2016-04-20,1105.22,1109.82,1050.8,1050.8,3962400.0,0.0203573824179292,14.43,-0.72,-0.0499
2016-04-21,1029.38,1048.54,1004.08,1018.65,5314727.0,0.0273051509150752,13.71,-0.42,-0.0306
2016-04-22,1010.94,1034.7,998.68,1030.87,3086833.0,0.0158590348882707,13.29,0.16,0.012
2016-04-25,1033.93,1033.93,1010.17,1023.96,2980785.0,0.0153141985035905,13.45,-0.09,-0.0067
2016-04-26,1026.25,1031.62,1004.03,1019.36,3046199.0,0.0156502720482823,13.36,-0.06,-0.0045
2016-04-27,1017.04,1051.53,1017.04,1027.0,3782243.0,0.0194318007138441,13.3,0.1,0.0075
2016-04-28,1030.81,1046.91,1015.48,1022.38,3413201.0,0.0175357959888599,13.4,-0.06,-0.0045
2016-04-29,1019.27,1027.7,1015.43,1026.16,2512140.0,0.0129064694799558,13.34,0.05,0.0037
2016-05-03,1027.65,1055.24,1017.69,1051.41,4099676.0,0.0210626570062605,13.39,0.33,0.0246
2016-05-04,1047.54,1063.64,1042.95,1052.14,3257638.0,0.0167365693885469,13.72,0.01,0.0007
2016-05-05,1052.11,1056.71,1032.19,1042.15,4395492.0,0.0225824529474431,13.73,-0.13,-0.0095
2016-05-06,1042.91,1049.81,990.04,990.04,6252573.0,0.0321234654898595,13.6,-0.68,-0.05
2016-05-09,959.4,964.0,940.24,940.24,2227000.0,0.0114415229771675,12.92,-0.65,-0.0503
2016-05-10,917.27,917.27,893.51,893.51,7576419.0,0.0389249088788273,12.27,-0.61,-0.0497
2016-05-11,900.43,900.43,849.09,850.62,6115771.0,0.031420626142611,11.66,-0.56,-0.048
2016-05-12,842.98,842.98,813.09,831.48,3977433.0,0.0204346165512547,11.1,-0.25,-0.0225
2016-05-13,832.23,872.84,830.7,871.31,6994949.0,0.035937525688197,10.85,0.52,0.0479
2016-05-16,870.56,892.01,860.59,890.48,3346700.0,0.0171941378301241,11.37,0.25,0.022
2016-05-17,890.52,897.42,877.49,883.62,3168497.0,0.0162785950734559,11.62,-0.09,-0.0077
2016-05-18,862.17,862.93,839.18,839.18,3011248.0,0.0154707064130892,11.53,-0.58,-0.0503
2016-05-19,830.77,853.76,823.87,849.16,3544899.0,0.0182124128245344,10.95,0.13,0.0119
2016-05-20,852.2,888.22,846.07,858.33,4472964.0,0.0229804761482007,11.08,0.12,0.0108
2016-05-23,867.49,895.08,866.73,885.89,2820336.0,0.0144898693970959,11.2,0.36,0.0321
2016-05-24,887.46,911.22,881.33,891.29,3736212.0,0.019195310033933,11.56,0.07,0.0061
2016-05-25,889.01,909.7,889.01,897.44,2933397.0,0.0150707360469933,11.63,0.08,0.0069
2016-05-26,897.41,898.94,852.19,895.11,2053048.0,0.0105478203256523,11.71,-0.03,-0.0026
2016-06-06,939.59,939.59,939.59,939.59,28201.0,0.0001448865691419,11.68,0.58,0.0497
2016-06-07,986.39,986.39,986.39,986.39,223502.0,0.0011482726845275,12.26,0.61,0.0498
2016-06-08,1009.36,1009.36,963.38,972.58,8730665.0,0.0448550086230139,12.87,-0.18,-0.014
2016-06-13,942.73,956.53,924.34,924.34,4560733.0,0.0234314016220144,12.69,-0.63,-0.0496
2016-06-14,916.63,916.63,892.11,904.37,3376531.0,0.0173473987515125,12.06,-0.26,-0.0216
2016-06-15,898.21,932.7,898.21,925.8,2445007.0,0.0125615643331097,11.8,0.28,0.0237
2016-06-16,923.47,934.2,906.61,921.18,2927565.0,0.0150407733339251,12.08,-0.06,-0.005
2016-06-17,921.18,933.45,921.18,925.78,1901727.0,0.0097703875917376,12.02,0.06,0.005
2016-06-20,908.93,971.78,902.04,969.48,3842976.0,0.0197438249684343,12.08,0.57,0.0472
2016-06-21,965.63,982.49,937.28,944.18,3315311.0,0.0170328724665272,12.65,-0.33,-0.0261
2016-06-22,933.42,934.96,916.56,932.66,3177454.0,0.0163246129096959,12.32,-0.15,-0.0122
2016-06-23,931.91,934.98,921.95,931.91,1684345.0,0.0086535572604298,12.17,-0.01,-0.0008
2016-06-24,918.9,928.09,886.71,900.5,3368744.0,0.017307391953388,12.16,-0.41,-0.0337
2016-06-27,856.86,877.55,855.32,871.42,8498636.0,0.0436629272871948,11.75,-0.38,-0.0323
2016-06-28,863.75,872.95,853.79,871.42,4021397.0,0.020660487730495,11.37,0.0,0.0
2016-06-29,869.9,877.57,866.07,868.37,3670546.0,0.0188579418041087,11.37,-0.04,-0.0035
2016-06-30,871.4,875.23,864.5,875.23,2612688.0,0.0134230488478535,11.33,0.09,0.0079
2016-07-01,878.27,881.33,871.37,880.57,2127282.0,0.0109292078499842,11.42,0.07,0.0061
2016-07-04,877.49,905.85,875.19,890.52,2925946.0,0.0150324554957123,11.49,0.13,0.0113
2016-07-05,893.6,899.73,885.17,896.66,2262384.0,0.0116233132102272,11.62,0.08,0.0069
2016-07-06,892.84,914.29,891.3,912.0,2684323.0,0.0137910836473458,11.7,0.2,0.0171
2016-07-07,912.73,915.03,900.47,901.23,2050426.0,0.0105343494351062,11.9,-0.14,-0.0118
2016-07-08,904.3,910.43,898.93,905.83,1913071.0,0.0098286689732612,11.76,0.06,0.0051
2016-07-11,905.07,915.04,875.19,879.02,3313851.0,0.0170253715129813,11.82,-0.35,-0.0296
2016-07-12,878.99,895.08,859.06,894.31,2592537.0,0.0133195202760022,11.47,0.2,0.0174
2016-07-13,892.03,898.92,888.96,892.79,2112642.0,0.0108539928089488,11.67,-0.02,-0.0017
2016-07-14,894.3,913.46,891.24,908.86,2001849.0,0.0102847783252446,11.65,0.21,0.018
2016-07-15,908.87,919.6,901.21,910.41,2279711.0,0.0117123330883706,11.86,0.02,0.0017
2016-07-18,908.07,934.12,907.3,920.33,2296751.0,0.011799878464002,11.88,0.13,0.0109
2016-07-19,921.83,924.9,910.34,921.07,1472099.0,0.0075631138451573,12.01,0.01,0.0008
2016-07-20,921.05,931.77,917.21,926.41,1100311.0,0.0056530011623395,12.02,0.07,0.0058
2016-07-21,926.42,944.81,924.12,940.21,2082421.0,0.0106987282081886,12.09,0.18,0.0149
2016-07-22,935.64,940.24,924.14,928.74,1932215.0,0.0099270239422216,12.27,-0.15,-0.0122
2016-07-25,925.7,941.03,923.4,931.06,1618367.0,0.008314586087108,12.12,0.03,0.0025
2016-07-26,928.77,941.03,928.77,934.14,1651363.0,0.0084841076372448,12.15,0.04,0.0033
2016-07-27,935.68,939.51,890.47,907.33,2825545.0,0.0145166313608086,12.19,-0.35,-0.0287
2016-07-28,910.39,932.61,897.36,921.12,1720763.0,0.0088406598126446,11.84,0.18,0.0152
2016-07-29,921.87,967.08,921.87,950.23,6143377.0,0.031562455816301,12.02,0.38,0.0316
2016-08-01,941.07,950.27,915.78,933.41,3232570.0,0.0166077790436921,12.4,-0.22,-0.0177
2016-08-02,930.3,939.49,928.0,938.73,1238983.0,0.006365447895294,12.18,0.07,0.0057
2016-08-03,937.98,964.04,934.92,956.38,1927121.0,0.0099008528070417,12.25,0.23,0.0188
2016-08-04,954.06,973.22,954.06,967.09,1608550.0,0.0082641498809711,12.48,0.14,0.0112
2016-08-05,968.66,974.79,956.4,960.99,1326432.0,0.0068147293244949,12.62,-0.08,-0.0063
2016-08-08,952.55,960.98,947.19,957.92,1294821.0,0.0066523234049479,12.54,-0.04,-0.0032
2016-08-09,957.92,965.58,947.96,957.92,1905362.0,0.0097890629110111,12.5,0.0,0.0
2016-08-10,957.92,957.92,947.96,954.09,1615654.0,0.0083006476713752,12.5,-0.05,-0.004
2016-08-11,954.09,957.92,941.06,953.32,1725359.0,0.0088642724033959,12.45,-0.01,-0.0008
2016-08-12,953.29,964.78,944.86,960.95,2089350.0,0.010734326911695,12.44,0.1,0.008
2016-08-15,962.48,967.08,953.28,960.18,2576200.0,0.0132355866608796,12.54,-0.01,-0.0008
2016-08-16,960.93,1000.78,957.86,991.58,2405843.0,0.0123603538230613,12.53,0.41,0.0327
2016-08-17,980.11,987.0,956.35,972.44,3145627.0,0.0161610972600352,12.94,-0.25,-0.0193
2016-08-18,968.65,988.57,967.11,974.78,1860047.0,0.0095562507809211,12.69,0.03,0.0024
2016-08-19,970.19,982.45,967.89,975.56,1184237.0,0.0060841826878814,12.72,0.01,0.0008
2016-08-22,973.22,986.24,970.15,978.58,2531383.0,0.0130053330752183,12.73,0.04,0.0031
2016-08-23,981.63,983.16,971.67,982.4,1605489.0,0.0082484235667219,12.77,0.05,0.0039
2016-08-24,981.59,986.19,976.23,984.66,1121677.0,0.00576277196608,12.82,0.03,0.0023
2016-08-25,984.69,984.69,976.26,982.39,1956908.0,0.0100538876722958,12.85,-0.03,-0.0023
2016-08-26,980.88,988.54,979.35,987.01,1481802.0,0.0076129643604008,12.82,0.06,0.0047
2016-08-29,985.46,999.25,983.93,996.19,2202826.0,0.0113173256819497,12.88,0.12,0.0093
2016-08-30,995.47,1021.52,992.4,1012.33,2201426.0,0.0113101329867687,13.0,0.21,0.0162
2016-08-31,1012.33,1019.22,1006.2,1012.33,1402148.0,0.0072037308304398,13.21,0.0,0.0
2016-09-01,1013.12,1018.49,1004.69,1009.29,1539479.0,0.0079092879889388,13.21,-0.04,-0.003
2016-09-02,1014.65,1014.65,997.03,1009.29,1828101.0,0.0093921237521701,13.17,0.0,0.0
2016-09-05,1006.27,1017.76,1003.97,1013.93,1970580.0,0.0101241294783775,13.17,0.06,0.0046
2016-09-06,1015.42,1041.48,1013.12,1032.28,2740699.0,0.0140807232070049,13.23,0.24,0.0181
2016-09-07,1032.24,1063.66,1027.64,1058.3,3943447.0,0.0202600087380971,13.47,0.34,0.0252
2016-09-08,1056.02,1111.2,1056.02,1079.78,5495422.0,0.0282334966691656,13.81,0.28,0.0203
2016-09-09,1080.6,1098.99,1067.57,1068.34,3216325.0,0.0165243180913957,14.09,-0.15,-0.0106
2016-09-12,1056.87,1090.59,1042.31,1053.81,3916179.0,0.0201199155865293,13.94,-0.19,-0.0136
2016-09-13,1064.56,1079.13,1059.2,1078.36,2113479.0,0.0108582930131392,13.75,0.32,0.0233
2016-09-14,1069.91,1105.17,1069.91,1093.67,1658821.0,0.0085224241520017,14.07,0.2,0.0142
2016-09-19,1095.95,1125.84,1095.95,1115.11,2139142.0,0.0109901402534459,14.27,0.28,0.0196
2016-09-20,1122.76,1159.54,1105.13,1114.33,3486832.0,0.0179140855166245,14.55,-0.01,-0.0007
2016-09-21,1121.24,1149.6,1108.98,1140.4,2090864.0,0.0107421052977693,14.54,0.34,0.0234
2016-09-22,1161.14,1161.14,1125.12,1125.12,2279183.0,0.0117096204147595,14.88,-0.2,-0.0134
2016-09-23,1122.83,1138.16,1122.83,1133.56,1743452.0,0.0089572277133312,14.68,0.11,0.0075
2016-09-26,1128.21,1138.17,1092.19,1108.28,2402503.0,0.0123431941074152,14.79,-0.33,-0.0223
2016-09-27,1103.65,1123.57,1069.92,1105.18,2887001.0,0.0148323701286958,14.46,-0.04,-0.0028
2016-09-28,1096.02,1102.91,1080.69,1085.29,1428801.0,0.0073406643337673,14.42,-0.26,-0.018
2016-09-29,1088.3,1100.56,1084.47,1091.36,824386.0,0.0042353980067603,14.16,0.08,0.0056
2016-09-30,1092.14,1099.8,1082.18,1088.31,1153800.0,0.0059278083570075,14.24,-0.04,-0.0028
2016-10-10,1089.87,1109.04,1088.34,1100.6,1775100.0,0.0091198237255366,14.2,0.16,0.0113
2016-10-11,1100.55,1113.58,1095.19,1111.28,1288253.0,0.0066185793892703,14.36,0.14,0.0097
2016-10-12,1111.23,1137.29,1107.4,1122.73,1909283.0,0.0098092075951573,14.5,0.15,0.0103
2016-10-13,1126.58,1126.58,1114.32,1123.51,1030406.0,0.0052938544790351,14.65,0.01,0.0007
2016-10-14,1118.94,1129.67,1112.04,1128.91,1057477.0,0.0054329355156381,14.66,0.07,0.0048
2016-10-17,1126.66,1147.35,1119.0,1134.32,1666640.0,0.0085625953545875,14.73,0.07,0.0048
2016-10-18,1135.14,1140.51,1113.68,1138.98,1814396.0,0.0093217124039877,14.8,0.06,0.0041
2016-10-19,1137.4,1138.17,1120.54,1126.67,1023302.0,0.0052573566886311,14.86,-0.16,-0.0108
2016-10-20,1131.23,1136.59,1121.27,1121.27,908949.0,0.0046698522086095,14.7,-0.07,-0.0048
2016-10-21,1121.28,1122.05,1065.33,1066.1,5387100.0,0.0276769772924558,14.63,-0.72,-0.0492
2016-10-24,1066.11,1084.51,1066.11,1073.78,2303049.0,0.0118322353170375,13.91,0.1,0.0072
2016-10-25,1079.15,1084.51,1069.95,1084.51,2033797.0,0.0104489156292745,14.01,0.14,0.01
2016-10-26,1082.95,1090.62,1057.66,1064.56,3989200.0,0.0204950711542508,14.15,-0.26,-0.0184
2016-10-27,1069.88,1069.88,1042.29,1062.22,6010415.0,0.030879345004406,13.89,-0.03,-0.0022
2016-10-28,1057.59,1086.72,1055.3,1073.69,4673545.0,0.0240109889996974,13.86,0.15,0.0108
2016-10-31,1070.61,1078.27,1058.35,1074.44,1755900.0,0.0090211810487689,14.01,0.01,0.0007
2016-11-01,1074.46,1084.42,1066.03,1079.06,2620700.0,0.0134642116148463,14.02,0.06,0.0043
2016-11-02,1079.88,1095.97,1074.51,1082.94,2925114.0,0.015028180979719,14.08,0.05,0.0036
2016-11-03,1079.1,1091.36,1073.73,1084.46,2945541.0,0.0151331275400489,14.13,0.02,0.0014
2016-11-04,1084.48,1084.48,1073.75,1082.18,2579396.0,0.0132520065564499,14.15,-0.03,-0.0021
2016-11-07,1082.24,1086.07,1076.87,1077.64,1453926.0,0.0074697475240688,14.12,-0.06,-0.0042
2016-11-08,1078.44,1096.07,1078.44,1089.17,2848323.0,0.014633656511403,14.06,0.15,0.0107
2016-11-09,1089.21,1092.28,1066.21,1081.54,2829736.0,0.0145381632075968,14.21,-0.1,-0.007
2016-11-10,1086.9,1113.72,1083.83,1109.12,3989502.0,0.0204966227213541,14.11,0.36,0.0255
2016-11-11,1111.43,1112.97,1102.24,1109.9,2754982.0,0.0141541041107691,14.47,0.01,0.0007
2016-11-14,1109.94,1129.87,1107.64,1113.01,2851800.0,0.0146515200836489,14.48,0.04,0.0028
2016-11-15,1113.03,1135.26,1108.43,1134.49,2892572.0,0.0148609919178766,14.52,0.28,0.0193
2016-11-16,1134.51,1191.24,1130.68,1166.71,4871707.0,0.0250290739014493,14.8,0.42,0.0284
2016-11-17,1163.64,1175.91,1152.14,1161.34,2303683.0,0.0118354925804266,15.22,-0.07,-0.0046
2016-11-18,1161.34,1176.67,1156.74,1169.01,2014763.0,0.0103511258006497,15.15,0.1,0.0066
2016-11-21,1169.77,1185.1,1134.51,1136.04,3421268.0,0.0175772413260206,15.25,-0.43,-0.0282
2016-11-22,1135.3,1149.87,1135.3,1142.97,2831811.0,0.0145488238093828,14.82,0.09,0.0061
2016-11-23,1143.75,1154.48,1128.41,1135.31,1931161.0,0.0099216088702783,14.91,-0.1,-0.0067
2016-11-24,1128.44,1146.08,1121.55,1126.91,1936689.0,0.0099500097409643,14.81,-0.11,-0.0074
2016-11-25,1127.65,1136.85,1111.55,1133.79,1739400.0,0.0089364099984217,14.7,0.09,0.0061
2016-11-28,1134.57,1143.77,1126.9,1140.7,1344457.0,0.00690733527495,14.79,0.09,0.0061
2016-11-29,1142.27,1143.8,1107.0,1108.53,2197495.0,0.0112899369262284,14.88,-0.42,-0.0282
2016-11-30,1090.19,1100.15,1074.09,1085.59,2375001.0,0.0122018987482244,14.46,-0.3,-0.0207
2016-12-15,1107.09,1140.06,1097.12,1118.59,8264852.0,0.0424618293942024,14.16,0.43,0.0304
2016-12-16,1115.57,1160.04,1111.74,1157.74,3751136.0,0.0192719841645622,14.59,0.51,0.035
2016-12-19,1156.99,1193.02,1151.62,1160.06,5049822.0,0.0259441645458491,15.1,0.03,0.002
2016-12-20,1163.07,1212.9,1146.97,1198.34,6299436.0,0.0323642306857638,15.13,0.5,0.033
2016-12-21,1194.46,1218.22,1192.92,1199.06,4148455.0,0.0213132659192839,15.63,0.01,0.0006
2016-12-22,1199.79,1217.42,1196.72,1211.29,3169989.0,0.016286260431463,15.64,0.16,0.0102
2016-12-23,1209.78,1216.68,1173.75,1189.85,3556469.0,0.0182718553125657,15.8,-0.28,-0.0177
2016-12-26,1189.08,1239.67,1182.94,1236.61,5647334.0,0.0290139657479745,15.52,0.61,0.0393
2016-12-27,1216.7,1218.23,1174.53,1174.53,6929229.0,0.0355998800258443,16.13,-0.81,-0.0502
2016-12-28,1180.6,1190.57,1136.14,1146.11,5724709.0,0.0294114905977088,15.32,-0.37,-0.0242
2016-12-29,1149.92,1165.25,1143.02,1152.98,2228800.0,0.0114507707281144,14.95,0.09,0.006
2016-12-30,1149.93,1171.39,1147.63,1157.59,2914524.0,0.0149737733783143,15.04,0.06,0.004
2017-01-03,1156.07,1161.44,1146.88,1153.77,2160851.0,0.0111016732675057,15.1,-0.05,-0.0033
2017-01-04,1153.78,1169.12,1146.12,1156.08,4280148.0,0.0219898570667613,15.05,0.03,0.002
2017-01-05,1154.51,1156.81,1142.25,1149.15,2575080.0,0.0132298325047348,15.08,-0.09,-0.006
2017-01-06,1149.2,1149.2,1123.9,1124.67,2555200.0,0.0131276962331649,14.99,-0.32,-0.0213
2017-01-09,1126.99,1140.79,1120.09,1125.46,1365108.0,0.0070134326665088,14.67,0.01,0.0007
2017-01-10,1123.2,1130.1,1123.2,1127.03,928592.0,0.004770770859638,14.68,0.02,0.0014
2017-01-11,1126.26,1126.26,1090.22,1091.76,2075751.0,0.0106644601532907,14.7,-0.46,-0.0313
2017-01-12,1093.31,1103.27,1081.04,1086.41,1379861.0,0.007089228260798,14.24,-0.07,-0.0049
2017-01-13,1081.83,1091.8,1061.13,1083.36,2455904.0,0.0126175491898148,14.17,-0.04,-0.0028
2017-01-16,1076.52,1079.58,1028.98,1028.98,3929028.0,0.0201859291153724,14.13,-0.71,-0.0502
2017-01-17,1028.95,1031.25,1005.18,1024.35,3350459.0,0.017213450216685,13.42,-0.06,-0.0045
2017-01-18,1020.48,1023.54,978.31,980.61,2957301.0,0.0151935461795691,13.36,-0.57,-0.0427
2017-01-19,979.09,992.89,961.46,981.39,2150661.0,0.0110493207218671,12.79,0.01,0.0008
2017-01-20,973.74,1003.65,973.74,994.45,1131810.0,0.005814831666272,12.8,0.17,0.0133
2017-01-23,1017.49,1028.23,1012.89,1022.09,1702136.0,0.0087449610032617,12.97,0.36,0.0278
2017-01-24,1022.91,1046.68,1017.54,1032.11,1258001.0,0.0064631555216882,13.33,0.13,0.0098
2017-01-25,1028.27,1046.68,1028.27,1032.11,758308.0,0.003895913069497,13.46,0.0,0.0
2017-01-26,1033.63,1059.7,1033.63,1052.03,976696.0,0.0050179118660563,13.46,0.26,0.0193
2017-02-03,1054.31,1056.61,1029.78,1049.71,1308578.0,0.0067230019103798,13.72,-0.03,-0.0022
2017-02-06,1051.29,1061.26,1041.32,1051.29,1215860.0,0.0062466502591014,13.69,0.02,0.0015
2017-02-07,1046.64,1063.51,1037.44,1042.04,1785300.0,0.0091722276475694,13.71,-0.12,-0.0088
2017-02-08,1039.71,1055.05,1035.88,1048.91,925260.0,0.0047536522451073,13.59,0.09,0.0066
2017-02-09,1047.33,1061.9,1043.5,1055.0,1504000.0,0.0077270096801346,13.68,0.08,0.0058
2017-02-10,1071.1,1106.37,1071.1,1097.94,6237449.0,0.0320457638313473,13.76,0.56,0.0407
2017-02-13,1115.58,1134.75,1094.11,1101.01,4637901.0,0.0238278629803898,14.32,0.04,0.0028
2017-02-14,1100.2,1120.14,1094.07,1114.0,4581100.0,0.0235360399239793,14.36,0.17,0.0118
2017-02-15,1122.4,1138.5,1096.33,1098.63,4063400.0,0.0208762839988425,14.53,-0.2,-0.0138
2017-02-16,1098.66,1146.96,1098.66,1143.89,4145937.0,0.021300329343237,14.33,0.59,0.0412
2017-02-17,1142.39,1154.66,1109.42,1123.99,3700470.0,0.0190116805259627,14.92,-0.26,-0.0174
2017-02-20,1124.78,1140.88,1102.54,1124.78,2129000.0,0.0109380343144991,14.66,0.01,0.0007
2017-02-21,1125.58,1138.61,1119.44,1138.61,2147967.0,0.0110354799212831,14.67,0.18,0.0123
2017-02-22,1132.46,1137.83,1111.76,1120.96,2260699.0,0.011614656287813,14.85,-0.23,-0.0155
2017-02-23,1123.21,1129.34,1111.71,1118.61,2083806.0,0.0107058438387784,14.62,-0.03,-0.0021
2017-02-24,1119.35,1139.28,1114.75,1133.15,2308968.0,0.0118626450047348,14.59,0.19,0.013
2017-02-27,1133.91,1167.64,1128.54,1162.27,3575306.0,0.0183686330262257,14.78,0.38,0.0257
2017-02-28,1166.92,1192.22,1152.35,1159.25,3278107.0,0.0168417317297322,15.16,-0.04,-0.0026
2017-03-01,1165.39,1213.7,1161.56,1199.13,6652700.0,0.0341791737360585,15.12,0.52,0.0344
2017-03-02,1207.61,1217.58,1193.05,1202.25,4656501.0,0.0239234230735085,15.64,0.04,0.0026
2017-03-03,1192.32,1221.45,1189.25,1219.92,4189651.0,0.0215249161126236,15.68,0.23,0.0147
2017-03-06,1230.64,1250.57,1224.5,1244.44,4260046.0,0.0218865802392413,15.91,0.32,0.0201
2017-03-07,1247.56,1253.69,1199.25,1204.62,5540770.0,0.0284664783413562,16.23,-0.52,-0.032
2017-03-08,1200.83,1232.27,1191.63,1226.9,4614760.0,0.0237089728666877,15.71,0.29,0.0185
2017-03-09,1219.23,1229.97,1206.97,1217.7,2844005.0,0.0146114721844091,16.0,-0.12,-0.0075
2017-03-10,1212.33,1218.46,1193.92,1202.36,3003288.0,0.0154298108033459,15.88,-0.2,-0.0126
2017-03-13,1207.71,1246.82,1197.74,1239.15,3056144.0,0.0157013658722643,15.68,0.48,0.0306
2017-03-14,1239.13,1250.63,1213.06,1227.63,3553599.0,0.0182571102874447,16.16,-0.15,-0.0093
2017-03-15,1231.5,1264.47,1216.93,1245.3,4291824.0,0.0220498441445707,16.01,0.23,0.0144
2017-03-16,1249.87,1278.24,1240.67,1275.94,3906200.0,0.0200686470828072,16.24,0.4,0.0246
2017-03-17,1279.75,1320.39,1272.85,1288.19,6088249.0,0.0312792280306318,16.64,0.16,0.0096
2017-03-20,1315.78,1328.81,1267.47,1302.74,7148021.0,0.0367239544287273,16.8,0.19,0.0113
2017-03-21,1309.7,1311.23,1286.69,1292.06,3371004.0,0.0173190030184659,16.99,-0.14,-0.0082
2017-03-22,1289.82,1333.53,1285.22,1332.76,5197743.0,0.0267041293057528,16.85,0.53,0.0315
2017-03-23,1335.78,1354.95,1315.08,1350.35,7042402.0,0.0361813220913562,17.38,0.23,0.0132
2017-03-24,1367.95,1417.79,1357.98,1411.66,13788256.0,0.0708390874894781,17.61,0.8,0.0454
2017-03-28,1341.92,1404.8,1274.44,1347.29,21597519.0,0.1109602648802478,18.41,-0.84,-0.0456
2017-03-29,1364.96,1482.29,1364.96,1380.3,30050161.0,0.1543868915801899,17.57,0.43,0.0245
2017-03-30,1384.18,1394.15,1286.79,1292.92,22687459.0,0.1165599835842145,18.0,-1.14,-0.0633
2017-03-31,1288.36,1324.4,1257.68,1273.79,14132964.0,0.0726100728969381,16.86,-0.25,-0.0148
2017-04-05,1243.12,1272.26,1212.44,1234.68,10309851.0,0.0529682968602036,16.61,-0.51,-0.0307
2017-04-06,1240.79,1256.89,1214.71,1224.68,8422226.0,0.043270360259496,16.1,-0.13,-0.0081
2017-04-07,1228.52,1232.36,1180.98,1189.41,8298806.0,0.0426362728028987,15.97,-0.46,-0.0288
2017-04-10,1189.39,1240.01,1185.56,1230.8,10745643.0,0.0552072390161379,15.51,0.54,0.0348
2017-04-11,1225.47,1238.51,1210.9,1223.17,6339156.0,0.032568297723327,16.05,-0.1,-0.0062
2017-04-12,1220.14,1223.21,1200.2,1210.94,4472955.0,0.022980429909446,15.95,-0.16,-0.01
2017-04-13,1204.04,1232.41,1192.53,1194.83,4967572.0,0.0255215937039667,15.79,-0.21,-0.0133
2017-04-14,1197.91,1216.31,1184.1,1209.41,4634296.0,0.0238093417902988,15.58,0.19,0.0122
2017-04-17,1212.49,1215.56,1135.03,1137.33,5636720.0,0.0289594348432239,15.77,-0.94,-0.0596
2017-04-18,1140.38,1147.28,1107.4,1118.91,5221307.0,0.0268251926409275,14.83,-0.24,-0.0162
2017-04-19,1115.12,1118.95,1066.03,1073.7,7515911.0,0.0386140405931055,14.59,-0.59,-0.0404
2017-04-20,1080.65,1099.06,1072.21,1092.92,3641708.0,0.0187097825586595,14.0,0.25,0.0179
2017-04-21,1089.05,1099.79,1052.24,1063.74,3093702.0,0.0158943253334122,14.25,-0.38,-0.0267
2017-04-24,1059.1,1063.7,1031.49,1032.25,3025855.0,0.0155457519120238,13.87,-0.41,-0.0296
2017-04-25,1035.29,1067.5,1026.85,1061.36,3277361.0,0.0168378990507286,13.46,0.38,0.0282
2017-04-26,1061.36,1087.43,1059.06,1068.26,2885201.0,0.0148231223777488,13.84,0.09,0.0065
2017-04-27,1065.96,1108.14,1059.82,1102.77,4014759.0,0.0206263840800583,13.93,0.45,0.0323
2017-04-28,1101.2,1124.97,1096.6,1114.24,2775501.0,0.0142595233339251,14.38,0.15,0.0104
2017-05-02,1122.65,1123.42,1093.51,1106.55,2020201.0,0.0103790642837884,14.53,-0.1,-0.0069
2017-05-03,1107.26,1119.53,1097.29,1101.13,2221393.0,0.0114127162329676,14.43,-0.07,-0.0049
2017-05-04,1102.68,1111.88,1097.32,1105.75,2345008.0,0.0120478055292508,14.36,0.06,0.0042
2017-05-05,1106.5,1110.34,1052.06,1057.43,3685018.0,0.0189322937217224,14.42,-0.63,-0.0437
2017-05-08,1054.34,1073.51,1028.27,1036.7,3215157.0,0.016518317328559,13.79,-0.27,-0.0196
2017-05-09,1027.5,1038.24,1011.4,1032.87,2784666.0,0.0143066097991635,13.52,-0.05,-0.0037
2017-05-10,1035.12,1047.39,1005.22,1008.29,1928248.0,0.0099066429266624,13.47,-0.32,-0.0238
2017-05-11,1004.42,1010.56,966.85,988.32,3955115.0,0.0203199547147911,13.15,-0.26,-0.0198
2017-05-12,990.6,1002.1,978.33,987.53,2307201.0,0.0118535667958885,12.89,-0.01,-0.0008
2017-05-15,987.54,999.04,984.48,994.44,1984411.0,0.0101951881691261,12.88,0.09,0.007
2017-05-16,996.76,1029.73,986.79,1021.29,3012352.0,0.0154763783670033,12.97,0.35,0.027
2017-05-17,1014.4,1030.5,1014.4,1018.23,2235389.0,0.0114846226342198,13.32,-0.04,-0.003
2017-05-18,1012.05,1031.22,998.25,1028.92,2048475.0,0.0105243259006076,13.28,0.14,0.0105
2017-05-19,1023.59,1030.49,1012.85,1018.22,1119903.0,0.0057536577937578,13.42,-0.14,-0.0104
2017-05-22,1008.26,1019.76,969.15,979.12,2730480.0,0.0140282216698232,13.28,-0.51,-0.0384
2017-05-23,979.9,984.5,881.75,902.46,3391259.0,0.0174230659048163,12.77,-1.0,-0.0783
2017-05-24,898.63,917.03,857.99,914.73,2871344.0,0.0147519301083754,11.77,0.16,0.0136
2017-05-25,913.99,923.96,891.76,920.13,2109158.0,0.010836093273227,11.93,0.07,0.0059
2017-05-26,924.7,924.7,910.89,913.96,1574601.0,0.0080897321604719,12.0,-0.08,-0.0067
2017-05-31,927.0,933.9,884.06,886.36,2794000.0,0.0143545645254629,11.92,-0.36,-0.0302
2017-06-01,886.39,893.3,838.85,841.15,2570261.0,0.013205074220394,11.56,-0.59,-0.051
2017-06-02,841.12,858.75,806.62,857.22,4642103.0,0.0238494513412115,10.97,0.21,0.0191
2017-06-05,858.74,879.44,852.61,868.71,2939910.0,0.0151041974925031,11.18,0.15,0.0134
2017-06-06,863.3,875.57,854.87,870.97,2164465.0,0.0111202406963515,11.33,0.03,0.0026
2017-06-07,870.94,908.51,863.27,897.01,3481637.0,0.0178873954798637,11.36,0.34,0.0299
2017-06-08,900.81,903.88,890.08,894.68,2867532.0,0.0147323454269255,11.7,-0.03,-0.0026
2017-06-09,893.91,912.31,881.65,905.41,2906339.0,0.0149317217997027,11.67,0.14,0.012
2017-06-12,903.07,906.14,884.67,894.64,2582773.0,0.0132693563647543,11.81,-0.14,-0.0119
2017-06-13,890.77,906.1,884.64,899.2,1559300.0,0.0080111211397832,11.67,0.06,0.0051
2017-06-14,899.18,909.15,893.82,905.31,1859029.0,0.0095510206639967,11.73,0.08,0.0068
2017-07-27,897.63,909.13,859.3,900.7,5734825.0,0.0294634629580308,11.81,-0.06,-0.0051
2017-07-28,896.88,909.15,881.55,886.92,3637002.0,0.0186856048275726,11.75,-0.18,-0.0153
2017-07-31,880.77,890.73,849.34,858.54,5130148.0,0.026356850569497,11.57,-0.37,-0.032
2017-08-01,861.6,883.06,857.0,879.23,3067609.0,0.015760268908157,11.2,0.27,0.0241
2017-08-02,871.58,883.84,857.02,866.21,2329498.0,0.0119681207419244,11.47,-0.17,-0.0148
2017-08-03,860.11,899.97,860.11,898.44,3502768.0,0.0179959589383417,11.3,0.42,0.0372
2017-08-04,895.41,910.74,891.57,900.77,3045721.0,0.0156478162566419,11.72,0.03,0.0026
2017-08-07,902.3,913.8,899.24,903.84,2159410.0,0.0110942699291087,11.75,0.04,0.0034
2017-08-08,900.74,907.64,881.58,891.54,3010750.0,0.0154681478686605,11.79,-0.16,-0.0136
2017-08-09,891.56,906.9,886.96,905.36,2259190.0,0.0116069035899358,11.63,0.18,0.0155
2017-08-10,904.6,909.97,885.44,895.4,2723547.0,0.0139926024157591,11.81,-0.13,-0.011
2017-08-11,890.06,895.43,872.43,873.2,2036200.0,0.0104612613767887,11.68,-0.29,-0.0248
2017-08-14,874.73,895.43,873.96,893.89,2758069.0,0.0141699640036432,11.39,0.27,0.0237
2017-08-15,903.83,946.0,903.83,942.16,7215982.0,0.037073113541009,11.66,0.63,0.054
2017-08-16,934.47,956.71,933.71,949.04,5207002.0,0.0267516987090961,12.29,0.09,0.0073
2017-08-17,955.9,955.9,939.04,942.87,2763169.0,0.0141961659646596,12.38,-0.08,-0.0065
2017-08-18,943.68,952.88,937.55,945.98,2534002.0,0.0130187885528461,12.3,0.04,0.0033
2017-08-21,943.69,954.43,942.16,945.23,2626084.0,0.0134918726654566,12.34,-0.01,-0.0008
2017-08-22,946.75,946.75,931.42,932.18,1787568.0,0.0091838798137626,12.33,-0.17,-0.0138
2017-08-23,935.97,939.04,921.41,926.78,1615900.0,0.0083019115306712,12.16,-0.07,-0.0058
2017-08-24,923.7,939.8,922.17,929.83,1692751.0,0.0086967442573521,12.09,0.04,0.0033
2017-08-25,925.98,938.25,925.21,933.65,2214625.0,0.011377944689407,12.13,0.05,0.0041
2017-08-28,929.02,954.32,927.49,952.79,2428669.0,0.0124776255803477,12.18,0.25,0.0205
2017-08-29,953.58,975.81,942.85,965.08,3731218.0,0.0191696526626946,12.43,0.16,0.0129
2017-08-30,965.81,971.94,956.61,960.44,2440768.0,0.0125397858796296,12.59,-0.06,-0.0048
2017-08-31,960.45,979.61,956.61,961.21,3208418.0,0.0164836947765414,12.53,0.01,0.0008
2017-09-01,958.15,968.11,957.38,961.98,2519568.0,0.0129446318655303,12.54,0.01,0.0008
2017-09-04,967.35,967.35,958.15,962.75,2264066.0,0.0116319547197232,12.55,0.01,0.0008
2017-09-05,963.52,992.65,961.22,982.68,3648186.0,0.0187430641867897,12.56,0.26,0.0207
2017-09-06,980.4,984.23,971.2,979.63,2524984.0,0.0129724573206018,12.82,-0.04,-0.0031
2017-09-07,979.6,992.64,974.24,982.67,2568109.0,0.013194018020373,12.78,0.04,0.0031
2017-09-08,986.5,988.8,974.24,978.84,1894136.0,0.0097313877709385,12.82,-0.05,-0.0039
2017-09-11,977.33,998.79,974.26,998.02,2874900.0,0.0147701995541351,12.77,0.25,0.0196
2017-09-12,1001.11,1006.47,988.84,1005.71,2672097.0,0.0137282708678582,13.02,0.1,0.0077
2017-09-13,1004.14,1007.97,996.47,1004.9,1612758.0,0.0082857690676294,13.12,-0.01,-0.0008
2017-09-14,1007.21,1026.37,1001.84,1025.6,3816114.0,0.019605817698469,13.11,0.27,0.0206
2017-09-15,1026.36,1037.85,1010.26,1020.99,5143690.0,0.0264264244824547,13.38,-0.06,-0.0045
2017-09-18,1022.53,1022.53,991.1,1011.8,3041598.0,0.0156266337693339,13.32,-0.12,-0.009
2017-09-19,1012.6,1019.5,996.5,1003.4,2341664.0,0.0120306252630471,13.2,-0.11,-0.0083
2017-09-20,1000.38,1020.32,997.32,1017.25,2623260.0,0.0134773639717487,13.09,0.18,0.0138
2017-09-21,1024.12,1024.12,1000.36,1001.89,1827600.0,0.0093895497948232,13.27,-0.2,-0.0151
2017-09-22,1002.64,1003.41,975.81,977.34,2750501.0,0.0141310823485506,13.07,-0.32,-0.0245
2017-09-25,975.07,1008.04,968.18,1003.44,3208200.0,0.0164825747711489,12.75,0.34,0.0267
2017-09-26,999.62,1002.69,973.56,980.46,2103324.0,0.01080612028488,13.09,-0.3,-0.0229
2017-09-27,981.99,992.72,970.19,974.48,1540600.0,0.007915047282723,9.14,-0.06,-0.0061
2017-09-28,967.99,978.73,928.29,929.36,5343277.0,0.019608450371695,9.08,-0.42,-0.0463
2017-09-29,926.14,935.79,899.31,907.89,5025573.0,0.0184425585197679,8.66,-0.2,-0.0231
2017-10-09,912.16,932.55,910.01,923.96,3313932.0,0.0121612769012671,8.46,0.15,0.0177
2017-10-10,925.0,930.36,912.12,922.85,3449177.0,0.0126575912174667,8.61,-0.01,-0.0012
2017-10-11,923.93,1015.14,922.85,1015.14,16618750.0,0.0609865321626796,8.6,0.86,0.1
2017-10-12,1024.84,1067.77,1024.84,1031.28,29396915.0,0.1078791065592213,9.46,0.15,0.0159
2017-10-13,1017.29,1061.29,991.54,1055.93,18722062.0,0.0687051454721132,9.61,0.23,0.0239
2017-10-16,1035.59,1050.61,998.03,1000.17,12313611.0,0.0451877808674073,9.84,-0.52,-0.0528
2017-10-17,1001.29,1083.92,991.63,1061.38,23393991.0,0.0858499215966867,9.32,0.57,0.0612
2017-10-18,1051.69,1111.79,1037.74,1093.54,28837274.0,0.1058253682307637,9.89,0.3,0.0303
2017-10-19,1073.15,1116.07,1065.64,1081.73,23122163.0,0.0848523828489038,10.19,-0.11,-0.0108
2017-10-20,1091.39,1127.88,1079.59,1122.52,24919771.0,0.0914491412156817,10.08,0.38,0.0377
2017-10-23,1116.02,1123.53,1084.9,1104.22,16289464.0,0.0597781373538209,10.46,-0.17,-0.0163
2017-10-24,1095.68,1096.75,1037.73,1040.95,16018116.0,0.0587823600824089,10.29,-0.59,-0.0573
2017-10-25,1043.06,1061.3,1034.47,1055.94,11020568.0,0.0404426460945015,9.7,0.14,0.0144
2017-10-26,1048.4,1051.62,1025.87,1050.55,8608606.0,0.0315913667811861,9.84,-0.05,-0.0051
2017-10-27,1046.22,1067.68,1020.47,1032.27,10259350.0,0.0376491720943625,9.79,-0.17,-0.0174
2017-10-30,1037.64,1038.71,929.26,956.09,13411929.0,0.0492183250438255,9.62,-0.71,-0.0738
2017-10-31,956.09,996.86,946.43,985.06,8646150.0,0.0317291435913262,8.91,0.27,0.0303
2017-11-01,976.5,986.15,956.11,957.18,7004270.0,0.0257038668751315,9.18,-0.26,-0.0283
2017-11-02,950.71,962.52,936.76,948.57,5939748.0,0.021797345314191,8.92,-0.08,-0.009
2017-11-03,949.69,955.05,923.93,940.03,4527657.0,0.0166153350433745,8.84,-0.08,-0.009
2017-11-06,941.07,952.88,920.68,948.58,5216030.0,0.0191414866555247,8.76,0.08,0.0091
2017-11-07,946.42,951.79,924.96,938.91,4308280.0,0.015810277956274,8.84,-0.09,-0.0102
2017-11-08,939.96,946.39,931.37,942.1,4462380.0,0.0163757852661661,8.75,0.03,0.0034
2017-11-09,942.1,958.19,936.73,956.04,5907821.0,0.0216801814473323,8.78,0.13,0.0148
2017-11-10,949.63,955.0,932.46,935.68,5722905.0,0.0210015873544315,8.91,-0.19,-0.0213
2017-11-13,930.33,939.98,885.26,889.55,9494182.0,0.0348412026115883,8.72,-0.43,-0.0493
2017-11-14,885.29,894.95,859.54,865.98,6870833.0,0.0252141874532621,8.29,-0.22,-0.0265
2017-11-15,867.04,867.04,838.06,844.5,5753815.0,0.0211150190932295,8.07,-0.2,-0.0248
2017-11-16,845.54,858.42,843.39,846.61,3919622.0,0.0143840031993108,7.87,0.02,0.0025
2017-11-17,846.61,847.69,790.82,797.26,6843004.0,0.0251120621909196,7.89,-0.46,-0.0583
2017-11-20,799.39,801.53,763.98,792.95,3627455.0,0.0133118255600555,7.43,-0.04,-0.0054
2017-11-21,790.81,795.1,773.64,790.81,2745134.0,0.0100739347412931,7.39,-0.02,-0.0027
2017-11-22,791.88,792.95,779.0,783.3,2845861.0,0.0104435768879738,7.37,-0.07,-0.0095
2017-11-23,781.18,811.23,779.04,781.18,4130260.0,0.0151569904072345,7.3,-0.02,-0.0027
2017-11-24,786.54,797.27,781.17,792.98,2385510.0,0.0087542072863117,7.28,0.11,0.0151
2017-11-27,788.7,801.57,787.62,788.7,2335680.0,0.0085713440205627,7.39,-0.04,-0.0054
2017-11-28,786.53,807.99,784.38,806.91,2936751.0,0.0107771197782794,7.35,0.17,0.0231
2017-11-29,808.0,810.15,794.05,802.64,2275262.0,0.0083496255218667,7.52,-0.04,-0.0053
2017-11-30,803.69,807.99,786.53,788.67,1995906.0,0.0073244609530009,7.48,-0.13,-0.0174
2017-12-01,786.55,796.21,783.34,795.14,2129848.0,0.0078159935948021,7.35,0.06,0.0082
2017-12-04,789.77,794.06,774.74,775.82,2805100.0,0.0102939945164066,7.41,-0.18,-0.0243
2017-12-05,767.24,781.19,724.32,725.39,6081292.0,0.0223167753380155,7.23,-0.47,-0.065
2017-12-06,726.46,741.49,718.95,730.76,4733682.0,0.0173713937294259,6.76,0.05,0.0074
2017-12-07,732.91,736.13,723.25,727.54,5337885.0,0.0195886631204624,6.81,-0.03,-0.0044
2017-12-08,730.73,742.53,725.36,738.24,4203271.0,0.0154249219724683,6.78,0.1,0.0147
2017-12-11,740.36,757.52,734.99,748.94,3678596.0,0.0134994998581424,6.88,0.1,0.0145
2017-12-12,755.38,760.74,743.57,745.72,2856801.0,0.0104837238702595,6.98,-0.03,-0.0043
2017-12-13,742.51,755.38,742.51,751.09,1803941.0,0.0066199988456458,6.95,0.05,0.0072
2017-12-14,751.06,752.13,742.47,748.91,1589121.0,0.005831664774841,7.0,-0.02,-0.0029
2017-12-15,747.8,747.8,728.49,730.64,3264785.0,0.0119809200696041,6.98,-0.17,-0.0244
2017-12-18,731.68,741.34,719.88,735.97,2537459.0,0.0093118209802169,6.81,0.05,0.0073
2017-12-19,735.94,746.67,734.87,742.37,1956618.0,0.0071802841120468,6.86,0.06,0.0087
2017-12-20,742.34,747.7,727.32,731.61,2287084.0,0.0083930092169838,6.92,-0.1,-0.0145
2017-12-21,730.51,733.73,715.49,724.07,2516126.0,0.0092335343647599,6.82,-0.07,-0.0103
2017-12-22,724.07,729.44,720.86,724.07,1557794.0,0.0057167027534459,6.75,0.0,0.0
2017-12-25,729.43,729.43,712.27,717.63,1926019.0,0.0070679936631474,6.75,-0.06,-0.0089
2017-12-26,717.62,717.62,697.24,715.48,3599758.0,0.0132101847037149,6.69,-0.02,-0.003
2017-12-27,715.48,721.91,705.82,716.55,2904935.0,0.0106603632528315,6.67,0.01,0.0015
2017-12-28,718.7,722.99,711.19,718.7,2797816.0,0.0102672641124789,6.68,0.02,0.003
2017-12-29,716.52,728.32,715.45,726.18,2018840.0,0.0074086228261032,6.7,0.07,0.0104
2018-01-02,725.11,740.12,725.11,735.83,2224593.0,0.0081636833422111,6.77,0.09,0.0133
2018-01-03,739.05,752.99,731.54,750.84,3740727.0,0.0137275046256369,6.86,0.14,0.0204
2018-01-04,750.87,777.68,746.57,772.32,5135597.0,0.0188463182619066,7.0,0.2,0.0286
2018-01-05,770.21,772.35,762.7,766.99,2888725.0,0.0106008767278908,7.2,-0.05,-0.0069
2018-01-08,766.99,771.28,756.26,768.06,2417028.0,0.0088698702285128,7.15,0.01,0.0014
2018-01-09,770.22,775.59,763.79,774.51,2355229.0,0.0086430838155081,7.16,0.06,0.0084
2018-01-10,774.51,774.51,750.91,759.49,2758630.0,0.0101234615852535,7.22,-0.14,-0.0194
2018-01-11,752.0,759.51,749.85,757.36,2520580.0,0.0092498793975844,7.08,-0.02,-0.0028
2018-01-12,750.9,760.55,746.61,746.61,1754621.0,0.0064390071485408,7.06,-0.1,-0.0142
2018-01-15,746.64,746.64,717.68,721.97,2551814.0,0.0093645001329327,6.96,-0.23,-0.033
2018-01-16,720.9,725.19,714.46,721.97,2450582.0,0.0089930047663201,6.73,0.0,0.0
2018-01-17,725.18,742.34,714.45,735.9,4041520.0,0.0148313374631734,6.73,0.13,0.0193
2018-01-18,732.72,734.87,727.36,729.5,2186573.0,0.0080241597346699,6.86,-0.06,-0.0087
2018-01-19,729.5,733.79,725.21,729.5,2011000.0,0.0073798520453793,6.8,0.0,0.0
2018-01-22,726.25,733.76,718.74,731.62,2239158.0,0.0082171331408391,6.8,0.02,0.0029
2018-01-23,732.71,735.93,727.35,729.5,2475334.0,0.009083838231177,6.82,-0.02,-0.0029
2018-01-24,729.51,733.8,723.07,733.8,2922019.0,0.010723057132664,6.8,0.04,0.0059
2018-01-25,739.2,770.31,734.91,752.07,6504393.0,0.0238694470338147,6.84,0.17,0.0249
2018-01-26,745.6,757.4,745.6,749.89,3532040.0,0.0129616770852122,7.01,-0.02,-0.0029
2018-01-29,749.89,756.33,731.65,735.94,3547450.0,0.0130182278162014,6.99,-0.13,-0.0186
2018-01-30,735.95,740.24,731.66,733.81,1608060.0,0.0059011660268984,6.86,-0.02,-0.0029
2018-01-31,757.4,806.75,757.4,806.75,26305789.0,0.0965354702918789,6.84,0.68,0.0994
2018-02-01,806.72,806.72,762.74,797.07,25917368.0,0.0951100652638738,7.52,-0.09,-0.012
2018-02-02,778.86,836.8,741.32,821.78,19002610.0,0.0697346843739666,7.43,0.23,0.031
2018-02-05,802.45,857.17,791.73,844.29,21091821.0,0.077401550645264,7.66,0.21,0.0274
2018-02-06,821.78,834.65,779.94,786.37,15275400.0,0.0560567836568813,7.87,-0.54,-0.0686
2018-02-07,806.75,815.34,759.55,798.17,12888860.0,0.047298796535857,7.33,0.11,0.015
2018-02-08,788.54,849.69,786.39,848.61,17258626.0,0.0633347122757523,7.44,0.47,0.0632
2018-02-09,821.79,833.59,797.11,800.33,14488815.0,0.0531702193002852,7.91,-0.45,-0.0569
2018-02-12,811.09,831.48,788.56,828.26,12111383.0,0.0444456561933978,7.46,0.26,0.0349
2018-02-13,821.78,841.1,788.53,794.96,13350913.0,0.0489944120391508,7.72,-0.31,-0.0402
2018-02-14,793.86,811.02,778.84,804.58,6650642.0,0.024406143195816,7.41,0.09,0.0121
2018-02-22,807.83,822.85,797.1,816.41,8154165.0,0.0299236853573401,7.5,0.11,0.0147
2018-02-23,818.52,820.66,797.06,804.57,7385155.0,0.0271016167241142,7.61,-0.11,-0.0145
2018-02-26,805.67,852.87,804.6,838.93,16147815.0,0.0592583220070402,7.5,0.32,0.0427
2018-02-27,835.68,901.12,828.17,877.52,21229816.0,0.0779079567531716,7.82,0.36,0.046
2018-02-28,866.78,887.16,853.91,873.22,12067350.0,0.0442840664245693,8.18,-0.04,-0.0049
2018-03-01,866.75,888.2,859.24,878.55,12156652.0,0.0446117817638813,8.14,0.05,0.0061
2018-03-02,869.94,876.37,834.54,844.19,13904660.0,0.0510265209056712,8.19,-0.32,-0.0391
2018-03-05,847.43,862.45,838.85,856.01,8224014.0,0.0301800131969809,7.87,0.11,0.014
2018-03-06,852.83,858.2,837.82,857.13,9146422.0,0.0335650129809065,7.98,0.01,0.0013
2018-03-07,852.86,852.86,836.77,837.84,6900181.0,0.0253218870543699,7.99,-0.18,-0.0225
2018-03-08,835.73,836.8,817.49,829.29,9155565.0,0.0335985654360288,7.81,-0.08,-0.0102
2018-03-09,828.23,855.05,818.58,848.62,9868340.0,0.0362142661031821,7.73,0.18,0.0233
2018-03-12,855.08,856.16,841.14,849.72,8559924.0,0.0314127163797573,7.91,0.01,0.0013
2018-03-13,847.54,874.36,842.18,865.78,11891600.0,0.043639109190867,7.92,0.15,0.0189
2018-03-14,864.72,871.16,835.76,837.9,8072260.0,0.0296231151028514,8.07,-0.26,-0.0322
2018-03-15,833.6,833.6,797.13,810.0,9389938.0,0.0344586539807487,7.81,-0.26,-0.0333
2018-03-16,807.83,817.49,804.61,806.76,4239485.0,0.0155578180251642,7.55,-0.03,-0.004
2018-03-19,806.75,807.82,778.86,803.53,4481900.0,0.0164474186385807,7.52,-0.03,-0.004
2018-03-20,800.33,812.13,785.31,812.13,3986119.0,0.0146280300622951,7.49,0.08,0.0107
2018-03-21,806.77,820.71,790.67,791.75,5021640.0,0.0184281254227543,7.57,-0.19,-0.0251
2018-03-22,797.11,800.33,787.45,791.75,3279860.0,0.0120362414368762,7.38,0.0,0.0
2018-03-23,756.35,776.74,718.8,725.24,8819554.0,0.032365491609266,7.38,-0.62,-0.084
2018-03-26,714.49,738.09,709.12,733.8,4110407.0,0.0150841350105876,6.76,0.08,0.0118
2018-03-27,743.47,749.9,740.25,745.61,4085933.0,0.0149943217341288,6.84,0.11,0.0161
2018-03-28,731.64,744.51,730.57,732.71,3574101.0,0.0131160301219505,6.95,-0.12,-0.0173
2018-03-29,729.5,747.73,729.5,747.73,3938679.0,0.014453937480976,6.83,0.14,0.0205
2018-03-30,747.73,755.24,743.44,750.95,3511133.0,0.0128849537800343,6.97,0.03,0.0043
2018-04-02,753.07,763.8,746.64,752.0,4191816.0,0.0153828850728264,7.0,0.01,0.0014
2018-04-03,743.41,748.77,732.68,744.48,3913035.0,0.0143598306058633,7.01,-0.07,-0.01
2018-04-04,742.33,757.35,742.33,749.84,3593965.0,0.0131889258857642,6.94,0.05,0.0072
2018-04-09,740.22,759.53,734.86,755.24,2951582.0,0.0108315457283963,6.99,0.05,0.0072
2018-04-10,754.13,760.57,747.7,757.35,2731766.0,0.0100248776243649,7.04,0.02,0.0028
2018-04-11,759.5,763.79,753.06,757.35,3223687.0,0.0118301009948348,7.06,0.0,0.0
2018-04-12,756.28,759.5,748.77,750.92,2809584.0,0.0103104496415043,7.06,-0.06,-0.0085
2018-04-13,753.07,759.51,745.56,746.64,2454500.0,0.0090073828171972,7.0,-0.04,-0.0057
2018-04-16,736.96,746.62,730.53,732.67,2877820.0,0.0105608581865906,6.96,-0.13,-0.0187
2018-04-17,733.73,742.31,720.86,723.0,2606401.0,0.0095648203634653,6.83,-0.09,-0.0132
2018-04-18,731.62,742.34,716.6,739.12,2534594.0,0.0093013071681284,6.74,0.15,0.0223
2018-04-19,739.12,748.77,735.9,745.56,2575235.0,0.0094504491706029,6.89,0.06,0.0087
2018-04-20,744.48,754.13,735.9,740.19,2420080.0,0.0088810702824374,6.95,-0.05,-0.0072
2018-04-23,773.45,775.59,745.56,753.07,4950498.0,0.0181670526061395,6.9,0.12,0.0174
2018-04-24,745.54,765.92,745.54,758.41,3978271.0,0.0145992299236317,7.02,0.05,0.0071
2018-04-25,753.06,769.15,751.99,764.86,3418426.0,0.0125447429677166,7.07,0.06,0.0085
2018-04-26,765.97,767.04,744.51,745.59,2890237.0,0.010606425378459,7.13,-0.18,-0.0252
2018-04-27,746.63,754.14,741.27,746.63,2392620.0,0.008780299155055,6.95,0.01,0.0014
2018-05-02,747.71,757.36,747.71,755.22,2702322.0,0.0099168257279829,6.96,0.08,0.0115
2018-05-03,750.92,761.65,746.63,760.58,2779063.0,0.0101984454325152,7.04,0.05,0.0071
2018-05-04,760.59,764.88,755.22,759.51,1757434.0,0.0064493301340225,7.09,-0.01,-0.0014
2018-05-07,761.67,769.18,759.52,767.03,3195557.0,0.0117268711400181,7.08,0.07,0.0099
2018-05-08,770.25,770.25,763.81,767.03,2989813.0,0.0109718436515921,7.15,0.0,0.0
2018-05-09,767.03,769.17,756.3,760.59,2639140.0,0.0096849640611847,7.15,-0.06,-0.0084
2018-05-10,761.66,784.19,760.59,780.97,4809957.0,0.0176513033339815,7.09,0.19,0.0268
2018-05-11,780.94,786.31,770.22,771.29,3247840.0,0.0119187362839706,7.28,-0.09,-0.0124
2018-05-14,767.03,771.32,758.44,763.81,2601387.0,0.0095464202748748,7.19,-0.07,-0.0097
2018-05-15,764.86,773.44,758.43,769.15,2273521.0,0.0083432365002799,7.12,0.05,0.007
2018-05-16,770.2,771.27,762.69,762.69,1747960.0,0.0064145629941528,7.17,-0.06,-0.0084
2018-05-17,768.04,778.76,764.82,766.96,3314086.0,0.0121618420416027,7.11,0.04,0.0056
2018-05-18,769.11,777.69,763.75,769.11,3725491.0,0.0136715924298321,7.15,0.02,0.0028
2018-05-21,775.51,780.87,770.15,779.8,4162218.0,0.0152742680361088,7.17,0.1,0.0139
2018-05-22,779.84,797.0,778.76,790.56,4768617.0,0.0174995961815419,7.27,0.1,0.0138
2018-05-23,791.62,791.62,775.53,777.68,3565460.0,0.0130843198775327,7.37,-0.12,-0.0163
2018-05-24,780.91,789.92,771.9,773.4,2299662.0,0.008439167237385,5.18,-0.03,-0.0055
2018-05-25,768.86,773.36,743.33,746.33,5229587.0,0.0137080266884535,5.15,-0.18,-0.035
2018-05-28,743.32,746.33,731.31,734.31,3247614.0,0.0085127906631623,4.97,-0.08,-0.0161
2018-05-29,732.78,737.29,726.77,735.78,2378982.0,0.0062358937230321,4.89,0.01,0.002
2018-05-30,726.81,728.31,690.77,693.77,4730038.0,0.0123985865693408,4.9,-0.28,-0.0571
2018-05-31,698.31,707.32,692.3,704.32,3014684.0,0.0079022241582851,4.62,0.07,0.0152
2018-06-01,704.31,708.82,687.79,695.3,2844400.0,0.007455868142673,4.69,-0.06,-0.0128
2018-06-04,696.83,705.84,693.83,704.34,2875441.0,0.0075372341963282,4.63,0.06,0.013
2018-06-05,705.83,725.35,704.32,719.34,3714908.0,0.0097376825376745,4.69,0.1,0.0213
2018-06-06,714.82,731.34,713.32,728.33,3660330.0,0.009594620249849,4.79,0.06,0.0125
2018-06-07,729.8,732.81,711.78,714.79,2928783.0,0.007677056625827,4.85,-0.09,-0.0186
2018-06-08,708.79,714.8,686.26,692.27,4261844.0,0.0111713355746879,4.76,-0.15,-0.0315
2018-06-11,690.8,699.81,687.79,689.29,2494918.0,0.0065397903370769,4.61,-0.02,-0.0043
2018-06-12,684.77,692.28,677.27,687.78,2018623.0,0.0052913046399125,4.59,-0.01,-0.0022
2018-06-13,687.78,689.28,668.26,669.76,3178128.0,0.0083306508608273,4.58,-0.12,-0.0262
2018-06-14,668.27,677.28,663.77,665.27,2646894.0,0.0069381566065365,4.46,-0.03,-0.0067
2018-06-15,665.25,669.76,639.72,639.72,4193797.0,0.0109929677433335,4.43,-0.17,-0.0384
2018-06-19,633.73,633.73,582.67,591.68,5976480.0,0.0156658159321202,4.26,-0.32,-0.0751
2018-06-20,596.2,608.21,585.68,606.71,3432444.0,0.0089972753027384,3.94,0.1,0.0254
2018-06-21,600.72,615.74,593.21,596.21,3016194.0,0.0079061822376324,4.04,-0.07,-0.0173
2018-06-22,588.71,606.73,584.2,603.73,2254952.0,0.005910780755188,3.97,0.05,0.0126
2018-06-25,608.22,608.22,596.2,600.71,2322717.0,0.006088409395565,4.02,-0.02,-0.005
2018-06-26,591.7,605.21,587.19,599.21,2427622.0,0.0063633910604177,4.0,-0.01,-0.0025
2018-06-27,599.22,600.72,591.71,593.21,2284889.0,0.0059892529548038,3.99,-0.04,-0.01
2018-06-28,591.71,599.22,584.2,588.7,2296224.0,0.0045554559755164,3.95,-0.03,-0.0076
2018-06-29,588.7,605.22,587.2,603.72,2470336.0,0.0049008750421271,3.92,0.1,0.0255
2018-07-02,600.74,605.24,590.22,596.23,2623184.0,0.0052041086704429,4.02,-0.05,-0.0124
2018-07-03,593.25,602.26,588.75,600.76,2311588.0,0.0045859364624409,3.97,0.03,0.0076
2018-07-04,599.26,599.26,584.24,587.24,2830013.0,0.0056144346682376,4.0,-0.09,-0.0225
2018-07-05,590.23,591.74,570.71,572.21,2502174.0,0.0049640381339459,3.91,-0.1,-0.0256
2018-07-06,573.73,585.74,561.71,576.73,2901256.0,0.0057557729479802,3.81,0.03,0.0079
2018-07-09,576.72,587.23,575.22,585.73,1885306.0,0.0037402398386991,3.84,0.06,0.0156
2018-07-10,587.24,590.24,584.23,590.24,1830139.0,0.0036307945756057,3.9,0.03,0.0077
2018-07-11,581.24,581.24,558.71,569.23,3033260.0,0.0060176543718274,3.93,-0.14,-0.0356
2018-07-12,569.22,584.24,563.21,581.24,2392144.0,0.0047457507103382,3.79,0.08,0.0211
2018-07-13,582.74,587.24,576.73,581.24,1788304.0,0.0035477985348293,3.87,0.0,0.0
2018-07-16,579.76,585.77,575.26,585.77,1786983.0,0.0035451778160564,3.87,0.03,0.0078
2018-07-17,585.77,585.77,575.25,581.26,1412431.0,0.0028021078252621,3.9,-0.03,-0.0077
2018-07-18,584.29,590.3,582.79,585.79,2447428.0,0.004855428088569,3.87,0.03,0.0078
2018-07-19,587.33,587.33,573.81,575.31,2027249.0,0.0040218391458802,3.9,-0.07,-0.0179
2018-07-20,575.33,587.35,570.82,584.34,1821596.0,0.0036138462027994,3.83,0.06,0.0157
2018-07-23,582.82,594.84,581.32,593.34,2607250.0,0.0051724973661825,3.89,0.06,0.0154
2018-07-24,594.83,608.35,590.33,608.35,4475877.0,0.0088796479025245,3.95,0.1,0.0253
2018-07-25,608.35,614.36,602.34,608.35,3593380.0,0.0071288708737916,4.05,0.0,0.0
2018-07-26,606.88,626.41,605.37,620.4,4786870.0,0.0094966238248186,4.05,0.08,0.0198
2018-07-27,620.37,620.37,609.86,615.87,3034451.0,0.0060200171848921,4.13,-0.03,-0.0073
2018-07-30,612.88,615.89,603.87,606.88,2333883.0,0.0046301672913906,4.1,-0.06,-0.0146
2018-07-31,606.86,617.38,606.86,611.37,2299068.0,0.0045610981588549,4.04,0.03,0.0074
2018-08-01,609.87,620.39,608.37,608.37,3323644.0,0.0065937443038176,4.07,-0.02,-0.0049
2018-08-02,602.34,606.84,570.79,591.82,4458865.0,0.0088458979647765,4.05,-0.11,-0.0272
2018-08-03,591.84,599.35,588.83,594.84,2165629.0,0.0042963698527677,3.94,0.02,0.0051
2018-08-06,593.33,593.33,578.3,584.31,2095567.0,0.0041573745471892,3.96,-0.07,-0.0177
2018-08-07,585.83,596.35,578.32,596.35,2234506.0,0.0044330142486218,3.89,0.08,0.0206
2018-08-08,600.86,606.86,594.85,596.35,3012132.0,0.0059757387425809,3.97,0.0,0.0
2018-08-09,593.35,608.37,591.85,603.86,2653242.0,0.0052637404379499,3.97,0.05,0.0126
2018-08-10,605.37,606.87,597.86,603.86,1840779.0,0.0036519031658737,4.02,0.0,0.0
2018-08-13,599.34,611.35,591.82,611.35,3272916.0,0.0064931055287129,4.02,0.05,0.0124
2018-08-14,609.83,624.85,608.33,617.34,3930885.0,0.0077984436894301,4.07,0.04,0.0098
2018-08-15,638.35,657.88,617.32,618.82,13416040.0,0.0266159484378561,4.11,0.01,0.0024
2018-08-16,608.32,609.82,590.29,596.3,5213849.0,0.0103437032199343,4.12,-0.15,-0.0364
2018-08-17,600.83,603.84,572.29,576.8,4550116.0,0.0090269299168953,3.97,-0.13,-0.0327
2018-08-20,581.31,581.31,567.79,575.3,2689376.0,0.0053354263214784,3.84,-0.01,-0.0026
2018-08-21,573.78,582.79,572.28,579.79,1989868.0,0.0039476793514434,3.83,0.03,0.0078
2018-08-22,579.78,581.28,572.27,576.77,1809168.0,0.0035891904170991,3.86,-0.02,-0.0052
2018-08-23,578.27,582.78,573.76,579.77,2046460.0,0.0040599516578763,3.84,0.02,0.0052
2018-08-24,579.76,615.81,576.75,591.77,3976040.0,0.0078880262452149,3.86,0.08,0.0207
2018-08-27,587.29,603.81,585.79,602.31,3093291.0,0.0061367492761861,3.94,0.07,0.0178
2018-08-28,605.31,608.32,596.3,602.31,2587068.0,0.0051324584969355,4.01,0.0,0.0
2018-08-29,600.78,600.78,591.77,593.27,2502430.0,0.004964546009802,4.01,-0.06,-0.015
2018-08-30,593.27,596.27,587.26,588.76,1572919.0,0.0031204983736575,3.95,-0.03,-0.0076
2018-08-31,588.74,593.24,584.23,584.23,1707648.0,0.0033877858979257,3.92,-0.03,-0.0077
2018-09-03,582.74,584.24,573.72,579.73,1523620.0,0.0030226945774525,3.89,-0.03,-0.0077
2018-09-04,578.25,587.26,576.75,585.76,1826675.0,0.0036239223804282,3.86,0.04,0.0104
2018-09-05,585.74,588.74,579.73,579.73,1475148.0,0.0029265314583294,3.9,-0.04,-0.0103
2018-09-06,576.72,582.73,576.72,579.73,1528480.0,0.0030323362831576,3.86,0.0,0.0
2018-09-07,579.74,590.26,578.24,584.25,1780092.0,0.0035315068296337,3.86,0.03,0.0078
2018-09-10,584.23,584.23,572.21,572.21,1672022.0,0.0033171078305491,3.89,-0.08,-0.0206
2018-09-11,573.72,576.72,569.21,572.21,979892.0,0.0019439980013974,3.81,0.0,0.0
2018-09-12,573.72,578.22,572.21,572.21,1191925.0,0.0023646481630787,3.81,0.0,0.0
2018-09-13,576.71,579.71,575.2,579.71,1496116.0,0.0029681296651658,3.81,0.05,0.0131
2018-09-14,579.7,585.71,575.19,576.7,1506880.0,0.0029894842578016,3.86,-0.02,-0.0052
2018-09-17,576.7,579.7,572.19,573.7,1010972.0,0.0020056573045486,3.84,-0.02,-0.0052
2018-09-18,575.19,584.21,569.19,582.7,2198806.0,0.0043621893733805,3.82,0.06,0.0157
2018-09-19,581.21,593.22,578.21,590.22,3143300.0,0.0062359616343356,3.88,0.05,0.0129
2018-09-20,593.24,593.24,584.23,585.73,1707054.0,0.0033866074672284,3.93,-0.03,-0.0076
2018-09-21,585.72,612.75,585.72,609.75,6518806.0,0.0129325944445892,3.9,0.16,0.041
2018-09-25,671.33,671.33,671.33,671.33,2183429.0,0.0043316830958852,4.06,0.41,0.101
2018-09-26,738.94,738.94,738.94,738.94,6514602.0,0.0129242541707653,4.47,0.45,0.1007
2018-09-27,812.54,812.54,812.54,812.54,17036039.0,0.0337976284812288,4.92,0.49,0.0996
2018-09-28,796.01,881.62,784.0,856.09,94204432.0,0.1868912365146139,5.41,0.29,0.0536
2018-10-08,780.99,811.03,770.48,770.48,50653569.0,0.1004911121834301,5.7,-0.57,-0.1
2018-10-09,726.9,738.92,701.37,716.39,53553173.0,0.1062436077450266,5.13,-0.36,-0.0702
2018-10-10,710.42,740.46,686.39,735.95,43950128.0,0.0871922221970995,4.77,0.13,0.0273
2018-10-11,692.41,713.43,662.37,665.37,32696709.0,0.0648666760707023,4.9,-0.47,-0.0959
2018-10-12,668.35,711.9,668.35,695.38,35987580.0,0.0713954023454925,4.43,0.2,0.0451
2018-10-15,701.41,701.41,645.84,666.87,27551216.0,0.0546585836398994,4.63,-0.19,-0.041
2018-10-16,657.87,695.42,645.86,683.41,24969209.0,0.0495361656105715,4.44,0.11,0.0248
2018-10-17,683.39,690.9,648.85,666.87,20687408.0,0.041041543155871,4.55,-0.11,-0.0242
2018-10-18,663.85,665.35,602.27,612.79,22525795.0,0.0446887008567145,4.44,-0.36,-0.0811
2018-10-19,612.81,629.33,573.76,623.33,17808029.0,0.0353291717707942,4.08,0.07,0.0172
2018-10-22,624.83,669.89,623.32,654.87,25391114.0,0.0503731787475086,4.15,0.21,0.0506
2018-10-23,657.84,687.88,645.83,645.83,30203578.0,0.0599205782545941,4.36,-0.06,-0.0138
2018-10-24,645.81,680.35,627.79,665.33,31796793.0,0.0630813416609658,4.3,0.13,0.0302
2018-10-25,633.78,654.8,627.77,650.3,20526839.0,0.0407229919123805,4.43,-0.1,-0.0226
2018-10-26,656.3,665.31,642.78,651.79,16597332.0,0.0329272820234569,4.33,0.01,0.0023
2018-10-29,650.31,654.81,635.29,642.8,11609944.0,0.0230328525310297,4.34,-0.06,-0.0138
2018-10-30,642.83,659.35,639.82,653.34,14055210.0,0.027883991449283,4.28,0.07,0.0164
2018-10-31,651.84,675.87,644.33,663.86,22834228.0,0.0453005980204479,4.35,0.07,0.0161
2018-11-01,660.84,672.85,654.83,654.83,19075516.0,0.0378437266347967,4.42,-0.06,-0.0136
2018-11-02,662.32,695.36,653.31,693.86,30217145.0,0.0599474936910758,4.36,0.26,0.0596
2018-11-05,693.88,723.91,680.36,711.9,29442083.0,0.0584098558912376,4.62,0.12,0.026
2018-11-06,701.36,707.37,686.34,701.36,17615077.0,0.0349463762154007,4.74,-0.07,-0.0148
2018-11-07,708.86,732.89,692.34,698.35,24441539.0,0.0484893263411445,4.67,-0.02,-0.0043
2018-11-08,693.85,702.86,677.33,677.33,17262147.0,0.0342462018955438,4.65,-0.14,-0.0301
2018-11-09,675.84,678.84,665.33,666.83,10916648.0,0.0216574294860648,4.51,-0.07,-0.0155
2018-11-12,672.85,683.36,663.84,683.36,12952963.0,0.0256972545792542,4.44,0.11,0.0248
2018-11-13,669.85,695.38,666.85,687.87,18241633.0,0.0361893944375757,4.55,0.03,0.0066
2018-11-14,684.85,695.36,672.83,675.84,17828007.0,0.0353688059264684,4.58,-0.08,-0.0175
2018-11-15,674.34,683.35,671.34,681.85,15920926.0,0.0315853668816523,4.5,0.04,0.0089
2018-11-16,680.38,713.42,675.87,713.42,31120867.0,0.0617403787863913,4.54,0.21,0.0463
2018-11-19,717.91,744.94,705.89,720.91,31004898.0,0.0615103090397008,4.75,0.05,0.0105
2018-11-20,713.39,741.93,704.38,719.4,24626304.0,0.048855879788594,4.8,-0.01,-0.0021
2018-11-21,704.35,780.94,692.34,762.92,27204475.0,0.053970687615641,4.79,0.29,0.0605
2018-11-22,752.42,755.42,726.88,729.89,22544446.0,0.0447257023902754,5.08,-0.22,-0.0433
2018-11-23,728.39,728.39,693.85,698.36,15583868.0,0.0309166808648718,4.86,-0.21,-0.0432
2018-11-26,696.86,704.37,681.84,689.35,10184408.0,0.0202047458264949,4.65,-0.06,-0.0129
2018-11-27,696.84,696.84,669.8,680.32,9293482.0,0.0184372465884227,4.59,-0.06,-0.0131
2018-11-28,678.8,689.31,662.28,686.3,9065474.0,0.0179849037829885,4.53,0.04,0.0088
2018-11-29,687.83,692.34,663.8,665.3,9238820.0,0.0183288031898111,4.57,-0.14,-0.0306
2018-11-30,672.83,681.84,650.3,680.34,7989780.0,0.0158508451457966,4.43,0.1,0.0226
2018-12-03,689.37,707.4,689.37,693.88,11381294.0,0.0225792360681751,4.53,0.09,0.0199
2018-12-04,693.86,696.86,686.35,696.86,7640777.0,0.0151584615622163,4.62,0.02,0.0043
2018-12-05,683.31,689.32,671.3,681.81,7534497.0,0.014947613726344,4.64,-0.1,-0.0216
2018-12-06,681.83,683.34,660.81,662.31,6931540.0,0.0137514133257605,4.54,-0.13,-0.0286
2018-12-07,654.78,665.29,653.28,656.28,6168676.0,0.0122379750169081,4.41,-0.04,-0.0091
2018-12-10,657.81,677.34,656.31,662.32,6247568.0,0.0123944880717409,4.37,0.04,0.0092
2018-12-11,660.79,683.32,656.28,683.32,6116413.0,0.012134290970557,4.41,0.14,0.0317
2018-12-12,677.31,687.82,677.31,684.82,6025053.0,0.0119530427744215,4.55,0.01,0.0022
2018-12-13,684.79,698.31,677.28,696.8,7381417.0,0.0146439198355337,4.56,0.08,0.0175
2018-12-14,695.3,701.31,665.27,666.77,7681332.0,0.0152389182237123,4.64,-0.2,-0.0431
2018-12-17,669.76,678.77,657.75,678.77,4604772.0,0.0091353614121665,4.44,0.08,0.018
2018-12-18,671.29,680.3,660.78,674.29,4586281.0,0.0090986773010157,4.52,-0.03,-0.0066
2018-12-19,672.76,680.27,663.75,671.26,4069644.0,0.0080737262906513,4.49,-0.02,-0.0045
2018-12-20,671.28,677.29,665.28,669.78,3159829.0,0.0062687533531833,4.47,-0.01,-0.0022
2018-12-21,672.77,672.77,638.23,645.74,6431902.0,0.0127601864625734,4.46,-0.16,-0.0359
2018-12-24,645.75,651.76,641.25,650.26,3450892.0,0.0068461903465262,4.3,0.03,0.007
2018-12-25,645.77,650.27,608.22,630.75,6918460.0,0.0137254640437394,4.33,-0.13,-0.03
2018-12-26,629.22,633.73,620.21,627.72,4142040.0,0.0082173519956363,4.2,-0.02,-0.0048
2018-12-27,633.71,638.22,603.68,603.68,4752324.0,0.0094280883587098,4.18,-0.16,-0.0383
2018-12-28,603.67,621.69,603.67,612.68,4757868.0,0.0094390870452179,4.02,0.06,0.0149
2019-01-02,621.68,627.69,614.17,621.68,4020360.0,0.0079759522527973,4.08,0.06,0.0147
2019-01-03,621.68,627.68,612.67,612.67,3273404.0,0.0064940736670635,4.14,-0.06,-0.0145
2019-01-04,603.65,627.68,603.65,624.68,4083792.0,0.0081017943672595,4.08,0.08,0.0196
2019-01-07,638.18,639.68,627.66,633.67,4281778.0,0.0084945768252291,4.16,0.06,0.0144
2019-01-08,633.68,635.18,629.17,629.17,3546552.0,0.0070359692699317,4.22,-0.03,-0.0071
2019-01-09,630.69,642.7,630.69,632.19,5392159.0,0.0106974506570285,4.19,0.02,0.0048
2019-01-10,632.18,636.68,627.67,630.67,3507195.0,0.0069578893087309,4.21,-0.01,-0.0024
2019-01-11,630.7,656.22,629.19,641.21,5211850.0,0.0103397374236988,4.2,0.07,0.0167
2019-01-14,642.72,648.73,621.7,626.2,4801226.0,0.0095251045505599,4.27,-0.1,-0.0234
2019-01-15,623.21,639.73,623.21,636.72,4423652.0,0.0087760392439959,4.17,0.07,0.0168
2019-01-16,645.75,648.75,635.24,641.24,4158208.0,0.0082494275301714,4.24,0.03,0.0071
2019-01-17,641.25,641.25,623.22,623.22,4833192.0,0.0095885215803067,4.27,-0.12,-0.0281
2019-01-18,626.25,635.26,623.25,632.26,3410867.0,0.0067667851467634,4.15,0.06,0.0145
2019-01-21,632.29,642.81,626.28,635.3,3825324.0,0.007589022270513,4.21,0.02,0.0048
2019-01-22,638.29,638.29,620.27,626.27,3499280.0,0.006942186818884,4.23,-0.06,-0.0142
2019-01-23,626.27,627.78,618.76,624.77,3250635.0,0.0064489024742241,4.17,-0.01,-0.0024
2019-01-24,621.77,629.27,618.76,626.27,2714956.0,0.0053861742292843,4.16,0.01,0.0024
2019-01-25,626.27,627.77,618.76,620.26,2571511.0,0.0051015951192289,4.17,-0.04,-0.0096
2019-01-28,621.76,627.77,617.26,620.26,2844931.0,0.0056440303401941,4.13,0.0,0.0
2019-01-29,620.27,620.27,573.71,597.74,6423901.0,0.0127443133581811,4.13,-0.15,-0.0363
2019-01-30,608.28,617.29,603.77,605.28,3823748.0,0.007585895659774,3.98,0.05,0.0126
2019-01-31,608.27,618.78,593.25,603.76,4330221.0,0.0085906824115403,4.03,-0.01,-0.0025
2019-02-01,606.79,621.81,600.79,621.81,4133879.0,0.008201161468834,4.02,0.12,0.0299
2019-02-11,621.81,633.83,621.81,632.32,4846024.0,0.0096139788575923,4.14,0.07,0.0169
2019-02-12,635.36,638.36,624.84,635.36,7491958.0,0.0148632210269635,4.21,0.02,0.0048
2019-02-13,636.85,647.36,632.34,642.86,8461616.0,0.0167869158974584,4.23,0.05,0.0118
2019-02-14,642.83,653.34,639.82,648.83,9448060.0,0.0187439123465471,4.28,0.04,0.0093
2019-02-15,648.85,654.86,644.35,645.85,5579467.0,0.0110690491369077,4.32,-0.02,-0.0046
2019-02-18,650.38,668.41,648.88,666.9,7503432.0,0.0148859841815438,4.3,0.14,0.0326
2019-02-19,668.38,671.38,654.86,662.37,8579589.0,0.0170209613598347,4.44,-0.03,-0.0068
2019-02-20,660.85,668.36,653.34,660.85,6746432.0,0.0133841794040195,4.41,-0.01,-0.0023
2019-02-21,663.85,675.86,657.84,660.85,9607684.0,0.0190605888139283,4.4,0.0,0.0
2019-02-22,657.87,674.39,656.37,674.39,8185292.0,0.0162387194597508,4.4,0.09,0.0205
2019-02-25,680.42,708.96,677.42,705.95,18973247.0,0.0376408361819663,4.49,0.21,0.0468
2019-02-26,710.43,716.44,693.91,702.92,15737819.0,0.0312221027239268,4.7,-0.02,-0.0043
2019-02-27,698.43,725.47,693.93,705.94,10858754.0,0.0215425741547702,4.68,0.02,0.0043
2019-02-28,705.96,723.99,701.45,704.46,9725025.0,0.0192933804577849,4.7,-0.01,-0.0021
2019-03-01,707.47,714.98,698.45,708.97,9741773.0,0.0193266066485564,4.69,0.03,0.0064
2019-03-04,719.49,725.5,710.47,716.48,16040362.0,0.0318223147751904,4.72,0.05,0.0106
2019-03-05,718.0,730.02,710.49,727.01,12839827.0,0.0254728051931115,4.77,0.07,0.0147
2019-03-06,736.06,761.59,727.04,746.57,17523687.0,0.0347650685025632,4.84,0.13,0.0269
2019-03-07,743.58,766.11,737.57,757.1,15666087.0,0.0310797943219435,4.97,0.07,0.0141
2019-03-08,748.05,757.06,715.0,715.0,15805786.0,0.0313569417798238,5.04,-0.28,-0.0556
2019-03-11,714.99,752.54,714.99,751.04,15370499.0,0.0304933802260666,4.76,0.24,0.0504
2019-03-12,755.55,785.59,752.54,766.06,20627489.0,0.0409226704471993,5.0,0.1,0.02
2019-03-13,769.03,796.07,757.02,764.53,17231774.0,0.034185945202667,5.1,-0.01,-0.002
2019-03-14,758.55,772.07,724.0,740.52,12490922.0,0.0247806160307573,5.09,-0.16,-0.0314
2019-03-15,746.52,766.05,746.52,757.04,11004993.0,0.021832696253661,4.93,0.11,0.0223
2019-03-18,800.6,800.6,767.56,776.57,18272334.0,0.0362503018463931,5.04,0.13,0.0258
2019-03-19,778.07,782.58,761.55,767.56,15300859.0,0.0303552221220946,5.17,-0.06,-0.0116
2019-03-20,769.07,784.09,763.06,775.08,13609890.0,0.0270005255265259,5.11,0.05,0.0098
2019-03-21,781.06,797.58,776.55,788.57,14620646.0,0.029005754310821,5.16,0.09,0.0174
2019-03-22,790.09,815.62,782.58,812.62,18257045.0,0.0362199701512233,5.25,0.16,0.0305
2019-03-25,803.65,836.69,793.13,811.16,18185010.0,0.036077060630551,5.41,-0.01,-0.0018
2019-03-26,812.7,821.71,772.14,775.14,14903371.0,0.0295666496288204,5.4,-0.24,-0.0444
2019-03-27,778.18,787.19,758.65,773.67,8440311.0,0.0167446491196709,5.16,-0.01,-0.0019
2019-03-28,770.68,791.72,766.18,769.18,9495540.0,0.0188381074467279,5.15,-0.03,-0.0058
2019-03-29,770.66,787.18,766.15,787.18,10756790.0,0.0213402887884089,5.12,0.12,0.0234
2019-04-01,787.17,818.72,787.17,806.7,15169934.0,0.0300954813156251,5.24,0.13,0.0248
2019-04-02,809.71,833.75,803.7,830.74,18194454.0,0.0360957964883039,5.37,0.16,0.0298
2019-04-03,826.23,908.85,815.71,868.29,33659679.0,0.0667771026844573,5.53,0.25,0.0452
2019-04-04,871.32,875.83,841.28,851.79,21226679.0,0.0421113975339163,5.78,-0.11,-0.019
2019-04-08,854.81,880.34,847.29,872.83,20728404.0,0.0411228747128847,5.67,0.14,0.0247
2019-04-09,868.29,877.31,854.77,868.29,13707597.0,0.0271943654728899,5.81,-0.03,-0.0052
2019-04-10,863.8,868.3,851.78,857.79,12065179.0,0.0239359887237593,5.78,-0.07,-0.0121
2019-04-11,856.25,866.77,839.73,841.23,10251630.0,0.0203381068842951,5.71,-0.11,-0.0193
2019-04-12,841.27,851.78,824.74,835.26,8865316.0,0.0175878123158026,5.6,-0.04,-0.0071
2019-04-15,844.28,862.3,836.76,838.27,10179507.0,0.0201950227812972,5.56,0.02,0.0036
2019-04-16,832.23,851.76,820.21,850.25,9336293.0,0.0185221789059004,5.58,0.08,0.0143
2019-04-17,850.23,856.23,845.72,848.72,9110820.0,0.0180748652617753,5.66,-0.01,-0.0018
2019-04-18,851.7,851.7,829.17,832.17,8114059.0,0.0160974010189088,5.65,-0.11,-0.0195
2019-04-19,830.7,853.23,821.69,851.73,11546119.0,0.0229062307477728,5.54,0.13,0.0235
2019-04-22,851.77,872.8,845.76,857.78,16614840.0,0.032962015970676,5.67,0.04,0.0071
2019-04-23,851.74,859.25,833.72,835.22,7990500.0,0.0158522735466418,5.71,-0.15,-0.0263
2019-04-24,838.21,841.21,800.65,815.67,10663490.0,0.0211551918455516,5.56,-0.13,-0.0234
2019-04-25,815.66,815.66,773.6,776.6,10913452.0,0.0216510889734241,5.43,-0.26,-0.0479
2019-04-26,779.64,779.64,758.61,761.61,7810940.0,0.0154960462469691,5.17,-0.1,-0.0193
2019-04-29,763.13,770.65,737.6,746.61,6944082.0,0.0137762952749279,5.07,-0.1,-0.0197
2019-04-30,752.59,763.11,746.59,763.11,6120199.0,0.0121418019783347,4.97,0.11,0.0221
2019-05-06,754.08,754.08,692.49,700.0,9842701.0,0.0195268367048126,5.08,-0.42,-0.0827
2019-05-07,707.5,721.02,702.99,710.5,6295412.0,0.0124894053079046,4.66,0.07,0.015
2019-05-08,701.51,719.53,692.5,707.52,4765340.0,0.009453910671767,4.73,-0.02,-0.0042
2019-05-09,707.52,710.52,703.01,707.52,2877713.0,0.0057090662242322,4.71,0.0,0.0
2019-05-10,709.03,727.06,695.51,725.56,6926922.0,0.0137422517214506,4.71,0.12,0.0255
2019-05-13,719.57,722.57,709.05,716.56,6164643.0,0.0122299739882849,4.83,-0.06,-0.0124
2019-05-14,701.52,715.04,701.52,704.52,3310899.0,0.0065684596249675,4.77,-0.08,-0.0168
2019-05-15,713.52,725.54,709.02,724.04,4877319.0,0.009676064697107,4.69,0.13,0.0277
2019-05-16,727.01,730.01,717.99,727.01,4507274.0,0.0089419360988256,4.82,0.02,0.0041
2019-05-17,728.53,728.53,698.49,701.49,5379202.0,0.0106717453934851,4.84,-0.17,-0.0351
2019-05-20,699.99,704.5,680.46,693.98,4450008.0,0.0088283266504905,4.67,-0.05,-0.0107
2019-05-21,692.47,707.49,687.96,701.48,3792040.0,0.0075229904736634,4.62,0.05,0.0108
2019-05-22,702.97,705.98,687.95,690.96,4015611.0,0.0079665307588891,4.67,-0.07,-0.015
2019-05-23,692.47,693.97,680.45,680.45,3868938.0,0.007675547651711,4.6,-0.07,-0.0152
2019-05-24,680.44,687.95,675.93,684.94,2697961.0,0.0053524580176674,4.53,0.03,0.0066
2019-05-27,686.43,702.95,680.42,699.95,4259404.0,0.0084501892689644,4.56,0.1,0.0219
2019-05-28,701.45,711.96,696.94,699.95,4188920.0,0.0083103567617794,4.66,0.0,0.0
2019-05-29,699.91,707.42,695.41,701.41,2356668.0,0.0046753702264711,4.66,0.01,0.0021
2019-05-30,699.89,699.89,690.88,695.38,2241235.0,0.0044463638448542,4.67,-0.04,-0.0086
2019-05-31,695.41,704.42,690.9,696.91,2969064.0,0.0058902965653571,4.63,0.01,0.0022
2019-06-03,701.42,766.0,701.42,726.95,17835462.0,0.0353835958268864,4.64,0.2,0.0431
2019-06-04,714.93,726.94,701.41,708.92,9169661.0,0.0181915993369593,4.84,-0.12,-0.0248
2019-06-05,711.95,717.96,704.44,705.94,4677244.0,0.0092791378927963,4.72,-0.02,-0.0042
2019-06-06,716.43,717.93,707.42,713.43,4951016.0,0.0098222714430637,4.7,0.05,0.0106
2019-06-10,714.93,746.47,711.92,743.46,9013670.0,0.0178821303421762,4.75,0.2,0.0421
2019-06-11,738.98,757.01,729.97,755.51,10484500.0,0.0208000953632146,4.95,0.08,0.0162
2019-06-12,753.98,755.48,737.46,750.97,9462824.0,0.018773202499434,5.03,-0.03,-0.006
2019-06-13,749.36,749.36,725.39,734.98,7970508.0,0.0158126116165067,4.7,-0.1,-0.0213
2019-06-14,728.57,734.96,709.4,709.4,5604440.0,0.0111185928234455,4.6,-0.16,-0.0348
2019-06-17,709.4,717.39,706.2,712.59,2144165.0,0.0042537876364602,4.44,0.02,0.0045
2019-06-18,711.02,717.42,707.83,711.02,2119825.0,0.0042054997523321,4.46,-0.01,-0.0022
2019-06-19,723.82,730.21,715.83,717.42,4040690.0,0.0080162847377736,4.45,0.04,0.009
2019-06-20,717.43,738.2,714.24,728.62,4920193.0,0.0097611219996586,4.49,0.07,0.0156
2019-06-21,728.65,747.83,728.65,739.84,5764501.0,0.0114361362507841,4.56,0.07,0.0154
2019-06-24,739.84,749.42,736.64,747.83,4389739.0,0.0087087595802968,4.63,0.05,0.0108
2019-06-25,749.4,751.0,731.83,744.61,3884073.0,0.0077055738278112,4.68,-0.02,-0.0043
2019-06-26,738.2,742.99,733.41,735.01,2803618.0,0.0055620698900305,4.66,-0.06,-0.0129
2019-06-27,733.37,744.56,733.37,738.17,2844929.0,0.005644026372414,4.6,0.02,0.0043
2019-06-28,738.2,741.4,719.03,722.22,3469224.0,0.0068825590191571,4.62,-0.1,-0.0216
2019-07-01,733.43,747.81,733.43,744.61,5605708.0,0.0111211083960451,4.52,0.14,0.031
2019-07-02,747.81,747.81,739.82,744.61,2736469.0,0.0054288536562049,4.66,0.0,0.0
2019-07-03,744.64,744.64,730.26,739.84,3063858.0,0.0060783574399683,4.66,-0.03,-0.0064
2019-07-04,743.04,743.04,733.45,739.84,3473998.0,0.0068920301103168,4.63,0.0,0.0
2019-07-05,738.23,743.03,736.63,743.03,2313761.0,0.0045902474555474,4.63,0.02,0.0043
2019-07-08,743.03,743.03,719.06,730.25,3949408.0,0.0078351912850629,4.65,-0.08,-0.0172
2019-07-09,727.03,731.83,723.84,727.03,2121724.0,0.0042092671595613,4.57,-0.02,-0.0044
2019-07-10,725.44,739.82,723.84,727.03,2675556.0,0.0053080089608108,4.55,0.0,0.0
2019-07-11,739.82,741.42,727.03,728.63,2421867.0,0.0048047178746742,4.55,0.01,0.0022
2019-07-12,730.23,735.02,727.03,728.63,1627414.0,0.0032286104626287,4.56,0.0,0.0
2019-07-15,728.6,741.38,722.21,741.38,3715863.0,0.007371863680351,4.56,0.08,0.0175
2019-07-16,742.96,746.15,733.37,736.56,1914384.0,0.0037979273939446,4.64,-0.03,-0.0065
2019-07-17,738.14,741.34,733.35,734.94,2319180.0,0.0046009981557976,4.61,-0.01,-0.0022
2019-07-18,734.92,736.52,720.54,720.54,2221244.0,0.0044067038986092,4.6,-0.09,-0.0196
2019-07-19,722.11,730.1,720.51,723.71,2339789.0,0.0046418841461014,4.51,0.02,0.0044
2019-07-22,725.32,730.12,712.54,718.93,3179577.0,0.0063079312141431,4.53,-0.03,-0.0066
2019-07-23,747.66,790.79,742.87,765.23,17949852.0,0.0356105330111678,4.5,0.29,0.0644
2019-07-24,754.08,776.44,754.08,770.05,9802368.0,0.0194468204669105,4.79,0.03,0.0063
2019-07-25,768.46,810.0,760.47,795.62,15671820.0,0.0310911679636734,4.82,0.16,0.0332
2019-07-26,803.63,803.63,787.65,790.85,13325928.0,0.0264371761365188,4.98,-0.03,-0.006
2019-07-29,795.62,795.62,774.85,784.44,6022639.0,0.0119482536638099,4.95,-0.04,-0.0081
2019-07-30,792.41,798.8,787.62,794.01,4786537.0,0.0093775301956538,4.91,0.06,0.0122
2019-07-31,790.8,797.19,781.22,782.81,3217500.0,0.0063035558702494,4.97,-0.07,-0.0141
2019-08-01,779.6,789.19,774.81,779.6,3628640.0,0.0071090396186548,4.9,-0.02,-0.0041
2019-08-02,773.21,778.0,762.03,773.21,4616098.0,0.009043615119051,4.88,-0.04,-0.0082
2019-08-05,766.8,789.16,765.2,771.59,4528313.0,0.0088716313888039,4.84,-0.01,-0.0021
2019-08-06,766.83,766.83,730.09,752.45,6705237.0,0.0131365457817447,4.83,-0.12,-0.0248
2019-08-07,757.25,766.83,750.86,752.45,2541982.0,0.0049801167235954,4.71,0.0,0.0
2019-08-08,755.61,760.41,752.42,755.61,2667734.0,0.005226483392685,4.71,0.02,0.0042
2019-08-09,760.44,798.78,755.65,795.59,8754352.0,0.0171510635399626,4.73,0.25,0.0529
2019-08-12,790.77,809.94,774.79,801.95,9937307.0,0.0194686464255853,4.98,0.04,0.008
2019-08-13,792.36,808.33,790.76,800.35,5531024.0,0.0108360897602767,5.02,-0.01,-0.002
2019-08-14,806.72,809.92,792.35,793.94,4921227.0,0.0096414077217342,5.01,-0.04,-0.008
2019-08-15,785.97,798.75,776.38,792.36,4018088.0,0.0078720255476546,4.97,-0.01,-0.002
2019-08-16,798.72,798.72,784.34,785.94,3193420.0,0.0062563796075126,4.96,-0.04,-0.0081
2019-08-19,789.14,811.5,787.54,805.11,6654960.0,0.0130380457418104,4.92,0.12,0.0244
2019-08-20,806.72,824.29,797.14,816.31,8210460.0,0.0160854990926023,5.04,0.07,0.0139
2019-08-21,813.08,827.45,806.69,814.67,4780688.0,0.0093660711441277,5.11,-0.01,-0.002
2019-08-22,814.69,817.89,808.3,811.5,3787816.0,0.0074208888212042,5.1,-0.02,-0.0039
2019-08-23,814.69,819.48,808.3,816.28,2851064.0,0.0055856538348583,5.08,0.03,0.0059
2019-08-26,808.33,808.33,790.76,795.55,3720940.0,0.007289868898165,5.11,-0.13,-0.0254
2019-08-27,797.11,849.83,797.11,824.27,9352996.0,0.0183238952106354,4.98,0.18,0.0361
2019-08-28,829.05,830.65,814.68,816.27,4056151.0,0.007946596564621,5.16,-0.05,-0.0097
2019-08-29,816.3,817.89,808.31,809.91,2320496.0,0.0045461930637732,5.11,-0.04,-0.0078
2019-08-30,813.07,819.46,800.29,801.89,3549360.0,0.0069537184346941,5.07,-0.05,-0.0099
2019-09-02,800.26,816.23,798.66,813.03,2160980.0,0.0042336777512017,5.02,0.07,0.0139
2019-09-03,811.41,816.2,806.62,811.41,2453518.0,0.0048068027324514,5.09,-0.01,-0.002
2019-09-04,811.4,817.79,805.02,816.2,3133015.0,0.0061380373255103,5.08,0.03,0.0059
2019-09-05,817.83,829.01,813.04,817.83,5687317.0,0.0111422907416688,5.11,0.01,0.002
2019-09-06,817.84,821.03,808.25,811.45,3071653.0,0.0060178201397107,5.12,-0.04,-0.0078
2019-09-09,816.27,843.43,816.27,838.63,8859195.0,0.0173564664018444,5.08,0.17,0.0335
2019-09-10,841.8,852.98,833.81,849.79,6714747.0,0.0131551772708903,5.25,0.07,0.0133
2019-09-11,854.54,857.74,835.37,838.57,4554127.0,0.0089222048126531,5.32,-0.07,-0.0132
2019-09-12,838.6,868.95,838.6,859.37,8574506.0,0.016798718766368,5.25,0.13,0.0248
2019-09-16,859.39,870.57,849.8,864.18,6517992.0,0.0127697052785824,5.38,0.03,0.0056
2019-09-17,864.16,873.75,837.01,848.19,5588412.0,0.0109485212954071,5.41,-0.1,-0.0185
2019-09-18,849.75,864.12,846.55,862.53,4465070.0,0.0087477290472648,5.31,0.09,0.0169
2019-09-19,864.11,881.68,859.32,878.48,5747447.0,0.0112600942582121,5.4,0.1,0.0185
2019-09-20,876.92,910.46,846.57,857.75,12670758.0,0.0248238790897933,5.5,-0.13,-0.0236
2019-09-23,857.74,865.73,838.57,865.73,6474045.0,0.0126836066399406,5.37,0.05,0.0093
2019-09-24,867.29,867.29,848.12,852.91,3786588.0,0.0074184829885364,5.42,-0.08,-0.0148
2019-09-25,844.93,856.11,833.75,835.34,4466616.0,0.0087507578887179,5.34,-0.11,-0.0206
2019-09-26,841.71,886.43,833.72,852.89,8366741.0,0.0163916765642289,5.23,0.11,0.021
2019-09-27,849.66,876.81,848.06,873.61,6109206.0,0.011968833362506,5.34,0.13,0.0243
2019-09-30,878.42,908.76,875.22,889.6,13295490.0,0.0260478209906271,5.47,0.1,0.0183
2019-10-08,889.59,926.32,889.59,918.33,15811634.0,0.0309773172708424,5.57,0.18,0.0323
2019-10-09,900.78,923.14,900.78,921.55,9636326.0,0.0188789803651708,5.75,0.02,0.0035
2019-10-10,919.95,919.95,891.2,902.38,9715101.0,0.019033312179834,5.77,-0.12,-0.0208
2019-10-11,907.17,908.77,881.62,902.38,7369691.0,0.0144383089246229,5.65,0.0,0.0
2019-10-14,896.01,902.4,886.43,892.81,8765489.0,0.0171728825614784,5.65,-0.06,-0.0106
2019-10-15,889.6,907.17,872.03,903.97,9485866.0,0.0185842070889509,5.59,0.07,0.0125
2019-10-16,897.62,905.6,880.05,881.65,7392025.0,0.0144820645164819,5.66,-0.14,-0.0247
2019-10-17,876.82,883.21,865.64,873.62,5015531.0,0.0098261631320802,5.52,-0.05,-0.0091
2019-10-18,872.01,897.56,872.01,897.56,10195780.0,0.0199750330600689,5.47,0.15,0.0274
2019-10-21,907.13,907.13,879.98,903.93,5867744.0,0.0114957737797423,5.62,0.04,0.0071
2019-10-22,900.71,905.5,887.93,892.72,4218401.0,0.0082644681854284,5.66,-0.07,-0.0124
2019-10-23,895.93,910.3,887.94,908.7,5102696.0,0.0099969321911105,5.59,0.1,0.0179
2019-10-24,907.13,916.71,852.83,860.82,10922040.0,0.0213978832500696,5.69,-0.3,-0.0527
2019-10-25,844.85,867.21,835.27,843.25,10064169.0,0.0197171877479821,5.39,-0.11,-0.0204
2019-10-28,846.45,852.84,833.67,843.25,7095829.0,0.0139017729750539,5.28,0.0,0.0
2019-10-29,846.46,849.65,816.11,819.31,8523528.0,0.0166988453643,5.28,-0.15,-0.0284
2019-10-30,816.11,828.89,812.92,822.5,5177186.0,0.010142869060349,5.13,0.02,0.0039
2019-10-31,820.9,848.05,814.51,830.48,6365508.0,0.0124709666885842,5.15,0.05,0.0097
2019-11-01,828.88,843.26,825.69,830.48,4260922.0,0.0083477730802719,5.2,0.0,0.0
2019-11-04,833.64,843.22,832.04,833.64,3731576.0,0.0073107063869718,5.2,0.02,0.0038
2019-11-05,835.24,859.19,835.24,843.22,5409532.0,0.0105980690579338,5.22,0.06,0.0115
2019-11-06,846.39,846.39,832.02,835.21,2906300.0,0.0056938692853786,5.28,-0.05,-0.0095
2019-11-07,836.81,844.79,833.61,835.21,2691719.0,0.005273473536445,5.23,0.0,0.0
2019-11-08,836.82,838.42,824.04,833.62,2760196.0,0.0054076300540292,5.23,-0.01,-0.0019
2019-11-11,830.41,838.39,798.47,816.04,5777804.0,0.0113195680874438,5.22,-0.11,-0.0211
2019-11-12,817.63,824.02,812.84,816.04,1923364.0,0.0037681530482755,5.11,0.0,0.0
2019-11-13,817.67,819.26,804.89,806.49,2032106.0,0.0039811946247922,5.11,-0.06,-0.0117
2019-11-14,812.88,812.88,803.29,806.49,1756959.0,0.0034421411711694,5.05,0.0,0.0
2019-11-15,812.86,812.86,796.89,796.89,2065368.0,0.0040463597764181,5.05,-0.06,-0.0119
2019-11-18,803.26,811.24,798.47,808.05,1439596.0,0.0028203803625757,4.99,0.07,0.014
2019-11-19,811.24,817.62,806.45,814.43,1650782.0,0.0032341248070247,5.06,0.04,0.0079
2019-11-20,816.03,819.23,796.87,798.47,2142052.0,0.0041965950144458,5.1,-0.1,-0.0196
2019-11-21,798.47,803.26,793.68,798.47,1414840.0,0.0027718797163834,5.0,0.0,0.0
2019-11-22,804.86,812.84,798.47,800.06,2821468.0,0.0055276709165877,5.0,0.01,0.002
2019-11-25,800.05,808.03,787.27,790.46,3174414.0,0.0062191440572811,5.01,-0.06,-0.012
2019-11-26,796.88,801.67,793.69,795.29,2351378.0,0.0046066954452448,4.95,0.03,0.0061
2019-11-27,796.85,798.44,780.88,784.07,3094126.0,0.0060618480530198,4.98,-0.07,-0.0141
2019-11-28,790.44,790.44,780.86,780.86,1637858.0,0.003208804789599,4.91,-0.02,-0.0041
2019-11-29,784.07,785.67,764.91,772.89,2925816.0,0.0057321040006432,4.89,-0.05,-0.0102
2019-12-02,772.87,785.64,769.67,771.27,2341540.0,0.0045874213558426,4.84,-0.01,-0.0021
2019-12-03,774.5,779.29,772.9,779.29,1595686.0,0.0031261836371017,4.83,0.05,0.0104
2019-12-04,777.66,790.43,774.46,787.24,1800046.0,0.0035265549432848,4.88,0.05,0.0102
2019-12-05,790.42,796.81,785.63,793.62,2091468.0,0.0040974935163446,4.93,0.04,0.0081
2019-12-06,798.43,800.02,784.05,790.44,3647484.0,0.0071459577870523,4.97,-0.02,-0.004
2019-12-09,790.46,804.83,785.67,788.86,4183828.0,0.0081967345919235,4.95,-0.01,-0.002
2019-12-10,787.28,790.48,784.09,787.28,1985944.0,0.0038907564752716,4.94,-0.01,-0.002
2019-12-11,788.88,792.07,784.09,787.28,2016900.0,0.0039514038336304,4.93,0.0,0.0
2019-12-12,787.28,792.07,784.09,787.28,2596036.0,0.0050860164622156,4.93,0.0,0.0
2019-12-13,792.1,803.28,792.1,796.89,5321916.0,0.0104264164235507,4.93,0.06,0.0122
2019-12-16,801.68,801.68,792.1,795.29,4797129.0,0.0093982814819872,4.99,-0.01,-0.002
2019-12-17,795.26,808.03,795.26,804.84,5309656.0,0.0104023972798151,4.98,0.06,0.012
2019-12-18,804.85,804.85,795.27,796.87,4070780.0,0.0079752569278924,5.04,-0.05,-0.0099
2019-12-19,795.28,796.88,790.49,793.68,4806825.0,0.0094172773724978,4.99,-0.02,-0.004
2019-12-20,793.69,800.08,790.5,792.09,3707228.0,0.0072630050728059,4.97,-0.01,-0.002
2019-12-23,788.87,795.26,776.09,776.09,3899040.0,0.0076387930008818,4.96,-0.1,-0.0202
2019-12-24,780.87,782.47,776.08,779.28,1738760.0,0.0034064866526666,4.86,0.02,0.0041
2019-12-25,779.31,782.51,771.33,774.52,3297744.0,0.0064607656720372,4.88,-0.03,-0.0061
2019-12-26,774.49,784.07,774.49,780.87,2745701.0,0.0053792322164723,4.85,0.04,0.0082
2019-12-27,780.87,784.07,776.08,780.87,3274152.0,0.0064145454730967,4.89,0.0,0.0
2019-12-30,780.84,784.03,772.85,782.44,2983048.0,0.0058442299088223,4.89,0.01,0.002
2019-12-31,782.43,792.01,776.05,790.42,4505469.0,0.008826876631912,4.9,0.05,0.0102
2020-01-02,796.79,796.79,790.4,792.0,5517384.0,0.0108093669935105,4.95,0.01,0.002
2020-01-03,790.4,795.19,788.8,792.0,4077706.0,0.0079888259808706,4.96,0.0,0.0
2020-01-06,792.0,798.38,785.61,792.0,4681885.0,0.0091725015308726,4.96,0.0,0.0
2020-01-07,792.0,804.77,792.0,801.58,5351656.0,0.0104846814590071,4.96,0.06,0.0121
2020-01-08,801.58,803.18,782.42,782.42,6600279.0,0.0129309176179437,5.02,-0.12,-0.0239
2020-01-09,787.22,795.21,785.63,793.61,5470592.0,0.0107176945813021,4.9,0.07,0.0143
2020-01-10,793.57,801.56,793.57,799.96,4588238.0,0.0089890332801869,4.97,0.04,0.008
2020-01-13,799.99,814.36,795.2,812.76,6007037.0,0.0117686692600328,5.01,0.08,0.016
2020-01-14,812.76,820.74,807.97,812.76,4204578.0,0.0082373868947386,5.09,0.0,0.0
2020-01-15,814.38,817.57,801.6,804.79,3915889.0,0.0076718026707677,5.09,-0.05,-0.0098
2020-01-16,804.76,809.55,799.97,799.97,2406748.0,0.0047151734214797,5.04,-0.03,-0.006
2020-01-17,799.96,803.15,796.77,796.77,2372432.0,0.0046479433287855,5.01,-0.02,-0.004
2020-01-20,799.97,843.08,799.97,830.31,11535608.0,0.0225999532324153,4.99,0.21,0.0421
2020-01-21,836.73,870.26,831.94,862.28,13742745.0,0.026924059337402,5.2,0.2,0.0385
2020-01-22,865.46,919.76,849.5,911.77,20118431.0,0.0394149662254105,5.4,0.31,0.0574
2020-01-23,900.57,916.53,846.28,887.79,14366263.0,0.0281456228336277,5.71,-0.15,-0.0263
2020-02-03,798.39,798.39,798.39,798.39,1964700.0,0.0038491363537774,5.56,-0.56,-0.1007
2020-02-04,718.55,780.83,718.55,766.46,13631369.0,0.0267058573673616,5.0,-0.2,-0.04
2020-02-05,764.86,784.02,755.28,756.87,9298232.0,0.0182166044775574,4.8,-0.06,-0.0125
2020-02-06,761.65,791.98,748.87,777.61,12019436.0,0.0235478434669424,4.74,0.13,0.0274
2020-02-07,774.4,776.0,752.05,763.23,8670450.0,0.0169866871779966,4.87,-0.09,-0.0185
2020-02-10,761.62,780.78,756.83,780.78,6054666.0,0.0118619814783837,4.78,0.11,0.023
2020-02-11,779.2,796.76,776.01,787.18,6126048.0,0.012001829318362,4.89,0.04,0.0082
2020-02-12,793.57,793.57,780.8,787.18,4488482.0,0.008793596599723,4.93,0.0,0.0
2020-02-13,785.55,788.75,764.8,772.78,5996792.0,0.0117485977977513,4.93,-0.09,-0.0183
2020-02-14,768.02,783.98,768.02,779.19,3791740.0,0.0074285765145173,4.84,0.04,0.0083
2020-02-17,798.38,846.28,791.99,843.09,17118208.0,0.0335370879647399,4.88,0.4,0.082
2020-02-18,838.3,859.06,823.93,844.69,15436348.0,0.0302420767834073,5.28,0.01,0.0019
2020-02-19,841.53,886.24,827.16,868.68,16754822.0,0.0328251613280759,5.29,0.15,0.0284
2020-02-20,868.65,875.04,841.5,857.47,12663934.0,0.0248105098698217,5.44,-0.07,-0.0129
2020-02-21,852.68,867.05,833.52,844.7,12331368.0,0.0241589641475077,5.37,-0.08,-0.0149
2020-02-24,844.73,846.33,820.78,835.15,10606598.0,0.0207798859631005,5.29,-0.06,-0.0113
2020-02-25,817.62,838.38,800.06,828.8,11498693.0,0.0225276313163468,5.23,-0.04,-0.0076
2020-02-26,820.83,851.17,812.84,839.99,11716923.0,0.0229551759931346,5.19,0.07,0.0135
2020-02-27,836.8,844.79,825.63,828.82,5950808.0,0.0116585083764187,5.26,-0.07,-0.0133
2020-02-28,814.44,822.42,788.89,793.68,10386180.0,0.0203480546724063,5.19,-0.22,-0.0424
2020-03-02,800.06,847.97,800.06,847.97,11421378.0,0.0223761598564841,4.97,0.34,0.0684
2020-03-03,859.17,863.96,833.62,841.61,10495659.0,0.0205625401403531,5.31,-0.04,-0.0075
2020-03-04,841.62,860.79,835.23,854.4,9021243.0,0.0176739422749329,5.27,0.08,0.0152
2020-03-05,862.36,878.33,849.58,873.54,16434838.0,0.0321982655948713,5.35,0.12,0.0224
2020-03-06,863.93,907.05,857.55,886.29,17641949.0,0.0345631736384121,5.47,0.08,0.0146
2020-03-09,879.9,902.26,871.92,887.89,15653400.0,0.0306673135848834,5.55,0.01,0.0018
2020-03-10,870.32,887.89,841.58,887.89,16889188.0,0.0330884040904883,5.56,0.0,0.0
2020-03-11,910.25,938.99,894.28,894.28,37462832.0,0.0733951995554836,5.56,0.04,0.0072
2020-03-12,897.44,956.52,895.84,956.52,38609138.0,0.0756409816581727,5.6,0.39,0.0696
2020-03-13,921.36,1037.93,911.78,991.62,39845262.0,0.0780627304372111,5.99,0.22,0.0367
2020-03-16,998.01,1023.56,940.52,961.28,30013796.0,0.0588014421023369,6.21,-0.19,-0.0306
2020-03-17,959.71,978.87,913.4,950.13,19670614.0,0.038537626837952,6.02,-0.07,-0.0116
2020-03-18,958.1,964.48,892.63,899.01,20038192.0,0.0392577662193583,5.95,-0.32,-0.0538
2020-03-19,899.0,919.76,871.86,911.78,22752241.0,0.0445749875110738,5.63,0.08,0.0142
2020-03-20,913.38,919.76,894.21,911.78,13115449.0,0.0256950941833433,5.71,0.0,0.0
2020-03-23,895.83,918.18,883.05,892.63,9097170.0,0.017822694438588,5.71,-0.12,-0.021
2020-03-24,906.97,950.09,903.78,945.3,18306333.0,0.0358647996409917,5.59,0.33,0.059
2020-03-25,967.69,974.08,946.93,951.73,14865009.0,0.029122739624945,5.92,0.04,0.0068
2020-03-26,948.56,959.74,942.18,946.97,9017784.0,0.0176671655850323,5.96,-0.03,-0.005
2020-03-27,954.97,959.76,937.4,937.4,8481760.0,0.0166170157072406,5.93,-0.06,-0.0101
2020-03-30,926.19,932.57,907.02,910.22,9502202.0,0.0186162117163623,5.87,-0.17,-0.029
2020-03-31,922.97,930.95,907.0,919.77,7814018.0,0.0153088108886199,5.7,0.06,0.0105
2020-04-01,924.54,924.54,883.03,894.2,9990445.0,0.0195727515854403,5.76,-0.16,-0.0278
2020-04-02,884.66,900.63,873.48,899.03,7934146.0,0.0155441593142862,5.6,0.03,0.0054
2020-04-03,899.04,907.02,887.86,892.65,5966297.0,0.0115725559530442,5.63,-0.04,-0.0071
2020-04-07,905.45,918.23,897.47,911.84,8202357.0,0.0159097402173147,5.59,0.12,0.0215
2020-04-08,913.44,915.04,897.47,911.84,5814994.0,0.0112790803796084,5.71,0.0,0.0
2020-04-09,913.4,970.89,908.61,962.91,18952992.0,0.0367622598066438,5.71,0.32,0.056
2020-04-10,956.52,956.52,935.76,943.74,11895304.0,0.0230727821827292,6.03,-0.12,-0.0199
2020-04-13,935.78,953.35,935.78,948.56,7831508.0,0.0151904212154898,5.91,0.03,0.0051
2020-04-14,950.14,951.73,934.17,946.94,6736735.0,0.0130669396324607,5.94,-0.01,-0.0017
2020-04-15,948.52,948.52,926.16,932.55,6978106.0,0.0135351160244409,5.93,-0.09,-0.0152
2020-04-16,943.76,983.68,932.58,980.48,25138245.0,0.0487595147918105,5.84,0.3,0.0514
2020-04-17,980.48,980.48,964.52,969.31,15207125.0,0.0294965713150783,6.14,-0.07,-0.0114
2020-04-20,978.9,1015.63,970.92,1009.24,24869315.0,0.0482378834562514,6.07,0.25,0.0412
2020-04-21,999.68,1006.07,974.13,993.3,23577285.0,0.0457317914082002,6.32,-0.1,-0.0158
2020-04-22,955.06,955.06,897.76,915.12,20252765.0,0.0392833706009533,5.72,-0.45,-0.0787
2020-04-23,909.88,925.51,889.04,890.78,14400367.0,0.0279317393773511,5.27,-0.14,-0.0266
2020-04-24,883.83,892.51,859.52,862.99,13106272.0,0.0254216419423667,5.13,-0.16,-0.0312
2020-04-27,863.02,880.39,857.81,871.7,6639808.0,0.0092294034020914,4.97,0.05,0.0101
2020-04-28,868.19,880.34,843.88,861.24,7961787.0,0.0110669682051842,5.02,-0.06,-0.012
2020-04-29,864.68,890.73,856.0,887.25,7865825.0,0.0109335800094304,4.96,0.15,0.0302
2020-04-30,890.73,902.88,883.78,899.41,8311143.0,0.0115525767431029,5.11,0.07,0.0137
2020-05-06,885.48,895.89,882.0,890.69,10277613.0,0.0142859908581061,5.18,-0.05,-0.0097
2020-05-07,892.42,895.89,883.74,887.21,5724704.0,0.0079573991557537,5.13,-0.02,-0.0039
2020-05-08,888.91,892.38,880.23,885.44,7289652.0,0.0101326934406632,5.11,-0.01,-0.002
2020-05-11,880.24,880.24,847.26,850.73,13752876.0,0.0191166432136204,5.1,-0.2,-0.0392
2020-05-12,850.75,855.96,840.33,845.54,5654980.0,0.007860482057728,4.9,-0.03,-0.0061
2020-05-13,847.27,849.01,835.12,849.01,3660112.0,0.0050875944221332,4.87,0.02,0.0041
2020-05-14,845.53,847.26,829.9,829.9,5144552.0,0.0071509817348689,4.89,-0.11,-0.0225
2020-05-15,831.63,836.83,824.68,826.42,3749700.0,0.0052121226904185,4.78,-0.02,-0.0042
2020-05-18,854.18,895.85,852.44,866.33,15092187.0,0.0209782996801716,4.76,0.23,0.0483
2020-05-19,859.41,866.35,848.99,855.94,6800720.0,0.0094530727853383,4.99,-0.06,-0.012
2020-05-20,854.22,854.22,840.33,842.07,5503592.0,0.0076500511352923,4.93,-0.08,-0.0162
2020-05-21,845.58,845.58,831.69,835.17,3903960.0,0.0054265457232542,4.85,-0.04,-0.0082
2020-05-22,835.14,835.14,807.36,816.04,4444828.0,0.0061783579683194,4.81,-0.11,-0.0229
2020-05-25,812.54,814.28,802.12,805.6,2889850.0,0.004016922088942,4.7,-0.06,-0.0128
2020-05-26,809.03,819.45,802.09,819.45,3155145.0,0.0043856849470785,4.64,0.08,0.0172
2020-05-27,819.43,821.17,809.01,812.49,2328427.0,0.0032365381763029,4.72,-0.04,-0.0085
2020-05-28,815.92,819.39,805.5,819.39,3493963.0,0.004856645553453,4.68,0.04,0.0085
2020-05-29,814.16,817.64,810.69,812.43,2980221.0,0.0041425387355153,4.72,-0.04,-0.0085
2020-06-01,815.93,826.35,807.25,824.61,6980828.0,0.009703424811774,4.68,0.07,0.015
2020-06-02,821.12,836.75,819.39,831.54,4858669.0,0.0067536013388092,4.75,0.04,0.0084
2020-06-03,838.53,845.47,833.32,838.53,6057557.0,0.0084200683489888,4.79,0.04,0.0084
2020-06-04,838.5,843.71,829.82,836.76,3302960.0,0.0045911493616942,4.83,-0.01,-0.0021
2020-06-05,838.5,848.92,828.09,843.71,5317232.0,0.0073910087626795,4.82,0.04,0.0083
2020-06-08,845.47,852.42,831.58,836.79,4018788.0,0.0055861578587038,4.86,-0.04,-0.0082
2020-06-09,835.1,840.31,831.62,833.36,3310730.0,0.0046019497439393,4.82,-0.02,-0.0041
2020-06-10,833.37,836.85,817.75,824.69,3952630.0,0.0054941975384241,4.8,-0.05,-0.0104
2020-06-11,822.97,826.45,814.29,817.77,3643038.0,0.0050638613814056,4.75,-0.04,-0.0084
2020-06-12,805.59,816.0,796.91,812.53,3740428.0,0.0051992345122747,4.71,-0.03,-0.0064
2020-06-15,814.27,821.21,810.8,812.53,2953764.0,0.004105763225469,4.68,0.0,0.0
2020-06-16,812.5,836.81,810.76,833.33,5411131.0,0.0075215293665965,4.68,0.12,0.0256
2020-06-17,831.58,843.74,822.9,842.0,5919816.0,0.0082286069010061,4.8,0.05,0.0104
2020-06-18,836.78,843.72,833.31,836.78,3460547.0,0.004810196959746,4.85,-0.03,-0.0062
2020-06-19,836.8,840.27,833.33,838.54,3638664.0,0.005057781475107,4.82,0.01,0.0021
2020-06-22,836.82,840.29,826.4,828.14,3648496.0,0.0050714480591783,4.83,-0.06,-0.0124
2020-06-23,829.86,831.59,814.23,817.7,3944923.0,0.0054834847268458,4.77,-0.06,-0.0126
2020-06-24,817.72,824.67,812.51,815.99,3128094.0,0.0043480837707448,4.71,-0.01,-0.0021
2020-06-29,814.28,817.75,805.6,807.34,2959356.0,0.0041135361646601,4.7,-0.05,-0.0106
2020-06-30,809.07,819.49,809.07,817.75,2346638.0,0.0032618516590656,4.65,0.06,0.0129
2020-07-01,817.74,831.63,812.53,826.42,5162747.0,0.0071762729774622,4.71,0.05,0.0106
2020-07-02,826.41,843.78,824.68,843.78,8013302.0,0.0111244629560057,4.76,0.1,0.021
2020-07-03,847.28,869.85,847.28,857.7,11427516.0,0.0158642440308829,4.86,0.08,0.0165
2020-07-06,864.63,894.15,861.16,894.15,16223318.0,0.0225220140354751,4.94,0.21,0.0425
2020-07-07,901.12,911.54,883.75,888.96,15361416.0,0.0213254789653246,5.15,-0.03,-0.0058
2020-07-08,888.96,894.17,876.8,892.43,13770849.0,0.0191173750313227,5.12,0.02,0.0039
2020-07-09,889.0,915.04,887.26,909.83,14869627.0,0.0206427531036671,5.14,0.1,0.0195
2020-07-10,909.87,928.97,895.98,901.19,13436679.0,0.0186534636766766,5.24,-0.05,-0.0095
2020-07-13,902.9,932.42,901.16,928.95,13224829.0,0.0183593630079098,5.19,0.16,0.0308
2020-07-14,928.95,941.1,904.64,928.95,11886214.0,0.0165010313264315,5.35,0.0,0.0
2020-07-15,932.42,937.63,897.69,906.37,9927863.0,0.0137823514171561,5.35,-0.13,-0.0243
2020-07-16,906.38,925.48,875.12,883.8,12149364.0,0.0168663491975005,5.22,-0.13,-0.0249
2020-07-17,883.82,890.77,866.46,875.14,7365503.0,0.0102251562808751,5.09,-0.05,-0.0098
2020-07-20,885.59,923.79,876.9,922.05,11827016.0,0.0164188497291237,5.04,0.27,0.0536
2020-07-21,915.12,927.28,906.44,923.8,8885957.0,0.0123359258736485,5.31,0.01,0.0019
2020-07-22,913.4,932.5,911.67,925.56,10300898.0,0.0141749446470567,5.32,0.01,0.0019
2020-07-23,918.62,923.83,885.63,911.67,10065984.0,0.0138516822531549,5.33,-0.08,-0.015
2020-07-24,932.49,967.22,911.65,920.34,25071454.0,0.0345005331254838,5.25,0.05,0.0095
2020-07-27,913.41,927.3,876.94,883.89,13853906.0,0.0190641971889759,5.3,-0.21,-0.0396
2020-07-28,890.84,897.79,882.16,889.1,6525767.0,0.0089800312559729,5.09,0.03,0.0059
2020-07-29,889.12,915.17,876.96,908.22,8949590.0,0.012315425593366,5.12,0.11,0.0215
2020-07-30,908.19,935.98,902.98,927.29,13696481.0,0.0188475664970631,5.23,0.11,0.021
2020-07-31,930.78,979.4,927.3,972.45,23865009.0,0.0328403583431766,5.34,0.26,0.0487
2020-08-03,975.91,1026.27,975.91,1007.17,23858940.0,0.0328320068636199,5.6,0.2,0.0357
2020-08-04,996.71,1022.76,974.14,981.08,17694857.0,0.024349684708322,5.8,-0.15,-0.0259
2020-08-05,979.39,986.33,956.81,977.65,10322841.0,0.0142051401514089,5.65,-0.02,-0.0035
2020-08-06,982.84,989.78,963.73,975.89,7942911.0,0.010930146455338,5.63,-0.01,-0.0018
2020-08-07,974.15,989.78,953.32,975.89,10996256.0,0.0151318186166745,5.62,0.0,0.0
2020-08-10,977.63,986.31,965.47,984.58,8368843.0,0.0115162664735548,5.62,0.05,0.0089
2020-08-11,986.35,989.82,944.67,948.15,11176070.0,0.0153792585482966,5.67,-0.21,-0.037
2020-08-12,951.58,955.06,922.06,944.64,7874679.0,0.0108362532022295,5.46,-0.02,-0.0037
2020-08-13,942.89,960.25,939.41,949.83,6852307.0,0.0094293791113784,5.44,0.03,0.0055
2020-08-14,946.36,951.57,930.73,949.83,6381097.0,0.0087809525696206,5.47,0.0,0.0
2020-08-17,949.86,972.44,949.86,972.44,10426372.0,0.0143476079434649,5.47,0.13,0.0238
2020-08-18,972.47,974.2,956.84,963.78,8841846.0,0.0121671603415353,5.6,-0.05,-0.0089
2020-08-19,960.32,963.8,948.17,951.64,8235201.0,0.0113323632883644,5.55,-0.07,-0.0126
2020-08-20,937.77,948.19,934.3,936.03,5919761.0,0.0081461135231904,5.48,-0.09,-0.0164
2020-08-21,937.77,946.45,929.09,936.03,6008740.0,0.0082685564791104,5.39,0.0,0.0
2020-08-24,937.81,944.76,922.18,937.81,5268277.0,0.007249614049218,5.39,0.01,0.0019
2020-08-25,941.32,958.69,937.85,946.53,9205060.0,0.0126669748572247,5.4,0.05,0.0093
2020-08-26,949.97,949.97,913.5,913.5,7494760.0,0.0103134511324134,5.45,-0.19,-0.0349
2020-08-27,913.5,922.18,908.29,918.71,6165324.0,0.0084840298808094,5.26,0.03,0.0057
2020-08-28,918.74,930.9,911.8,925.69,5832431.0,0.0080259397367858,5.29,0.04,0.0076
2020-08-31,932.65,939.6,922.23,934.39,7923444.0,0.0109033581454795,5.33,0.05,0.0094
2020-09-01,930.96,939.64,922.27,936.17,5180913.0,0.0071293934758131,5.38,0.01,0.0019
2020-09-02,944.87,951.82,929.24,944.87,7396941.0,0.0101788435564107,5.39,0.05,0.0093
2020-09-03,946.63,946.63,922.31,925.79,5163710.0,0.0071057206297405,5.44,-0.11,-0.0202
2020-09-04,915.32,924.0,910.11,922.27,4289373.0,0.0059025557621849,5.33,-0.02,-0.0038
2020-09-07,920.52,939.62,908.36,910.09,6360953.0,0.0087532326480205,5.31,-0.07,-0.0132
2020-09-08,911.87,924.03,904.92,922.29,5282065.0,0.0072685875539351,5.24,0.07,0.0134
2020-09-09,917.05,934.42,913.57,918.78,7319814.0,0.0100727099983662,5.31,-0.02,-0.0038
2020-09-10,934.4,1010.82,930.93,988.24,48664099.0,0.0669660945699967,5.29,0.4,0.0756
2020-09-11,936.13,1003.86,920.5,979.55,44562619.0,0.0613220961563623,5.69,-0.05,-0.0088
2020-09-14,984.73,1059.41,981.26,996.89,36483973.0,0.0502051663631378,5.64,0.1,0.0177
2020-09-15,1007.34,1036.86,993.44,1003.86,27023135.0,0.037186218406875,5.74,0.04,0.007
2020-09-16,1003.84,1009.06,969.11,993.42,20167860.0,0.0277527550655865,5.78,-0.06,-0.0104
2020-09-17,993.44,1010.81,972.6,1007.33,16381035.0,0.0225417496985699,5.72,0.08,0.014
2020-09-18,1003.84,1031.63,986.47,1022.95,20237330.0,0.0278483519159418,5.8,0.09,0.0155
2020-09-21,1021.16,1022.89,981.21,984.69,17273600.0,0.0237699979026488,5.89,-0.22,-0.0374
2020-09-22,972.58,977.79,946.53,953.47,16444704.0,0.022629363861018,5.67,-0.18,-0.0317
2020-09-23,955.22,960.43,941.32,944.8,8100792.0,0.0111474046434903,5.49,-0.05,-0.0091
2020-09-24,894.42,930.9,894.42,899.64,15224060.0,0.0209496500017252,5.44,-0.26,-0.0478
2020-09-25,897.86,915.23,873.55,873.55,12400866.0,0.0170646859259812,5.18,-0.15,-0.029
2020-09-28,871.83,887.46,870.09,877.04,5806536.0,0.0079903059316908,5.03,0.02,0.004
2020-09-29,880.55,889.23,871.86,880.55,5099828.0,0.0070178133604963,5.05,0.02,0.004
2020-09-30,877.11,882.32,871.9,877.11,5210384.0,0.0041709804748162,5.07,-0.02,-0.0039
2020-10-09,892.78,899.73,882.36,889.31,7063360.0,0.0056543119752014,5.05,0.07,0.0139
2020-10-12,892.75,906.65,887.54,906.65,9764309.0,0.0078164569423429,5.12,0.1,0.0195
2020-10-13,904.88,908.35,896.19,899.67,7743504.0,0.0061987761344771,5.22,-0.04,-0.0077
2020-10-14,899.69,899.69,891.0,892.74,5282196.0,0.0042284669191661,5.18,-0.04,-0.0077
2020-10-15,894.52,897.99,887.57,891.04,3858420.0,0.0030887156270325,5.14,-0.01,-0.0019
2020-10-16,889.26,896.21,882.32,896.21,4356800.0,0.0034876753292424,5.13,0.03,0.0058
2020-10-19,899.69,899.69,880.58,882.32,6745148.0,0.0053995791112029,5.16,-0.08,-0.0155
2020-10-20,880.61,889.29,875.39,889.29,3013774.0,0.0024125654672494,5.08,0.04,0.0079
2020-10-21,889.31,889.31,875.41,878.88,4295372.0,0.0034385014125777,5.12,-0.06,-0.0117
2020-10-22,884.07,891.01,878.86,891.01,3697972.0,0.0029602749064977,5.06,0.07,0.0138
2020-10-23,891.01,892.74,870.17,873.64,7156110.0,0.0057285595621431,5.13,-0.1,-0.0195
2020-10-26,875.33,877.07,861.44,866.65,4038748.0,0.0032330705473345,5.03,-0.04,-0.008
2020-10-27,863.19,866.66,854.51,859.72,3830901.0,0.0030666863079485,4.99,-0.04,-0.008
2020-10-28,864.96,864.96,849.33,856.28,3551376.0,0.0028429228929635,4.95,-0.02,-0.004
2020-10-29,851.07,854.54,844.12,844.12,4825592.0,0.0038629494508331,4.93,-0.07,-0.0142
2020-10-30,845.82,849.3,826.72,830.19,5374008.0,0.0043019636248511,4.86,-0.08,-0.0165
2020-11-02,833.67,837.15,805.89,811.1,6699620.0,0.0053631333522996,4.78,-0.11,-0.023
2020-11-03,816.33,830.22,816.33,826.75,4016858.0,0.0032155473163032,4.67,0.09,0.0193
2020-11-04,828.48,847.59,819.8,840.64,4726773.0,0.0037838435500893,4.76,0.08,0.0168
2020-11-05,840.64,845.85,835.43,845.85,4281025.0,0.003427016451609,4.84,0.03,0.0062
2020-11-06,845.83,847.57,830.2,833.67,3900516.0,0.0031224140250907,4.87,-0.07,-0.0144
2020-11-09,837.17,851.07,833.7,847.59,5813341.0,0.0046536554320082,4.8,0.08,0.0167
2020-11-10,851.06,852.8,837.17,837.17,3613952.0,0.0028930157986288,4.88,-0.06,-0.0123
2020-11-11,838.89,847.57,833.67,842.36,4110306.0,0.0032903536613654,4.82,0.03,0.0062
2020-11-12,835.44,842.39,826.76,830.23,3695900.0,0.0029586162434234,4.85,-0.07,-0.0144
2020-11-13,830.22,830.22,819.79,826.74,2904268.0,0.0023249044833612,4.78,-0.02,-0.0042
2020-11-16,831.95,837.16,830.21,835.42,3976983.0,0.0031836268577663,4.76,0.05,0.0105
2020-11-17,835.41,837.14,826.72,833.67,3895704.0,0.0031185619562135,4.81,-0.01,-0.0021
2020-11-18,833.68,840.63,830.21,835.42,5586104.0,0.0044717492442578,4.8,0.01,0.0021
2020-11-19,835.43,835.43,826.75,828.48,4611275.0,0.0036913858919051,4.81,-0.04,-0.0083
2020-11-20,828.49,833.7,825.02,831.96,3443387.0,0.0027564762873976,4.77,0.02,0.0042
2020-11-23,832.01,840.69,826.79,838.95,7274285.0,0.0058231601938069,4.79,0.04,0.0084
2020-11-24,838.93,840.67,833.72,837.19,4464066.0,0.003573543163861,4.83,-0.01,-0.0021
2020-11-25,838.91,842.38,828.48,828.48,4510834.0,0.0036109815589671,4.82,-0.05,-0.0104
2020-11-26,828.49,833.7,825.01,830.22,2596160.0,0.0020782600033891,4.77,0.01,0.0021
2020-11-27,833.7,835.44,826.76,831.97,2879076.0,0.0023047379581835,4.78,0.01,0.0021
2020-11-30,830.2,845.83,830.2,840.62,7615599.0,0.0060963865106737,4.79,0.05,0.0104
2020-12-01,840.65,856.28,835.44,852.81,8426680.0,0.0067456674493712,4.84,0.07,0.0145
2020-12-02,854.58,870.22,847.63,865.0,8695358.0,0.0069607476991211,4.91,0.07,0.0143
2020-12-03,864.98,878.88,861.51,870.19,9506440.0,0.0076100294383316,4.98,0.03,0.006
2020-12-04,871.93,877.14,861.51,868.45,7937440.0,0.0063540244365915,5.01,-0.01,-0.002
2020-12-07,870.19,873.66,858.03,864.98,7582361.0,0.0060697790573609,5.0,-0.02,-0.004
2020-12-08,866.72,873.66,861.51,864.98,7192149.0,0.0057574092525559,4.98,0.0,0.0
2020-12-09,868.43,885.79,858.01,871.9,20147770.0,0.016128553150994,4.98,0.04,0.008
2020-12-10,871.88,915.3,870.14,910.09,26183721.0,0.0209604107967928,5.02,0.22,0.0438
2020-12-11,910.1,955.25,903.15,908.36,42263252.0,0.0338322854696006,5.24,-0.01,-0.0019
2020-12-14,920.55,929.23,884.07,889.28,16082051.0,0.012873891965736,5.23,-0.11,-0.021
2020-12-15,896.25,901.46,873.67,878.88,9383092.0,0.0075112877525734,5.12,-0.06,-0.0117
2020-12-16,873.69,884.12,870.22,873.69,6103132.0,0.0048856369141365,5.06,-0.03,-0.0059
2020-12-17,870.24,894.56,865.03,877.19,7686926.0,0.0061534847061862,5.03,0.02,0.004
2020-12-18,872.02,877.23,863.33,863.33,6253100.0,0.0050056882577317,5.05,-0.08,-0.0158
2020-12-21,861.61,868.56,852.93,859.88,5503311.0,0.0044054723659219,4.97,-0.02,-0.004
2020-12-22,858.1,865.05,851.16,863.32,6076581.0,0.004864382491701,4.95,0.02,0.004
2020-12-23,868.55,870.28,844.23,845.96,5866200.0,0.0046959697522039,4.97,-0.1,-0.0201
2020-12-24,842.52,845.99,821.67,828.62,6020383.0,0.0048193952583755,4.87,-0.1,-0.0205
2020-12-25,832.1,840.79,825.16,833.84,4024452.0,0.0032216264125322,4.77,0.03,0.0063
2020-12-28,833.81,839.02,818.18,819.92,5304985.0,0.0042467098114444,4.8,-0.08,-0.0167
2020-12-29,826.86,845.97,821.65,839.02,4126836.0,0.0033035861423589,4.72,0.11,0.0233
2020-12-30,839.0,845.95,826.85,832.06,3366255.0,0.0026947311135326,4.83,-0.04,-0.0083
2020-12-31,826.89,842.52,826.89,839.05,2819550.0,0.0022570866173718,4.79,0.04,0.0084
2021-01-04,842.54,851.22,835.59,846.01,3784363.0,0.0030294320308478,4.83,0.04,0.0083
2021-01-05,844.24,851.19,835.55,840.76,3988208.0,0.0031926126169407,4.87,-0.03,-0.0062
2021-01-06,842.5,842.5,826.86,830.34,3414712.0,0.0027335215752084,4.84,-0.06,-0.0124
2021-01-07,826.85,828.59,800.79,804.27,6166933.0,0.0049367104483086,4.78,-0.15,-0.0314
2021-01-08,800.82,811.25,785.19,806.04,3438748.0,0.0027527627072809,4.63,0.01,0.0022
2021-01-11,804.28,806.01,779.96,781.69,4675096.0,0.0037424754363385,4.64,-0.14,-0.0302
2021-01-12,779.94,788.62,774.73,783.41,2772724.0,0.0022196017925078,4.5,0.01,0.0022
2021-01-13,781.65,795.55,774.7,786.86,3675926.0,0.002942626795428,4.51,0.02,0.0044
2021-01-14,783.37,795.53,778.16,792.05,3525063.0,0.002821858992638,4.53,0.03,0.0066
2021-01-15,790.31,798.99,783.36,788.57,3705753.0,0.0029665036986701,4.56,-0.02,-0.0044
2021-01-18,790.3,793.78,785.09,790.3,2649480.0,0.0021209433601086,4.54,0.01,0.0022
2021-01-19,792.05,804.21,788.57,797.26,3258663.0,0.0026086023116542,4.55,0.04,0.0088
2021-01-20,799.02,800.76,790.34,792.08,1879092.0,0.0015042376996366,4.59,-0.03,-0.0065
2021-01-21,792.06,795.54,783.38,788.59,2885640.0,0.0023099925259537,4.56,-0.02,-0.0044
2021-01-22,792.08,792.08,771.24,772.98,4235141.0,0.0033902857100539,4.54,-0.09,-0.0198
2021-01-25,771.21,771.21,748.63,752.11,3328120.0,0.0026642035477319,4.45,-0.12,-0.027
2021-01-26,757.28,757.28,739.91,741.65,2336784.0,0.0018706261261862,4.33,-0.06,-0.0139
2021-01-27,741.62,752.04,738.15,743.36,1859300.0,0.0014883939450193,4.27,0.01,0.0023
2021-01-28,741.63,741.63,731.21,732.95,2725058.0,0.0021814445366679,4.28,-0.06,-0.014
2021-01-29,732.97,741.65,729.49,739.91,2464004.0,0.0019724673985389,4.22,0.04,0.0095
2021-02-01,739.95,739.95,731.26,734.73,2878016.0,0.0023038894143327,4.26,-0.03,-0.007
2021-02-02,734.77,743.45,733.03,741.71,2036588.0,0.0016303153055984,4.23,0.04,0.0095
2021-02-03,739.98,753.87,733.03,741.71,2408040.0,0.001927667485271,4.27,0.0,0.0
2021-02-04,739.97,743.44,733.02,738.23,2978190.0,0.0023840800102819,4.27,-0.02,-0.0047
2021-02-05,738.22,748.64,734.75,745.17,2452419.0,0.0019631934546606,4.25,0.04,0.0094
2021-02-08,746.89,762.52,743.42,757.31,3171252.0,0.002538628663976,4.29,0.07,0.0163
2021-02-09,759.04,759.04,750.36,753.83,2440911.0,0.0019539811502883,4.36,-0.02,-0.0046
2021-02-10,750.37,753.84,741.68,746.89,2780392.0,0.0022257401267037,4.34,-0.04,-0.0092
2021-02-18,750.35,762.51,745.14,762.51,3530983.0,0.0028265980299932,4.3,0.09,0.0209
2021-02-19,764.26,812.89,755.57,795.52,6523903.0,0.0052224695977485,4.39,0.19,0.0433
2021-02-22,795.53,819.85,790.32,807.69,7327119.0,0.0058654545011759,4.58,0.07,0.0153
2021-02-23,799.01,809.43,795.54,797.27,3502579.0,0.002803860256845,4.65,-0.06,-0.0129
2021-02-24,799.01,807.7,792.06,797.27,3339997.0,0.0026737112414257,4.59,0.0,0.0
2021-02-25,802.46,814.61,798.98,802.46,3742862.0,0.0029962099380644,4.59,0.03,0.0065
2021-02-26,798.98,800.71,788.56,797.24,2198264.0,0.0017597390561792,4.62,-0.03,-0.0065
2021-03-01,797.24,800.71,790.29,797.24,2887120.0,0.0023111772852925,4.59,0.0,0.0
2021-03-02,797.27,800.74,786.85,792.06,2281928.0,0.0018267131813963,4.59,-0.03,-0.0065
2021-03-03,788.61,799.03,788.61,799.03,2751832.0,0.0022028774735172,4.56,0.04,0.0088
2021-03-04,799.05,799.05,788.62,793.83,3852377.0,0.0030838781265701,4.6,-0.03,-0.0065
2021-03-05,790.37,797.32,788.63,795.58,2632800.0,0.0021075908021551,4.57,0.01,0.0022
2021-03-08,797.29,805.98,792.08,792.08,3610740.0,0.0028904445506584,4.58,-0.02,-0.0044
2021-03-09,792.06,800.74,772.95,785.11,4185040.0,0.0033501792048964,4.56,-0.04,-0.0088
2021-03-10,786.88,793.82,776.45,779.93,3064075.0,0.0024528320750203,4.52,-0.03,-0.0066
2021-03-11,783.43,793.85,776.48,790.38,3023648.0,0.0024204697332705,4.49,0.06,0.0134
2021-03-12,792.12,797.33,785.17,795.6,3586727.0,0.0028712218303864,4.55,0.03,0.0066
2021-03-15,795.6,811.23,792.12,806.02,5052281.0,0.0040444169574229,4.58,0.06,0.0131
2021-03-16,809.52,816.47,800.83,811.26,4372306.0,0.0035000880848555,4.64,0.03,0.0065
2021-03-17,819.96,821.69,809.53,814.75,5217738.0,0.0041768674479091,4.67,0.02,0.0043
2021-03-18,826.88,832.09,811.25,816.46,4784472.0,0.0038300323535281,4.69,0.01,0.0021
2021-03-19,814.71,823.39,807.76,811.23,4313377.0,0.0034529146503446,4.7,-0.03,-0.0064
2021-03-22,816.42,856.37,812.95,845.95,8383422.0,0.0067110388551295,4.67,0.2,0.0428
2021-03-23,847.69,854.64,837.27,845.95,5782027.0,0.0046285881658358,4.87,0.0,0.0
2021-03-24,847.71,849.45,826.87,832.08,4937199.0,0.0039522923126745,4.87,-0.08,-0.0164
2021-03-25,821.65,823.38,800.8,802.54,12910052.0,0.0103346653184991,4.79,-0.17,-0.0355
2021-03-26,805.99,811.2,795.57,805.99,5205830.0,0.0041673349383102,4.62,0.02,0.0043
2021-03-29,812.91,828.55,809.44,816.39,6986120.0,0.0055924803459252,4.64,0.06,0.0129
2021-03-30,809.43,826.8,809.43,823.33,8544351.0,0.0068398646224494,4.7,0.04,0.0085
2021-03-31,825.05,835.47,811.15,826.79,8300339.0,0.0066445298280042,4.74,0.02,0.0042
2021-04-01,826.78,849.36,825.04,844.15,9531189.0,0.0076298413362208,4.76,0.1,0.021
2021-04-02,847.6,849.34,826.76,826.76,6865584.0,0.0054959897029107,4.86,-0.1,-0.0206
2021-04-06,826.76,831.97,821.55,825.02,4944061.0,0.0039577854333386,4.76,-0.01,-0.0021
2021-04-07,824.98,842.35,823.25,840.61,6383436.0,0.0051100239288005,4.75,0.09,0.0189
2021-04-08,840.61,840.61,826.72,830.19,4830688.0,0.0038670288654212,4.84,-0.06,-0.0124
2021-04-09,828.44,833.65,823.23,826.7,4101662.0,0.0032834340264164,4.78,-0.02,-0.0042
2021-04-12,837.13,837.13,824.97,826.7,5245953.0,0.0041994539240877,4.76,0.0,0.0
2021-04-13,823.23,830.18,816.29,819.76,3501840.0,0.0028032686776887,4.76,-0.04,-0.0084
2021-04-14,819.74,824.96,814.53,821.48,3842313.0,0.0030758217630663,4.72,0.01,0.0021
2021-04-15,817.99,838.83,816.25,837.09,5729162.0,0.0045862690425618,4.73,0.09,0.019
2021-04-16,835.39,838.87,824.97,833.66,4801236.0,0.0038434521545791,4.82,-0.02,-0.0041
2021-04-19,831.96,840.65,830.23,838.91,6528838.0,0.0052264201297329,4.8,0.03,0.0063
2021-04-20,838.88,844.1,833.67,837.15,4376320.0,0.0035033013443055,4.83,-0.01,-0.0021
2021-04-21,837.15,842.36,823.25,837.15,5083423.0,0.0040693465353478,4.82,0.0,0.0
2021-04-22,837.11,845.79,835.37,840.58,4404826.0,0.0035261207697864,4.82,0.02,0.0041
2021-04-23,844.02,844.02,826.66,828.39,4750657.0,0.0038029630041757,4.84,-0.07,-0.0145
2021-04-26,830.13,838.81,826.66,828.39,4464716.0,0.0035740634973544,4.77,0.0,0.0
2021-04-27,828.39,831.86,816.23,824.91,4049944.0,0.0032420330916299,4.77,-0.02,-0.0042
2021-04-28,830.12,830.12,819.7,824.91,2435720.0,0.0019498256869588,4.75,0.0,0.0
2021-04-29,821.45,828.39,816.24,821.45,4494448.0,0.0035978643518552,4.75,-0.02,-0.0042
2021-04-30,821.43,823.17,795.38,798.86,9395064.0,0.0075208714950086,4.73,-0.13,-0.0275
2021-05-06,790.15,805.78,788.42,797.1,3941140.0,0.0031549340679146,4.6,-0.01,-0.0022
2021-05-07,798.84,811.0,795.37,805.79,4176900.0,0.003343663028533,4.59,0.05,0.0109
2021-05-10,809.26,811.0,798.84,805.79,4358523.0,0.0034890546132564,4.64,0.0,0.0
2021-05-11,802.32,807.53,798.84,805.79,2808187.0,0.0022479903873942,4.64,0.0,0.0
2021-05-12,802.32,811.0,800.58,805.79,3643648.0,0.0029167878346592,4.64,0.0,0.0
2021-05-13,805.76,810.97,798.81,800.55,4061218.0,0.0032510580759445,4.64,-0.03,-0.0065
2021-05-14,802.26,809.2,800.52,803.99,4605254.0,0.0036865660027302,4.61,0.02,0.0043
2021-05-17,805.7,810.91,800.49,802.23,4982647.0,0.0039886740305324,4.63,-0.01,-0.0022
2021-05-18,803.94,809.15,798.73,805.67,4347436.0,0.0034801793248853,4.62,0.02,0.0043
2021-05-19,802.23,805.7,795.28,795.28,3998891.0,0.0032011644980328,4.64,-0.06,-0.0129
2021-05-20,795.31,798.78,786.63,788.36,2799914.0,0.0022413677427929,4.58,-0.04,-0.0087
2021-05-21,788.36,795.31,786.62,790.1,2687880.0,0.002151683061872,4.54,0.01,0.0022
2021-05-24,791.84,798.78,788.37,795.31,3187253.0,0.0025514376735571,4.55,0.03,0.0066
2021-05-25,793.56,795.3,783.14,793.56,3901506.0,0.0031232065330268,4.58,-0.01,-0.0022
2021-05-26,790.11,798.79,786.63,797.05,4405310.0,0.0035265082181107,4.57,0.02,0.0044
2021-05-27,797.07,800.54,793.6,798.81,3215190.0,0.0025738016071031,4.59,0.01,0.0022
2021-05-28,798.81,798.81,790.12,798.81,4638152.0,0.0037129012816003,4.6,0.0,0.0
2021-05-31,798.79,798.79,793.58,797.05,2175540.0,0.0017415481972502,4.6,-0.01,-0.0022
2021-06-01,797.05,798.79,793.58,797.05,2534525.0,0.0020289203805196,4.59,0.0,0.0
2021-06-02,797.04,805.72,791.83,803.98,4923629.0,0.0039414293503586,4.59,0.04,0.0087
2021-06-03,803.98,807.46,798.77,803.98,4816352.0,0.0038555527100962,4.63,0.0,0.0
2021-06-04,812.63,812.63,798.74,802.22,6652433.0,0.0053253595422186,4.63,-0.01,-0.0022
2021-06-07,809.2,816.15,807.46,814.41,7702484.0,0.0061659390884788,4.62,0.07,0.0152
2021-06-08,814.44,817.91,807.49,812.7,4548107.0,0.0036408190825043,4.69,-0.01,-0.0021
2021-06-09,810.97,812.71,804.02,807.5,5459997.0,0.0043707989429484,4.68,-0.03,-0.0064
2021-06-10,807.5,817.92,804.02,810.97,14042994.0,0.0112416001933757,4.65,0.02,0.0043
2021-06-11,791.62,791.62,773.13,776.83,12908159.0,0.0103331499472637,4.38,-0.18,-0.0421
2021-06-15,780.5,780.5,762.01,763.85,4336856.0,0.003471709896639,4.2,-0.07,-0.0167
2021-06-16,765.69,767.54,752.75,756.45,3194149.0,0.0025569580116655,4.13,-0.04,-0.0097
2021-06-17,756.44,758.29,749.04,752.74,2257800.0,0.0018073984021216,4.09,-0.02,-0.0049
2021-06-18,760.16,760.16,749.06,758.31,2928768.0,0.0023445170534967,4.07,0.03,0.0074
2021-06-21,758.32,760.17,750.92,752.77,2331000.0,0.0018659959586081,4.1,-0.03,-0.0073
2021-06-22,754.63,763.88,754.63,762.03,3073283.0,0.002460203199339,4.07,0.05,0.0123
2021-06-23,762.06,762.06,749.11,752.81,4342097.0,0.0034759053856219,4.12,-0.05,-0.0121
2021-06-24,752.81,754.66,750.96,752.81,2958173.0,0.0023680561402247,4.07,0.0,0.0
2021-06-25,752.83,758.38,749.13,758.38,4392064.0,0.0035159046220285,4.07,0.03,0.0074
2021-06-28,758.4,758.4,751.0,752.85,3714684.0,0.0029736530808693,4.1,-0.03,-0.0073
2021-06-29,749.16,752.86,747.31,749.16,2980993.0,0.002386323848408,4.07,-0.02,-0.0049
2021-06-30,749.13,750.98,743.59,747.28,3021080.0,0.0024184140157151,4.05,-0.01,-0.0025
2021-07-01,749.1,749.1,741.7,743.55,2935500.0,0.0023499061074621,4.04,-0.02,-0.005
2021-07-02,743.56,747.26,743.56,745.41,2375452.0,0.0019015803654516,4.02,0.01,0.0025
2021-07-05,745.42,749.12,743.57,747.27,2009022.0,0.0016082483624002,4.03,0.01,0.0025
2021-07-06,749.14,762.09,747.29,756.54,3089182.0,0.0024729305565873,4.04,0.05,0.0124
2021-07-07,754.71,756.56,749.16,751.01,2142612.0,0.0017151889029881,4.09,-0.03,-0.0073
2021-07-08,751.03,756.58,741.78,741.78,2804501.0,0.0022450396962302,4.06,-0.05,-0.0123
2021-07-09,743.64,749.19,741.79,749.19,1753815.0,0.0014039518241726,4.01,0.04,0.01
2021-07-12,749.17,752.87,745.47,747.32,2858117.0,0.0022879600048173,4.05,-0.01,-0.0025
2021-07-13,751.04,751.04,745.49,749.19,1683668.0,0.0013477982340789,4.04,0.01,0.0025
2021-07-14,751.05,751.05,741.8,743.65,2776139.0,0.0022223355446308,4.05,-0.03,-0.0074
2021-07-15,743.65,745.5,739.95,743.65,2719310.0,0.0021768431875601,4.02,0.0,0.0
2021-07-16,739.92,745.47,738.07,738.07,2916000.0,0.0023342961026604,4.02,-0.03,-0.0075
2021-07-19,738.03,739.88,719.53,723.23,5066109.0,0.00405548645211,3.99,-0.08,-0.0201
2021-07-20,717.69,723.24,715.85,719.54,2925612.0,0.002341990634258,3.91,-0.02,-0.0051
2021-07-21,723.21,730.61,719.52,723.21,2451500.0,0.0019624577831522,3.89,0.02,0.0051
2021-07-22,721.4,726.94,717.7,725.09,2391921.0,0.001914764015148,3.91,0.01,0.0026
2021-07-23,725.1,725.1,719.55,721.4,2368516.0,0.0018960280068205,3.92,-0.02,-0.0051
2021-07-26,721.37,721.37,695.48,699.18,4591652.0,0.0036756774239962,3.9,-0.12,-0.0308
2021-07-27,702.86,702.86,689.92,691.77,2932368.0,0.002347398900537,3.78,-0.04,-0.0106
2021-07-28,689.89,691.74,654.75,667.69,4351183.0,0.0034831788473464,3.74,-0.13,-0.0348
2021-07-29,665.82,676.92,662.12,665.82,2883811.0,0.0023085283875546,3.61,-0.01,-0.0028
2021-07-30,667.65,671.35,647.31,671.35,4105669.0,0.0032765800646564,3.6,0.03,0.0083
2021-08-02,669.47,671.32,656.52,669.47,3781492.0,0.003017866589308,3.63,-0.01,-0.0028
2021-08-03,669.5,678.74,665.8,671.34,2824414.0,0.0022540586215636,3.62,0.01,0.0028
2021-08-04,675.07,678.77,665.83,673.22,2783282.0,0.0022212327188375,3.63,0.01,0.0028
2021-08-05,673.19,682.44,669.49,675.04,2656140.0,0.0021197654689008,3.64,0.01,0.0027
2021-08-06,678.73,678.73,658.38,671.33,2239063.0,0.0017869119963907,3.65,-0.02,-0.0055
2021-08-09,671.35,680.59,665.8,680.59,2631727.0,0.0021002823714766,3.63,0.05,0.0138
2021-08-10,676.88,684.28,675.03,682.43,2094812.0,0.0016717906968153,3.68,0.01,0.0027
2021-08-11,682.4,693.5,680.55,689.8,2704708.0,0.0021585257636494,3.69,0.04,0.0108
2021-08-12,689.83,691.68,684.28,684.28,1716492.0,0.0013698677288262,3.73,-0.03,-0.008
2021-08-13,684.29,686.14,673.19,676.89,2973327.0,0.002372900488058,3.7,-0.04,-0.0108
2021-08-16,676.92,697.27,671.37,691.72,4745458.0,0.0037871716108785,3.66,0.08,0.0219
2021-08-17,691.73,695.43,678.78,678.78,3594468.0,0.0028686097666045,3.74,-0.07,-0.0187
2021-08-18,684.31,688.01,678.77,688.01,2225377.0,0.0017759897143546,3.67,0.05,0.0136
2021-08-19,688.0,691.7,682.45,684.3,1944000.0,0.0015514333098191,3.72,-0.02,-0.0054
2021-08-20,686.15,686.15,676.9,682.45,1958999.0,0.0015634034477893,3.7,-0.01,-0.0027
2021-08-23,686.13,689.83,680.58,687.98,2663892.0,0.0021259520486424,3.69,0.03,0.0081
2021-08-24,687.98,689.83,686.13,687.98,2490880.0,0.0019878776763181,3.72,0.0,0.0
2021-08-25,695.38,732.36,691.68,719.42,12090975.0,0.0096493525530818,3.72,0.17,0.0457
2021-08-26,719.38,741.58,708.29,741.58,14380743.0,0.0114767303035747,3.89,0.12,0.0308
2021-08-27,741.54,743.39,721.2,726.75,7114180.0,0.0056775595802723,4.01,-0.08,-0.02
2021-08-30,724.91,736.01,715.67,717.52,6862382.0,0.0054766090635306,3.93,-0.05,-0.0127
2021-08-31,717.54,730.49,710.14,728.64,4770476.0,0.003807137536056,3.88,0.06,0.0155
2021-09-01,728.67,743.47,723.12,736.07,7536039.0,0.0060142293871895,3.94,0.04,0.0102
2021-09-02,737.92,741.62,730.52,736.07,5398242.0,0.0043081339780169,3.98,0.0,0.0
2021-09-03,736.07,752.71,734.22,750.86,8215690.0,0.006556633296887,3.98,0.08,0.0201
2021-09-06,756.43,760.13,743.49,747.18,6240933.0,0.0049806539817643,4.06,-0.02,-0.0049
2021-09-07,743.5,760.15,743.5,756.45,7855544.0,0.006269214314995,4.04,0.05,0.0124
2021-09-08,756.43,787.87,754.58,782.32,11348489.0,0.009056802392344,4.09,0.14,0.0342
2021-09-09,786.05,786.05,774.95,784.2,8230543.0,0.0065684869177465,4.23,0.01,0.0024
2021-09-10,782.34,787.89,771.25,774.94,7761844.0,0.0061944358679116,4.24,-0.05,-0.0118
2021-09-13,773.06,782.31,769.36,782.31,6487141.0,0.0051771433296778,4.19,0.04,0.0095
2021-09-14,782.31,782.31,758.27,761.97,5578899.0,0.0044523095374058,4.23,-0.11,-0.026
2021-09-15,754.55,763.8,752.71,756.4,4248434.0,0.0033905154435022,4.12,-0.03,-0.0073
2021-09-16,758.23,765.63,743.44,745.29,5572696.0,0.0044473591563252,4.09,-0.06,-0.0147
2021-09-17,745.27,752.67,737.87,743.42,3696352.0,0.0029499195563872,4.03,-0.01,-0.0025
2021-09-22,736.04,748.99,728.65,747.14,4332920.0,0.003457940543612,4.02,0.02,0.005
2021-09-23,747.17,765.67,745.33,758.27,5676164.0,0.0045299330769529,4.04,0.06,0.0149
2021-09-24,760.11,761.96,737.92,739.77,4173500.0,0.003330713435458,4.1,-0.1,-0.0244
2021-09-27,739.77,743.47,710.18,713.88,5382332.0,0.0042954368051984,4.0,-0.14,-0.035
2021-09-28,717.61,734.26,713.91,723.16,4078420.0,0.0032548336622596,3.86,0.05,0.013
2021-09-29,723.15,723.15,706.5,713.9,3271112.0,0.0026105515004883,3.91,-0.05,-0.0128
2021-09-30,717.58,730.52,713.88,726.82,3262816.0,0.0026039307747999,3.86,0.07,0.0181
2021-10-08,732.36,741.61,730.51,739.76,4067756.0,0.0032463231248029,3.93,0.07,0.0178
2021-10-11,739.76,743.46,736.06,736.06,2479275.0,0.0019786161621409,4.0,-0.02,-0.005
2021-10-12,732.34,739.73,719.39,726.79,3112300.0,0.0024838096142748,3.98,-0.05,-0.0126
2021-10-13,726.81,728.66,713.87,721.26,2667747.0,0.0021290285792027,3.93,-0.03,-0.0076
2021-10-14,723.13,723.13,713.89,717.59,2542420.0,0.0020290098125259,3.9,-0.02,-0.0051
2021-10-15,726.86,728.71,704.67,704.67,4569519.0,0.0036467613099031,3.88,-0.07,-0.018
2021-10-18,702.84,712.09,700.99,710.24,3046604.0,0.0024313801067018,3.81,0.03,0.0079
2021-10-19,710.25,713.95,702.85,702.85,2774700.0,0.0022143837473021,3.84,-0.04,-0.0104
2021-10-20,702.82,706.52,695.43,699.12,2843024.0,0.002268910562868,3.8,-0.02,-0.0053
2021-10-21,702.84,710.23,699.14,706.53,3338568.0,0.0026643855978891,3.78,0.04,0.0106
2021-10-22,713.93,717.62,693.58,697.28,6119628.0,0.004883845022069,3.82,-0.05,-0.0131
2021-10-25,697.25,700.95,686.16,688.01,4126015.0,0.0032928174422909,3.77,-0.05,-0.0133
2021-10-26,687.97,689.82,678.73,680.58,2740770.0,0.0021873054899964,3.72,-0.04,-0.0108
2021-10-27,682.42,682.42,665.77,671.32,3439967.0,0.0027453083274067,3.68,-0.05,-0.0136
2021-10-28,669.45,671.3,658.36,662.06,3522461.0,0.0028111436872114,3.63,-0.05,-0.0138
2021-10-29,663.87,676.82,662.02,676.82,3288385.0,0.002624336432361,3.58,0.08,0.0223
2021-11-01,674.95,684.2,669.4,684.2,3162176.0,0.0025236137746454,3.66,0.04,0.0109
2021-11-02,684.21,684.21,663.87,669.42,4238836.0,0.0033828556405662,3.7,-0.08,-0.0216
2021-11-03,673.08,680.48,669.38,676.78,2156958.0,0.0017213870828605,3.62,0.04,0.011
2021-11-04,676.81,680.5,673.11,680.5,2068954.0,0.0016511543992199,3.66,0.02,0.0055
2021-11-05,680.52,682.36,674.97,678.67,2390328.0,0.001907630905655,3.68,-0.01,-0.0027
2021-11-08,674.93,686.03,669.39,682.33,4126211.0,0.0032929738625217,3.67,0.02,0.0054
2021-11-09,682.34,684.19,676.8,678.65,2660460.0,0.0021232130984781,3.69,-0.02,-0.0054
2021-11-10,680.46,684.16,673.07,682.31,2778750.0,0.0022176159000309,3.67,0.02,0.0054
2021-11-11,680.48,697.12,678.63,695.27,3554190.0,0.0028364654091699,3.69,0.07,0.019
2021-11-12,697.1,702.64,687.85,702.64,3954771.0,0.0031561540442937,3.76,0.04,0.0106
2021-11-15,697.08,708.17,697.08,704.47,2809619.0,0.0022422512883235,3.8,0.01,0.0026
2021-11-16,706.36,708.2,698.96,700.81,1723351.0,0.0013753416388427,3.81,-0.02,-0.0052
2021-11-17,702.64,706.34,687.85,697.09,4139414.0,0.0033035106804176,3.79,-0.02,-0.0053
2021-11-18,697.06,697.06,691.52,691.52,1944949.0,0.0015521906710388,3.77,-0.03,-0.008
2021-11-19,691.51,715.55,691.51,711.85,5855163.0,0.004672785448879,3.74,0.11,0.0294
2021-11-22,711.84,711.84,698.89,700.74,2895559.0,0.002310836771166,3.85,-0.06,-0.0156
2021-11-23,704.44,708.14,698.89,700.74,2632114.0,0.0021005912216262,3.79,0.0,0.0
2021-11-24,702.59,702.59,685.95,700.74,3545588.0,0.0028296004763864,3.79,0.0,0.0
2021-11-25,700.73,702.58,693.33,697.03,3568735.0,0.0028480732268094,3.79,-0.02,-0.0053
2021-11-26,697.0,697.0,687.76,691.45,3011024.0,0.0024029850464326,3.77,-0.03,-0.008
2021-11-29,684.08,684.08,669.29,672.99,5658196.0,0.0045155934917107,3.74,-0.1,-0.0267
2021-11-30,674.81,680.35,671.11,674.81,3024000.0,0.0024133407041631,3.64,0.01,0.0027
2021-12-01,678.49,682.19,672.95,680.34,4811391.0,0.0038397902592408,3.65,0.03,0.0082
2021-12-02,680.37,685.91,676.67,676.67,5266754.0,0.0042031983488803,3.68,-0.02,-0.0054
2021-12-03,680.35,685.89,676.65,684.04,4486135.0,0.0035802156745605,3.66,0.04,0.0109
2021-12-06,684.05,685.9,672.96,676.66,4799775.0,0.0038305199663772,3.7,-0.04,-0.0108
2021-12-07,678.53,685.92,674.83,680.38,5033524.0,0.0040170662548222,3.66,0.02,0.0055
2021-12-08,682.25,684.1,673.01,676.7,8095714.0,0.0064608849621242,3.68,-0.02,-0.0054
2021-12-09,676.73,691.52,674.88,691.52,15050320.0,0.0120110945326327,3.66,0.08,0.0219
2021-12-10,687.85,691.55,665.66,665.66,14312221.0,0.0114220454716531,3.74,-0.14,-0.0374
2021-12-13,682.3,732.23,682.3,732.23,23148962.0,0.0184743162214705,3.6,0.36,0.1
2021-12-14,754.45,791.43,741.51,750.75,59936882.0,0.0478333720275219,3.96,0.1,0.0253
2021-12-15,734.11,748.91,717.47,735.96,28553702.0,0.0227876360089768,4.06,-0.08,-0.0197
2021-12-16,732.25,750.75,723.01,737.8,20060189.0,0.0160092826213316,3.98,0.01,0.0025
2021-12-17,737.78,747.03,726.69,745.18,13853767.0,0.0110561705711285,3.99,0.04,0.01
2021-12-20,743.33,771.07,737.79,765.52,29710123.0,0.0237105321301571,4.03,0.11,0.0273
2021-12-21,759.95,774.74,750.71,769.2,17417333.0,0.0139001186133812,4.14,0.02,0.0048
2021-12-22,763.68,767.38,741.49,748.89,15922744.0,0.0127073433257838,4.16,-0.11,-0.0264
2021-12-23,745.23,750.77,735.98,739.68,9869900.0,0.0078767961031813,4.05,-0.05,-0.0123
2021-12-24,737.83,739.68,724.89,734.13,10631918.0,0.0084849340187583,4.0,-0.03,-0.0075
2021-12-27,737.8,741.5,723.01,728.55,9700110.0,0.0077412930879168,3.97,-0.03,-0.0076
2021-12-28,730.38,730.38,724.84,724.84,5644479.0,0.0045046464697401,3.94,-0.02,-0.0051
2021-12-29,726.72,737.81,721.17,730.42,5869598.0,0.0046843054796543,3.92,0.03,0.0077
2021-12-30,732.24,735.94,724.84,726.69,6486500.0,0.005176631771678,3.95,-0.02,-0.0051
2021-12-31,728.56,737.8,726.71,734.11,8361852.0,0.006673279693713,3.93,0.04,0.0102
2022-01-04,735.98,756.32,728.58,750.77,14265485.0,0.0113847472272253,3.97,0.09,0.0227
2022-01-05,750.79,754.49,741.54,747.09,7590174.0,0.006057432495331,4.06,-0.02,-0.0049
2022-01-06,750.81,754.51,747.11,748.96,6756488.0,0.0053920990435152,4.04,0.01,0.0025
2022-01-07,750.84,758.23,743.44,745.29,8138590.0,0.0064951026856797,4.05,-0.02,-0.0049
2022-01-10,743.43,758.23,741.58,754.53,6988918.0,0.0055775926876517,4.03,0.05,0.0124
2022-01-11,754.57,771.21,754.57,760.11,11468886.0,0.0091528867113781,4.08,0.03,0.0074
2022-01-12,758.24,765.64,750.84,761.94,8741274.0,0.0069760821264693,4.11,0.01,0.0024
2022-01-13,765.66,780.46,761.97,773.06,11223302.0,0.0089568953544034,4.12,0.06,0.0146
2022-01-14,769.38,773.07,750.88,752.73,9423576.0,0.007520601699595,4.18,-0.11,-0.0263
2022-01-17,752.75,763.85,750.9,758.3,5228503.0,0.0041726716639349,4.07,0.03,0.0074
2022-01-18,756.43,765.68,750.89,754.59,4820808.0,0.0038473056128821,4.1,-0.02,-0.0049
2022-01-19,750.92,763.87,750.92,756.47,5076716.0,0.0040515361660967,4.08,0.01,0.0025
2022-01-20,758.31,763.85,747.21,749.06,5886956.0,0.0046981582468312,4.09,-0.04,-0.0098
2022-01-21,749.06,749.06,732.42,743.52,5755788.0,0.0045934779976633,4.05,-0.03,-0.0074
2022-01-24,741.65,741.65,713.9,725.0,11656455.0,0.0093025784780908,4.02,-0.1,-0.0249
2022-01-25,723.16,726.86,699.12,702.82,6908363.0,0.0055133047708448,3.92,-0.12,-0.0306
2022-01-26,708.37,715.77,699.12,713.92,3970838.0,0.0031689765129093,3.8,0.06,0.0158
2022-01-27,712.05,719.45,706.5,708.35,4372260.0,0.0034893363185134,3.86,-0.03,-0.0078
2022-01-28,710.17,723.12,706.47,715.72,5194534.0,0.0041455622821956,3.83,0.04,0.0104
2022-02-07,717.58,736.07,717.58,728.67,7585032.0,0.0060533288584591,3.87,0.07,0.0181
2022-02-08,736.05,760.09,732.35,754.54,12228630.0,0.0097592098330526,3.94,0.14,0.0355
2022-02-09,749.0,754.54,745.3,750.84,7928764.0,0.0063276484440819,4.08,-0.02,-0.0049
2022-02-10,749.0,754.54,743.45,750.84,6599176.0,0.005266554250905,4.06,0.0,0.0
2022-02-11,750.84,760.09,747.15,750.84,6684423.0,0.0053345866765028,4.06,0.0,0.0
2022-02-14,749.01,750.86,741.62,747.17,4992436.0,0.0039842754668418,4.06,-0.02,-0.0049
2022-02-15,747.19,749.04,728.69,734.24,5453492.0,0.0043522269257368,4.04,-0.07,-0.0173
2022-02-16,737.97,743.52,732.42,739.82,6367992.0,0.0050820549925216,3.97,0.03,0.0076
2022-02-17,736.12,741.67,734.27,737.97,5200000.0,0.0041499244912859,4.0,-0.01,-0.0025
2022-02-18,738.01,754.65,736.16,752.8,6486380.0,0.0051765360041898,3.99,0.08,0.0201
2022-02-21,750.92,752.77,737.97,750.92,7174892.0,0.0057260115448329,4.07,-0.01,-0.0025
2022-02-22,747.23,752.78,737.99,741.68,5252845.0,0.0041920980989286,4.06,-0.05,-0.0123
2022-02-23,745.4,750.95,743.55,747.25,5399144.0,0.0043088538303037,4.01,0.03,0.0075
2022-02-24,743.55,745.4,710.26,717.66,10663296.0,0.0085099756208136,4.04,-0.16,-0.0396
2022-02-25,719.52,730.61,719.52,726.91,6196252.0,0.0049449957555729,3.88,0.05,0.0129
2022-02-28,730.58,745.38,712.09,745.38,10788803.0,0.0086101380387228,3.93,0.1,0.0254
2022-03-01,743.53,747.23,739.83,745.38,7101317.0,0.0056672941035932,4.03,0.0,0.0
2022-03-02,743.54,756.48,737.99,756.48,9901310.0,0.0079018632432334,4.03,0.06,0.0149
2022-03-03,758.35,797.19,756.5,784.25,25558808.0,0.0203975237090912,4.09,0.15,0.0367
2022-03-04,784.23,786.08,769.43,778.68,14152244.0,0.0112943738427411,4.24,-0.03,-0.0071
2022-03-07,784.23,784.23,767.58,771.28,10237668.0,0.0081702979167027,4.21,-0.04,-0.0095
2022-03-08,774.96,778.66,745.37,750.92,8281820.0,0.0066094091635426,4.17,-0.11,-0.0264
2022-03-09,752.78,765.73,717.64,741.68,10087658.0,0.0080505805757531,4.06,-0.05,-0.0123
2022-03-10,682.48,730.57,676.93,706.53,37475959.0,0.0299081538631782,4.01,-0.19,-0.0474
2022-03-11,688.06,697.31,669.57,691.76,19185918.0,0.0153115598069237,3.82,-0.08,-0.0209
2022-03-14,684.39,689.94,671.44,673.29,9925125.0,0.0079208690993411,3.74,-0.1,-0.0267
2022-03-15,671.46,673.31,617.82,621.52,12997321.0,0.0103726732190393,3.64,-0.28,-0.0769
2022-03-16,625.23,651.13,604.89,647.43,14205397.0,0.0113367932536037,3.36,0.14,0.0417
2022-03-17,647.44,658.54,640.04,643.74,10705336.0,0.0085435261642009,3.5,-0.02,-0.0057
2022-03-18,640.02,654.81,636.32,654.81,8353412.0,0.0066665440470387,3.48,0.06,0.0172
2022-03-21,656.66,658.51,641.87,654.81,10260302.0,0.0081883612611134,3.54,0.0,0.0
2022-03-22,649.23,673.28,645.53,665.88,10680747.0,0.0085239026077939,3.54,0.06,0.0169
2022-03-23,667.75,673.29,656.65,667.75,11771994.0,0.0093947858099751,3.6,0.01,0.0028
2022-03-24,667.76,688.11,662.21,675.16,19264276.0,0.0153740943806329,3.61,0.04,0.0111
2022-03-25,671.48,743.62,669.63,743.62,47226996.0,0.0376900898750503,3.65,0.37,0.1014
2022-03-28,728.84,743.64,693.69,717.74,58692728.0,0.046840459497612,4.02,-0.14,-0.0348
