date,open,high,low,close,volume,turnover,pre-close,changeamount,change
2017-05-19,18.72,22.46,18.72,22.46,7401.0,0.0004934,18.72,3.74,0.1998
2017-05-22,24.71,24.71,24.71,24.71,2000.0,0.0001333333333333,22.46,2.25,0.1002
2017-05-23,27.18,27.18,27.18,27.18,2000.0,0.0001333333333333,24.71,2.47,0.1
2017-05-24,29.9,29.9,29.9,29.9,2600.0,0.0001733333333333,27.18,2.72,0.1001
2017-05-25,32.89,32.89,32.89,32.89,6300.0,0.00042,29.9,2.99,0.1
2017-05-26,36.18,36.18,36.18,36.18,21600.0,0.00144,32.89,3.29,0.1
2017-05-31,39.8,39.8,39.8,39.8,29318.0,0.0019545333333333,36.18,3.62,0.1001
2017-06-01,43.78,43.78,43.78,43.78,64388.0,0.0042925333333333,39.8,3.98,0.1
2017-06-02,48.16,48.16,48.16,48.16,387105.0,0.025807,43.78,4.38,0.1
2017-06-05,52.98,52.98,52.98,52.98,272300.0,0.0181533333333333,48.16,4.82,0.1001
2017-06-06,51.9,56.01,49.09,51.61,8552085.0,0.570139,52.98,-1.38,-0.026
2017-06-07,51.15,56.71,51.03,54.84,8892657.0,0.5928438,51.6,3.23,0.0626
2017-06-08,53.53,53.99,49.36,49.41,8177588.0,0.5451725333333334,54.83,-5.43,-0.099
2017-06-09,48.34,48.41,46.61,47.51,4876105.0,0.3250736666666666,49.4,-1.9,-0.0385
2017-06-12,45.79,45.98,43.09,43.32,4448506.0,0.2965670666666666,47.5,-4.19,-0.0882
2017-06-13,43.55,44.93,43.51,44.2,3147767.0,0.2098511333333333,43.31,0.89,0.0205
2017-06-14,44.19,44.2,42.8,43.13,2793441.0,0.1862294,44.2,-1.07,-0.0242
2017-06-15,43.1,45.18,43.09,44.32,2987011.0,0.1991340666666666,43.13,1.19,0.0276
2017-06-16,44.13,44.78,43.88,44.51,1971139.0,0.1314092666666666,44.32,0.18,0.0041
2017-06-19,44.72,45.03,43.89,44.25,1494571.0,0.0996380666666666,44.5,-0.26,-0.0058
2017-06-20,44.42,45.18,44.04,44.21,1719730.0,0.1146486666666666,44.24,-0.04,-0.0009
2017-06-21,44.29,44.5,43.61,43.95,1354168.0,0.0902778666666666,44.2,-0.26,-0.0059
2017-06-22,43.8,44.31,42.19,42.27,1771300.0,0.1180866666666666,43.94,-1.68,-0.0382
2017-06-23,41.81,42.59,40.34,41.53,1745514.0,0.1163676,42.26,-0.74,-0.0175
2017-06-26,41.42,41.8,40.89,41.74,1003914.0,0.0669276,41.52,0.21,0.0051
2017-06-27,41.74,42.88,41.6,41.96,1154614.0,0.0769742666666666,41.73,0.22,0.0053
2017-06-28,41.61,41.7,40.62,40.96,1018900.0,0.0679266666666666,41.95,-1.0,-0.0238
2017-06-29,41.06,42.01,41.06,41.46,982000.0,0.0654666666666666,40.95,0.5,0.0122
2017-06-30,41.19,43.28,41.04,42.53,1443200.0,0.0962133333333333,41.45,1.07,0.0258
2017-07-03,42.36,43.63,42.21,43.28,1218800.0,0.0812533333333333,42.52,0.75,0.0176
2017-07-04,43.02,43.4,41.23,43.26,1438814.0,0.0959209333333333,43.27,-0.02,-0.0005
2017-07-05,43.72,47.59,43.68,47.59,5033674.0,0.3355782666666667,43.25,4.33,0.1001
2017-07-06,48.35,50.71,47.91,49.96,8238928.0,0.5492618666666667,47.58,2.37,0.0498
2017-07-07,48.96,49.36,48.23,48.46,5122579.0,0.3415052666666666,49.95,-1.5,-0.03
2017-07-10,47.86,49.29,45.66,46.22,3717734.0,0.2478489333333333,48.45,-2.24,-0.0462
2017-07-11,46.01,46.15,44.23,44.56,2765933.0,0.1843955333333333,46.21,-1.66,-0.0359
2017-07-12,43.92,46.18,43.83,45.83,2466059.0,0.1644039333333333,44.55,1.27,0.0285
2017-07-13,45.17,45.45,43.36,43.78,2414333.0,0.1609555333333333,45.82,-2.05,-0.0447
2017-07-14,43.78,44.31,42.44,42.44,1615416.0,0.1076944,43.77,-1.35,-0.0308
2017-07-17,42.01,42.01,38.19,38.19,2092059.0,0.1394706,42.42,-4.24,-0.1
2017-07-18,37.53,38.99,36.91,38.42,1497762.0,0.0998508,38.18,0.23,0.006
2017-07-19,38.31,38.31,36.92,37.99,1382034.0,0.0921356,38.41,-0.43,-0.0112
2017-07-20,38.01,39.31,37.71,37.71,1310245.0,0.0873496666666666,37.98,-0.28,-0.0074
2017-07-21,37.35,38.2,37.16,37.46,892704.0,0.0595136,37.7,-0.25,-0.0066
2017-07-24,36.9,38.14,36.41,37.9,1307085.0,0.087139,37.45,0.44,0.0117
2017-07-25,37.79,38.36,37.53,38.1,932922.0,0.0621948,37.89,0.2,0.0053
2017-07-26,38.01,38.5,37.45,37.93,872522.0,0.0581681333333333,38.09,-0.17,-0.0045
2017-07-27,37.8,40.58,37.52,40.23,1979689.0,0.1319792666666666,37.92,2.3,0.0607
2017-07-28,39.84,40.23,38.93,39.21,1281606.0,0.0854404,40.22,-1.02,-0.0254
2017-07-31,39.31,40.16,38.71,39.37,997000.0,0.0664666666666666,39.2,0.16,0.0041
2017-08-01,39.03,39.56,38.52,39.17,984554.0,0.0656369333333333,39.36,-0.2,-0.0051
2017-08-02,39.17,39.46,38.31,38.31,1226800.0,0.0817866666666666,39.16,-0.86,-0.022
2017-08-03,38.45,39.51,37.89,38.54,1056367.0,0.0704244666666666,38.3,0.23,0.006
2017-08-04,38.58,38.63,37.4,37.4,1076341.0,0.0717560666666666,38.53,-1.14,-0.0296
2017-08-07,37.5,38.18,37.37,37.53,729900.0,0.04866,37.39,0.14,0.0037
2017-08-08,36.61,37.5,35.83,37.1,1391167.0,0.0927444666666666,37.53,-0.43,-0.0115
2017-08-09,36.9,36.93,36.45,36.66,813756.0,0.0542504,37.1,-0.44,-0.0119
2017-08-10,36.65,36.78,35.86,36.48,1005200.0,0.0670133333333333,36.66,-0.18,-0.0049
2017-08-11,36.11,36.52,35.91,36.35,610300.0,0.0406866666666666,36.48,-0.13,-0.0036
2017-08-14,36.11,37.38,36.11,37.33,1013500.0,0.0675666666666666,36.35,0.98,0.027
2017-08-15,37.5,38.16,37.0,37.99,1318800.0,0.08792,37.33,0.66,0.0177
2017-08-16,37.8,39.66,37.8,38.85,2018800.0,0.1345866666666666,37.99,0.86,0.0226
2017-08-17,38.51,39.28,38.51,38.83,1049100.0,0.06994,38.85,-0.02,-0.0005
2017-08-18,38.44,39.25,38.3,38.59,808100.0,0.0538733333333333,38.83,-0.24,-0.0062
2017-08-21,38.59,40.26,38.51,40.15,1661400.0,0.11076,38.59,1.56,0.0404
2017-08-22,40.5,41.2,39.68,39.75,1465400.0,0.0976933333333333,40.15,-0.4,-0.01
2017-08-23,39.56,41.36,39.11,40.75,1891700.0,0.1261133333333333,39.75,1.0,0.0252
2017-08-24,40.28,41.47,39.21,39.3,2171800.0,0.1447866666666666,40.75,-1.45,-0.0356
2017-08-25,39.06,40.76,39.01,40.49,1816322.0,0.1210881333333333,39.3,1.19,0.0303
2017-08-28,40.9,44.0,40.9,42.57,2863400.0,0.1908933333333333,40.49,2.08,0.0514
2017-08-29,42.55,44.3,42.19,42.51,3087200.0,0.2058133333333333,42.57,-0.06,-0.0014
2017-08-30,42.2,43.12,41.34,41.7,1965722.0,0.1310481333333333,42.51,-0.81,-0.0191
2017-08-31,41.74,43.98,41.74,43.75,2413682.0,0.1609121333333333,41.7,2.05,0.0492
2017-09-01,44.3,45.66,43.31,45.35,3182500.0,0.2121666666666666,43.75,1.6,0.0366
2017-09-04,45.02,46.7,43.86,44.3,2986700.0,0.1991133333333333,45.35,-1.05,-0.0232
2017-09-05,44.5,45.68,44.32,44.89,1997210.0,0.1331473333333333,44.3,0.59,0.0133
2017-09-06,44.24,44.75,43.0,44.68,2023730.0,0.1349153333333333,44.89,-0.21,-0.0047
2017-09-07,44.4,46.88,44.21,45.42,2567610.0,0.171174,44.68,0.74,0.0166
2017-09-08,45.11,46.0,44.1,44.88,2046380.0,0.1364253333333333,45.42,-0.54,-0.0119
2017-09-11,44.86,46.47,44.41,46.37,1884779.0,0.1256519333333333,44.88,1.49,0.0332
2017-09-12,46.17,46.17,43.78,43.83,2360930.0,0.1573953333333333,46.37,-2.54,-0.0548
2017-09-13,43.88,44.7,43.52,44.7,1128330.0,0.075222,43.83,0.87,0.0198
2017-09-14,44.39,44.98,43.74,44.14,958300.0,0.0638866666666666,44.7,-0.56,-0.0125
2017-09-15,43.86,44.31,42.38,42.78,933100.0,0.0622066666666666,44.14,-1.36,-0.0308
2017-09-18,42.38,43.45,41.77,43.34,1066463.0,0.0710975333333333,42.78,0.56,0.0131
2017-09-19,43.0,44.47,43.0,43.69,1078330.0,0.0718886666666666,43.34,0.35,0.0081
2017-09-20,43.53,44.97,43.36,44.92,1407993.0,0.0938662,43.69,1.23,0.0282
2017-09-21,45.12,46.5,44.52,44.52,1886493.0,0.1257662,44.92,-0.4,-0.0089
2017-09-22,44.9,48.97,44.3,48.97,2222200.0,0.1481466666666666,44.52,4.45,0.1
2017-09-25,49.21,52.29,47.31,47.71,4775100.0,0.31834,48.97,-1.27,-0.0259
2017-09-26,47.22,47.69,45.21,46.38,2910500.0,0.1940333333333333,47.7,-1.32,-0.0277
2017-09-27,46.56,48.61,45.92,48.49,2870900.0,0.1913933333333333,46.38,2.1,0.0453
2017-09-28,48.13,49.51,47.57,47.69,2628400.0,0.1752266666666666,48.48,-0.8,-0.0165
2017-09-29,47.29,48.32,46.82,47.78,1385700.0,0.09238,47.68,0.09,0.0019
2017-10-09,48.37,49.4,47.04,48.63,2041200.0,0.13608,47.77,0.85,0.0178
2017-10-10,48.18,50.47,48.14,50.44,2526400.0,0.1684266666666666,48.62,1.81,0.0372
2017-10-11,50.01,50.89,47.52,47.69,2621100.0,0.17474,50.43,-2.75,-0.0545
2017-10-12,47.51,50.5,47.51,48.6,2533819.0,0.1689212666666666,47.68,0.91,0.0191
2017-10-13,46.81,47.48,45.22,47.47,3101740.0,0.2067826666666666,48.59,-1.13,-0.0233
2017-10-16,47.21,47.21,43.87,44.2,2169700.0,0.1446466666666666,47.46,-3.26,-0.0687
2017-10-17,44.05,45.17,44.02,44.63,960300.0,0.06402,44.2,0.43,0.0097
2017-10-18,44.82,45.6,43.52,43.54,1236000.0,0.0824,44.63,-1.1,-0.0246
2017-10-19,43.91,46.67,43.32,46.67,2669040.0,0.177936,43.53,3.13,0.0719
2017-10-20,49.22,50.95,47.01,48.72,3542540.0,0.2361693333333333,46.66,2.06,0.0441
2017-10-23,48.64,53.6,48.14,53.6,4078600.0,0.2719066666666667,48.72,4.87,0.1
2017-10-24,54.01,55.39,52.23,54.49,5058859.0,0.3372572666666666,53.59,0.89,0.0166
2017-10-25,53.01,54.51,52.07,54.5,3172758.0,0.2115172,54.48,0.01,0.0002
2017-10-26,55.81,58.01,54.89,54.98,4696564.0,0.3131042666666667,54.49,0.48,0.0088
2017-10-27,53.51,54.51,52.61,52.76,2597128.0,0.1731418666666666,54.97,-2.22,-0.0404
2017-10-30,52.68,53.59,50.62,52.42,2124879.0,0.1416586,52.75,-0.34,-0.0064
2017-10-31,52.91,53.36,51.37,53.33,1808301.0,0.1205534,52.41,0.91,0.0174
2017-11-01,53.5,55.0,53.04,54.21,2290884.0,0.1527256,53.32,0.88,0.0165
2017-11-02,53.78,55.81,51.52,55.47,2715828.0,0.1810552,54.2,1.26,0.0232
2017-11-03,54.61,56.31,54.34,54.73,2043864.0,0.1362576,55.46,-0.74,-0.0133
2017-11-06,54.71,56.98,54.09,56.71,1844094.0,0.1229396,54.72,1.98,0.0362
2017-11-07,56.29,58.51,56.24,57.61,2238000.0,0.1492,56.7,0.9,0.0159
2017-11-08,57.51,57.96,56.37,57.11,1698800.0,0.1132533333333333,57.6,-0.5,-0.0087
2017-11-09,56.67,57.39,55.13,56.65,1694328.0,0.1129552,57.1,-0.46,-0.0081
2017-11-10,56.59,57.96,56.14,56.32,1392200.0,0.0928133333333333,56.64,-0.33,-0.0058
2017-11-13,56.47,58.5,55.53,58.39,1550728.0,0.1033818666666666,56.31,2.07,0.0368
2017-11-14,58.03,58.51,56.56,56.76,1186400.0,0.0790933333333333,58.38,-1.63,-0.0279
2017-11-15,56.07,56.62,53.43,53.72,1238900.0,0.0825933333333333,56.75,-3.05,-0.0537
2017-11-16,53.03,54.87,52.74,53.22,929826.0,0.0619884,53.7,-0.5,-0.0093
2017-11-17,53.07,53.99,51.61,52.01,1105036.0,0.0736690666666666,53.2,-1.2,-0.0226
2017-11-20,52.34,55.82,51.31,55.3,1000136.0,0.0666757333333333,52.0,3.28,0.0631
2017-11-21,54.87,55.87,51.92,53.81,1111855.0,0.0741236666666666,55.28,-1.48,-0.0268
2017-11-22,53.19,57.46,53.16,56.91,1368455.0,0.0912303333333333,53.8,3.1,0.0576
2017-11-23,56.01,57.99,55.17,55.53,1852255.0,0.1234836666666666,56.9,-1.38,-0.0243
2017-11-24,54.14,59.77,54.01,57.34,1671155.0,0.1114103333333333,55.52,1.81,0.0326
2017-11-27,56.71,58.0,52.09,53.52,1628000.0,0.1085333333333333,57.33,-3.82,-0.0666
2017-11-28,52.91,54.05,51.02,53.99,982800.0,0.06552,53.51,0.47,0.0088
2017-11-29,53.16,53.79,52.11,53.01,717899.0,0.0478599333333333,53.98,-0.98,-0.0182
2017-11-30,52.41,53.72,52.33,53.06,413100.0,0.02754,53.0,0.05,0.0009
2017-12-01,52.53,54.9,52.53,54.9,633155.0,0.0422103333333333,53.05,1.84,0.0347
2017-12-04,54.61,56.51,49.51,51.89,1308236.0,0.0872157333333333,54.89,-3.01,-0.0548
2017-12-05,51.89,54.48,51.69,52.52,1308529.0,0.0872352666666666,51.88,0.63,0.0121
2017-12-06,54.27,57.51,54.1,56.71,1104620.0,0.0736413333333333,52.51,4.19,0.0798
2017-12-07,57.42,59.01,56.56,57.39,1316101.0,0.0877400666666666,56.7,0.68,0.012
2017-12-08,57.89,59.2,56.59,57.35,1253100.0,0.08354,57.38,-0.04,-0.0007
2017-12-11,57.51,59.01,57.01,58.59,1145646.0,0.0763764,57.34,1.24,0.0216
2017-12-12,58.68,58.89,56.79,56.86,1111519.0,0.0741012666666666,58.58,-1.73,-0.0295
2017-12-13,56.31,57.21,55.81,57.01,692673.0,0.0461782,56.85,0.15,0.0026
2017-12-14,56.74,57.22,55.91,56.52,547700.0,0.0365133333333333,57.0,-0.49,-0.0086
2017-12-15,56.06,56.76,54.03,54.92,667654.0,0.0445102666666666,56.51,-1.6,-0.0283
2017-12-18,55.01,55.01,52.63,53.81,596500.0,0.0397666666666666,54.91,-1.11,-0.0202
2017-12-19,53.8,54.88,53.8,54.36,432800.0,0.0288533333333333,53.8,0.55,0.0102
2017-12-20,54.21,54.51,52.81,52.86,322500.0,0.0215,54.35,-1.5,-0.0276
2017-12-21,52.77,55.07,52.77,54.59,420400.0,0.0280266666666666,52.85,1.73,0.0327
2017-12-22,54.59,55.51,54.28,54.61,386200.0,0.0257466666666666,54.58,0.02,0.0004
2017-12-25,54.71,56.26,53.59,56.12,500900.0,0.0333933333333333,54.6,1.51,0.0277
2017-12-26,55.51,56.86,55.23,56.68,703500.0,0.0469,56.11,0.56,0.01
2018-04-12,58.09,62.35,55.01,62.35,3317817.0,0.2493774240101019,56.67,5.67,0.1001
2018-04-13,59.02,60.41,56.13,56.13,2479100.0,0.1863368509665975,62.34,-6.23,-0.0999
2018-04-16,51.21,54.01,50.51,51.74,1499500.0,0.1127070743513424,56.11,-4.38,-0.0781
2018-04-17,51.01,52.91,47.19,47.61,1243662.0,0.0934774961666817,51.73,-4.13,-0.0798
2018-04-18,48.5,51.12,47.57,51.12,1223862.0,0.091989266708758,47.6,3.51,0.0737
2018-04-19,50.98,52.59,49.11,49.11,1129000.0,0.0848591443432248,51.11,-2.01,-0.0393
2018-04-20,49.11,53.59,48.52,50.99,1374535.0,0.1033143170680376,49.1,1.88,0.0383
2018-04-23,51.81,52.31,49.66,50.44,831561.0,0.0625027058717416,50.98,-0.55,-0.0108
2018-04-24,51.01,51.83,50.24,51.1,1114635.0,0.0837794263551907,50.43,0.66,0.0131
2018-04-25,50.29,52.5,50.29,50.85,1087061.0,0.0817068789272721,51.09,-0.25,-0.0049
2018-04-26,51.51,51.78,49.43,49.51,840300.0,0.0631595562370343,50.84,-1.34,-0.0264
2018-04-27,48.89,50.01,46.03,47.2,968699.0,0.0728104236192537,49.5,-2.31,-0.0467
2018-05-02,47.11,47.84,45.11,45.31,597800.0,0.0449325035326658,47.19,-1.89,-0.0401
2018-05-03,45.31,47.09,45.02,46.91,551000.0,0.0414148702684826,45.3,1.6,0.0353
2018-05-04,47.06,47.61,46.5,46.9,501600.0,0.0377018129340669,46.9,-0.01,-0.0002
2018-05-07,46.96,48.49,46.96,48.3,660200.0,0.0496226812182435,46.89,1.4,0.0299
2018-05-08,48.5,48.77,47.75,48.09,547600.0,0.0411593157151017,48.29,-0.21,-0.0043
2018-05-09,48.01,48.81,47.89,48.22,574800.0,0.0432037521421484,48.08,0.13,0.0027
2018-05-10,48.61,49.57,48.15,49.21,619900.0,0.0465936081296413,48.21,0.99,0.0205
2018-05-11,49.51,49.51,47.85,47.94,497700.0,0.0374086768287183,49.2,-1.27,-0.0258
2018-05-14,47.71,48.59,46.51,46.51,397600.0,0.0298848501247707,47.93,-1.43,-0.0298
2018-05-15,46.93,48.8,46.51,48.27,558800.0,0.0420011424791798,46.5,1.76,0.0378
2018-05-16,47.98,48.26,47.19,47.81,316000.0,0.0237515408436306,48.26,-0.46,-0.0095
2018-05-17,47.71,48.76,47.51,47.98,382900.0,0.0287799524969183,47.8,0.17,0.0036
2018-05-18,47.98,49.16,47.56,48.96,481700.0,0.0362060671657496,47.97,0.98,0.0204
2018-05-21,48.96,49.62,48.52,49.21,741100.0,0.0557033763266287,48.95,0.25,0.0051
2018-05-22,49.01,50.53,48.56,50.46,634500.0,0.0476909894471002,49.2,1.25,0.0254
2018-05-23,50.25,50.25,49.01,49.66,566900.0,0.0220195308461038,50.45,-0.8,-0.0159
2018-05-24,49.03,50.56,49.03,50.56,501700.0,0.0194870323257899,49.65,0.9,0.0181
2018-05-25,50.53,50.96,49.62,49.96,484700.0,0.0188267182944197,50.55,-0.6,-0.0119
2018-05-28,49.97,50.16,47.31,48.37,423800.0,0.0164612403820406,49.95,-1.59,-0.0318
2018-05-29,48.35,49.57,48.12,48.81,340700.0,0.0132334700286956,48.36,0.44,0.0091
2018-05-30,47.61,48.68,46.01,46.33,472300.0,0.0183450774715379,48.8,-2.48,-0.0508
2018-05-31,47.06,47.45,45.23,46.32,479717.0,0.0124221117561501,30.75,-0.01,-0.0002
2018-06-01,45.78,46.52,43.85,44.83,410750.0,0.010636234287796,30.74,-0.99,-0.0322
2018-06-04,45.42,45.78,44.27,45.4,297200.0,0.0076958949003846,29.75,0.38,0.0128
2018-06-05,45.43,46.71,45.24,46.56,420050.0,0.010877054686765,30.13,0.77,0.0256
2018-06-06,46.55,49.35,46.16,48.09,830850.0,0.0215145837078888,30.9,1.01,0.0327
2018-06-07,50.33,50.33,46.72,46.72,818300.0,0.0211896056426135,31.91,-0.91,-0.0285
2018-06-08,43.94,46.54,43.94,45.63,673467.0,0.0174392034013369,31.0,-0.72,-0.0232
2018-06-11,45.75,46.14,44.61,45.44,413125.0,0.0106977341208661,30.28,-0.13,-0.0043
2018-06-12,44.43,44.59,40.9,42.8,1320267.0,0.0341878737296303,30.15,-1.75,-0.058
2018-06-13,42.21,43.4,41.44,42.86,681492.0,0.0176470081004472,28.4,0.04,0.0014
2018-06-14,42.2,42.95,41.99,42.39,433417.0,0.0112231886946164,28.44,-0.31,-0.0109
2018-06-15,42.39,42.65,40.39,41.11,608050.0,0.0157452519992559,28.13,-0.85,-0.0302
2018-06-19,40.57,40.81,37.0,37.0,748500.0,0.0193821579170185,27.28,-2.73,-0.1001
2018-06-20,36.17,38.58,35.64,37.49,724950.0,0.0187723385196293,24.55,0.33,0.0134
2018-06-21,37.16,37.57,35.32,35.32,606200.0,0.0156973468661277,24.88,-1.44,-0.0579
2018-06-22,35.5,36.88,34.93,36.77,527607.0,0.0136622073375075,23.44,0.96,0.041
2018-06-25,36.78,37.66,36.71,36.98,574190.0,0.0148684585896765,24.4,0.14,0.0057
2018-06-26,35.96,37.95,35.34,37.71,691871.0,0.0179157688446299,24.54,0.48,0.0196
2018-06-27,37.66,38.87,37.22,37.72,658381.0,0.0170485564616761,25.02,0.01,0.0004
2018-06-28,37.69,39.64,37.5,38.78,1234249.0,0.0319604663018332,25.03,0.7,0.028
2018-06-29,38.26,40.37,38.26,40.0,1351909.0,0.035007232768789,25.73,0.81,0.0315
2018-07-02,39.56,40.15,37.92,38.27,881384.0,0.0228231447876198,26.54,-1.15,-0.0433
2018-07-03,38.46,42.09,38.46,42.09,1894544.0,0.0490585851552971,25.39,2.54,0.1
2018-07-04,41.75,44.31,41.11,41.63,2648573.0,0.0685839146837027,27.93,-0.31,-0.0111
2018-07-05,40.56,41.79,39.15,39.56,1580420.0,0.0409244489181221,27.62,-1.37,-0.0496
2018-07-06,40.49,43.52,39.65,41.29,2092200.0,0.0541768213680509,26.25,1.15,0.0438
2018-07-09,40.93,45.42,40.8,44.01,3510270.0,0.0908972711708384,27.4,1.8,0.0657
2018-07-10,43.84,44.82,42.95,43.57,2636695.0,0.0682763378343529,29.2,-0.29,-0.0099
2018-07-11,42.21,42.5,39.35,41.24,2326620.0,0.0602470491020623,28.91,-1.55,-0.0536
2018-07-12,41.37,42.95,40.69,42.48,2338693.0,0.0605596754113905,27.36,0.83,0.0303
2018-07-13,41.9,44.81,41.04,43.69,2917293.0,0.0755423294805781,28.19,0.8,0.0284
2018-07-16,43.72,44.89,43.13,43.7,2550948.0,0.0660559478611924,28.99,0.01,0.0003
2018-07-17,43.27,43.58,41.9,43.19,1533209.0,0.0397019358153561,29.0,-0.34,-0.0117
2018-07-18,43.09,44.58,41.48,41.84,1741895.0,0.0451057902002204,28.66,-0.9,-0.0314
2018-07-19,40.87,41.22,37.74,39.29,2135550.0,0.055299355163245,27.76,-1.69,-0.0609
2018-07-20,39.17,39.91,38.73,39.61,992609.0,0.025703279075289,26.07,0.21,0.0081
2018-07-23,39.79,40.32,38.93,39.68,992580.0,0.0257025281299589,26.28,0.05,0.0019
2018-07-24,40.07,40.37,39.14,39.73,1164100.0,0.0301439813376102,26.33,0.03,0.0011
2018-07-25,39.5,40.39,39.11,39.18,1050295.0,0.027197038810227,26.36,-0.36,-0.0137
2018-07-26,39.17,39.63,37.24,37.83,1000250.0,0.0259011402224419,26.0,-0.9,-0.0346
2018-07-27,38.11,38.26,37.39,37.6,537400.0,0.0139157938070885,25.1,-0.15,-0.006
2018-07-30,37.72,37.9,35.83,36.24,666830.0,0.017267340499406,24.95,-0.9,-0.0361
2018-07-31,36.44,37.21,36.27,36.81,545680.0,0.0141302016461705,24.05,0.38,0.0158
2018-08-01,36.81,37.52,36.18,36.24,580800.0,0.0150396223356103,24.43,-0.38,-0.0156
2018-08-02,36.36,36.36,33.48,35.61,921645.0,0.023865689957823,24.05,-0.42,-0.0175
2018-08-03,35.49,35.79,34.67,34.67,340420.0,0.0088150623889264,23.63,-0.62,-0.0262
2018-08-06,34.73,34.88,32.26,32.98,631210.0,0.0163449724766883,23.01,-1.12,-0.0487
2018-08-07,32.95,33.99,32.24,33.63,674898.0,0.0174762586691783,21.89,0.43,0.0196
2018-08-08,33.53,33.71,31.93,31.93,673998.0,0.017452953469278,22.32,-1.13,-0.0506
2018-08-09,31.93,33.83,31.67,33.4,1345917.0,0.0348520719267866,21.19,0.98,0.0462
2018-08-10,33.19,34.25,32.97,33.55,915998.0,0.0237194627757824,22.17,0.1,0.0045
2018-08-13,32.92,35.42,32.86,35.27,1041148.0,0.0229831504475304,22.27,1.14,0.0512
2018-08-14,34.93,34.94,34.14,34.55,880248.0,0.0194313125656849,23.41,-0.48,-0.0205
2018-08-15,34.22,34.64,33.18,33.48,826650.0,0.018248146581899,22.93,-0.71,-0.031
2018-08-16,32.84,33.79,31.96,32.92,774750.0,0.0171024636355486,22.22,-0.37,-0.0167
2018-08-17,33.67,34.47,32.74,33.08,980448.0,0.0216432091210667,21.85,0.11,0.005
2018-08-20,32.86,34.05,32.63,33.97,914248.0,0.020181856307032,21.96,0.59,0.0269
2018-08-21,33.82,35.15,33.61,34.5,1126948.0,0.0248771696536357,22.55,0.35,0.0155
2018-08-22,34.2,35.21,33.75,34.76,1249850.0,0.0275902086800781,22.9,0.17,0.0074
2018-08-23,34.74,36.43,34.24,36.23,2043348.0,0.0451065309645319,23.07,0.98,0.0425
2018-08-24,36.16,36.16,35.06,35.37,964950.0,0.0213010936239079,24.05,-0.57,-0.0237
2018-08-27,35.66,36.34,35.26,35.93,645950.0,0.0142592273447985,23.48,0.37,0.0158
2018-08-28,35.69,36.31,35.57,35.92,704950.0,0.0155616414841949,23.85,-0.01,-0.0004
2018-08-29,36.16,36.61,35.26,35.44,573450.0,0.0126588031904554,23.84,-0.32,-0.0134
2018-08-30,35.56,36.42,35.12,35.16,653848.0,0.0144335742409502,23.52,-0.18,-0.0077
2018-08-31,34.47,35.63,34.06,34.38,640050.0,0.0141289859308588,23.34,-0.52,-0.0223
2018-09-03,34.65,35.98,34.24,35.77,963400.0,0.0212668776592289,22.82,0.92,0.0403
2018-09-04,36.01,36.28,34.89,36.08,1039300.0,0.0229423561877066,23.74,0.21,0.0088
2018-09-05,35.78,36.1,35.22,35.22,731950.0,0.0161576615140882,23.95,-0.57,-0.0238
2018-09-06,35.39,36.04,35.0,35.8,594450.0,0.0131223743248169,23.38,0.38,0.0163
2018-09-07,34.89,36.16,34.89,35.15,670400.0,0.0147989565940907,23.76,-0.43,-0.0181
2018-09-10,34.95,34.95,33.14,33.14,770850.0,0.0170163718534529,23.33,-1.33,-0.057
2018-09-11,33.12,33.73,33.0,33.22,474075.0,0.0104651183582094,22.0,0.05,0.0023
2018-09-12,33.18,34.14,33.15,33.7,455064.0,0.0100454540327167,22.05,0.32,0.0145
2018-09-13,33.9,34.65,33.75,34.47,497564.0,0.0109836337094006,22.37,0.51,0.0228
2018-09-14,34.38,35.11,33.84,33.89,472400.0,0.0104281430415401,22.88,-0.39,-0.017
2018-09-17,34.19,34.19,33.22,33.28,307350.0,0.0067846946736184,22.49,-0.4,-0.0178
2018-09-18,33.6,33.87,32.89,33.66,462000.0,0.0101985649559515,22.09,0.25,0.0113
2018-09-19,33.64,34.47,33.16,34.17,670250.0,0.0147956453717024,22.34,0.34,0.0152
2018-09-20,34.46,34.46,33.46,33.96,768400.0,0.0169622885544441,22.68,-0.14,-0.0062
2018-09-21,33.52,34.06,33.27,33.88,593000.0,0.01309036584173,22.54,-0.05,-0.0022
2018-09-25,33.88,33.94,33.25,33.32,410650.0,0.0090650231583582,22.49,-0.37,-0.0165
2018-09-26,33.38,33.5,32.54,33.13,524200.0,0.0115716185062983,22.12,-0.13,-0.0059
2018-09-27,32.84,33.14,31.79,31.79,633450.0,0.0139832921457738,21.99,-0.89,-0.0405
2018-09-28,31.79,32.27,31.79,32.01,382850.0,0.0084513432757274,21.1,0.15,0.0071
2018-10-08,31.33,31.35,29.53,29.57,477400.0,0.0105385171211499,21.25,-1.62,-0.0762
2018-10-09,29.83,30.36,29.62,30.18,419200.0,0.0092537628344911,19.63,0.4,0.0204
2018-10-10,30.16,30.69,29.84,30.57,431150.0,0.0095175568847587,20.03,0.26,0.013
2018-10-11,29.36,29.63,27.51,27.57,777150.0,0.0171554431937614,20.29,-1.99,-0.0981
2018-10-12,27.88,29.35,27.06,28.74,993400.0,0.021929122136888,18.3,0.78,0.0426
2018-10-15,29.81,30.11,28.82,28.82,828000.0,0.0182779475833937,19.08,0.05,0.0026
2018-10-16,28.5,29.32,28.5,28.92,733000.0,0.0161808400708062,19.13,0.07,0.0037
2018-10-17,29.53,29.75,28.32,29.26,902700.0,0.0199269363327651,19.2,0.22,0.0115
2018-10-18,28.7,29.18,27.87,28.22,780850.0,0.0172371200126727,19.42,-0.69,-0.0355
2018-10-19,27.57,29.35,27.44,29.24,985350.0,0.0217514198687162,18.73,0.68,0.0363
2018-10-22,29.3,30.99,29.3,30.59,1422700.0,0.0314058406121911,19.41,0.89,0.0459
2018-10-23,30.58,30.98,29.62,29.89,1137850.0,0.0251178292968171,20.3,-0.46,-0.0227
2018-10-24,30.22,30.59,29.33,30.16,649500.0,0.0143375929413215,19.84,0.18,0.0091
2018-10-25,29.0,29.68,28.64,29.68,648250.0,0.014309999421419,20.02,-0.32,-0.016
2018-10-26,30.13,30.27,29.51,29.75,638900.0,0.0141035998925486,19.7,0.05,0.0025
2018-10-29,29.15,29.83,29.14,29.35,505650.0,0.0111621306709457,19.75,-0.27,-0.0137
2018-10-30,29.15,30.13,28.32,29.57,775250.0,0.0171135010435096,19.48,0.15,0.0077
2018-10-31,30.22,30.66,29.89,30.39,895700.0,0.0197724126213113,19.63,0.54,0.0275
2018-11-01,30.34,31.47,30.19,30.19,1186814.0,0.0261987005836206,20.17,-0.13,-0.0064
2018-11-02,30.58,31.19,30.58,31.16,1108409.0,0.0244679246412583,20.04,0.64,0.0319
2018-11-05,31.56,32.07,30.21,30.76,1388350.0,0.0306475706852713,20.68,-0.26,-0.0126
2018-11-06,30.81,30.81,29.63,30.45,799300.0,0.0176444003664331,20.42,-0.21,-0.0103
2018-11-07,30.07,30.88,30.07,30.32,788964.0,0.0174162350690636,20.21,-0.08,-0.004
2018-11-08,30.7,30.88,30.01,30.28,693250.0,0.0153033661379078,20.13,-0.03,-0.0015
2018-11-09,30.2,30.47,29.86,30.29,546200.0,0.0120572644565817,20.1,0.01,0.0005
2018-11-12,30.58,31.24,30.14,31.17,1178300.0,0.0260107556008609,20.11,0.58,0.0288
2018-11-13,30.73,31.56,30.68,31.39,1132100.0,0.0249908991052657,20.69,0.15,0.0072
2018-11-14,31.42,31.81,31.13,31.6,870550.0,0.0192172310008736,20.84,0.14,0.0067
2018-11-15,32.16,33.21,31.78,32.74,1523700.0,0.0336353970203104,20.98,0.76,0.0362
2018-11-16,32.85,35.64,32.69,34.64,2175300.0,0.0480193470750681,21.74,1.26,0.058
2018-11-19,34.66,35.05,33.48,34.75,1859566.0,0.0410495771447598,23.0,0.07,0.003
2018-11-20,34.12,34.58,33.47,33.53,1001900.0,0.0221167580722248,23.07,-0.81,-0.0351
2018-11-21,33.15,35.17,33.11,33.77,1002664.0,0.0221336232315892,22.26,0.16,0.0072
2018-11-22,33.77,34.14,33.39,33.42,738550.0,0.0163033552991732,22.42,-0.23,-0.0103
2018-11-23,33.74,33.86,31.77,31.93,1082264.0,0.0238907785789783,22.19,-0.99,-0.0446
2018-11-26,31.69,32.38,30.86,30.89,1307950.0,0.0288727554851447,21.2,-0.69,-0.0325
2018-11-27,31.13,32.05,31.04,31.48,785247.0,0.0173341829782816,20.51,0.39,0.019
2018-11-28,32.01,32.84,31.49,32.79,928550.0,0.0204975703243481,20.9,0.87,0.0416
2018-11-29,33.23,33.36,31.33,31.59,829300.0,0.0183066448440923,21.77,-0.8,-0.0367
2018-11-30,31.21,32.34,30.88,32.14,632750.0,0.0139678397746284,20.97,0.37,0.0176
2018-12-03,32.93,33.36,32.53,33.05,1034006.0,0.0228254921122157,21.34,0.6,0.0281
2018-12-04,33.29,33.35,32.58,33.03,577075.0,0.0127388243981726,21.94,-0.01,-0.0005
2018-12-05,32.4,32.95,32.09,32.55,555928.0,0.0122720082658706,21.93,-0.32,-0.0146
2018-12-06,32.2,32.89,31.78,32.0,557680.0,0.0123106833433659,21.61,-0.36,-0.0167
2018-12-07,32.55,32.55,31.58,32.08,336900.0,0.0074370054841127,21.25,0.05,0.0024
2018-12-10,31.45,32.2,31.1,31.3,739009.0,0.0163134876396814,21.3,-0.52,-0.0244
2018-12-11,31.45,31.7,31.19,31.52,439090.0,0.0096928309231791,20.78,0.15,0.0072
2018-12-12,31.57,31.76,31.39,31.7,421456.0,0.0093035636192111,20.93,0.12,0.0057
2018-12-13,31.7,32.98,30.89,32.67,977155.0,0.0215705167522356,21.05,0.64,0.0304
2018-12-14,32.43,32.43,31.34,31.85,731749.0,0.0161532244760879,21.69,-0.54,-0.0249
2018-12-17,31.76,31.76,30.63,31.15,526093.0,0.0116134061328386,21.15,-0.47,-0.0222
2018-12-18,30.75,31.27,30.12,30.42,490343.0,0.010824231463628,20.68,-0.48,-0.0232
2018-12-19,30.39,30.63,29.67,29.97,469500.0,0.0103641260753663,20.2,-0.3,-0.0149
2018-12-20,29.74,30.57,29.74,30.39,459300.0,0.0101389629529622,19.9,0.28,0.0141
2018-12-21,30.39,30.75,30.0,30.63,317250.0,0.0070032353512459,20.18,0.16,0.0079
2018-12-24,30.57,31.9,30.23,31.22,475292.0,0.0104919834091864,20.34,0.39,0.0192
2018-12-25,30.54,32.23,30.13,32.12,669138.0,0.0147710981763972,20.73,0.6,0.0289
2018-12-26,32.24,32.61,31.58,31.7,563950.0,0.0124490924391967,21.33,-0.28,-0.0131
2018-12-27,32.14,32.42,31.04,31.2,625454.0,0.0138067819176617,21.05,-0.33,-0.0157
2018-12-28,31.22,31.9,30.6,31.1,428750.0,0.0094645773265459,20.72,-0.07,-0.0034
2019-01-02,31.16,31.62,30.81,31.55,342600.0,0.0075628319348679,20.65,0.3,0.0145
2019-01-03,31.4,31.58,30.54,30.71,516710.0,0.0114062781350427,20.95,-0.56,-0.0267
2019-01-04,30.12,31.26,29.61,31.02,562520.0,0.0124175254524283,20.39,0.21,0.0103
2019-01-07,31.25,32.0,31.07,31.78,621298.0,0.01371503898269,20.6,0.5,0.0243
2019-01-08,31.63,32.48,31.32,31.93,561378.0,0.0123923160126454,21.1,0.1,0.0047
2019-01-09,31.93,32.38,31.67,31.7,613000.0,0.0135318621601695,21.2,-0.15,-0.0071
2019-01-10,31.7,32.12,31.22,31.46,491550.0,0.0108508757664458,21.05,-0.16,-0.0076
2019-01-11,31.65,31.95,31.28,31.92,493550.0,0.0108950253982898,20.89,0.31,0.0148
2019-01-14,32.01,33.13,31.04,31.44,481900.0,0.0106378537927988,21.2,-0.32,-0.0151
2019-01-15,31.31,32.0,31.04,31.89,400438.0,0.008839595138163,20.88,0.3,0.0144
2019-01-16,32.02,32.44,31.91,32.27,584100.0,0.0128938999800245,21.18,0.25,0.0118
2019-01-17,32.29,32.29,31.32,31.59,453700.0,0.0100153439837992,21.43,-0.45,-0.021
2019-01-18,31.82,31.82,30.95,31.4,445150.0,0.0098266043076663,20.98,-0.13,-0.0062
2019-01-21,31.85,32.11,31.46,31.98,578588.0,0.0127722235946625,20.85,0.39,0.0187
2019-01-22,32.05,32.08,31.53,31.73,401238.0,0.0088572549909006,21.24,-0.17,-0.008
2019-01-23,31.26,31.73,31.17,31.32,333493.0,0.0073617965862665,21.07,-0.27,-0.0128
2019-01-24,31.4,32.18,31.23,31.91,607150.0,0.0134027244870259,20.8,0.39,0.0188
2019-01-25,31.93,32.06,31.49,31.49,673900.0,0.0148762184498176,21.19,-0.28,-0.0132
2019-01-28,31.72,31.96,30.96,31.02,573659.0,0.0126634168269831,20.91,-0.31,-0.0148
2019-01-29,30.95,30.95,28.9,29.55,683800.0,0.0150947591274452,20.6,-0.98,-0.0476
2019-01-30,29.55,30.12,29.22,29.31,430905.0,0.0095121485548578,19.62,-0.16,-0.0082
2019-01-31,29.3,29.54,27.72,28.16,603655.0,0.0133255730053786,19.46,-0.76,-0.0391
2019-02-01,28.16,29.26,28.16,29.12,411840.0,0.0090912921893054,18.7,0.64,0.0342
2019-02-11,29.14,30.09,29.14,29.97,406574.0,0.0089750462086603,19.34,0.56,0.029
2019-02-12,30.0,30.78,30.0,30.39,550716.0,0.0121569543252853,19.9,0.28,0.0141
2019-02-13,30.89,32.05,30.25,31.4,1622179.0,0.0358093028174904,20.18,0.67,0.0332
2019-02-14,31.43,32.05,31.25,31.78,871441.0,0.0192368996618601,20.85,0.25,0.012
2019-02-15,31.35,32.3,31.35,31.84,637440.0,0.0140713706613025,21.1,0.04,0.0019
2019-02-18,31.93,33.4,31.72,33.13,1015991.0,0.0224278143033813,21.14,0.86,0.0407
2019-02-19,33.13,35.14,33.12,33.54,2067550.0,0.0456407856594755,22.0,0.27,0.0123
2019-02-20,33.18,33.73,33.0,33.42,1002100.0,0.0221211730354092,22.27,-0.08,-0.0036
2019-02-21,34.35,34.35,33.15,33.36,1174313.0,0.02592274330978,22.19,-0.04,-0.0018
2019-02-22,33.36,34.01,32.98,33.77,1038313.0,0.0229205683443916,22.15,0.27,0.0122
2019-02-25,33.89,35.3,33.89,35.11,1582650.0,0.0349367074189107,22.42,0.89,0.0397
2019-02-26,35.11,35.8,34.4,34.68,1594850.0,0.0352060201731588,23.31,-0.28,-0.012
2019-02-27,34.79,35.38,34.35,34.64,1205150.0,0.0266034644083659,23.03,-0.03,-0.0013
2019-02-28,34.64,35.23,34.19,34.72,1109341.0,0.0244884983696975,23.0,0.05,0.0022
2019-03-01,35.23,35.23,34.37,34.79,992091.0,0.0219002262028462,23.05,0.05,0.0022
2019-03-04,34.87,36.22,34.81,35.24,1555850.0,0.0343451023522018,23.1,0.3,0.013
2019-03-05,35.24,37.46,35.24,37.28,2026132.0,0.0447264909336192,23.4,1.35,0.0577
2019-03-06,37.28,38.03,36.42,37.48,1731808.0,0.0382293428122004,24.75,0.13,0.0053
2019-03-07,37.06,38.86,36.71,38.67,1803703.0,0.0398164117029106,24.88,0.79,0.0318
2019-03-08,38.04,41.39,37.21,38.41,3160241.0,0.0697617383440722,25.67,-0.17,-0.0066
2019-03-11,39.15,39.75,37.87,39.71,2481768.0,0.0547845717610433,25.5,0.86,0.0337
2019-03-12,39.72,40.82,38.88,39.4,2531295.0,0.0558778711692109,26.36,-0.2,-0.0076
2019-03-13,39.4,40.04,37.63,38.12,1688453.0,0.0372722891679032,26.16,-0.85,-0.0325
2019-03-14,38.32,38.32,35.96,36.62,1297406.0,0.0286399986260634,25.31,-1.0,-0.0395
2019-03-15,37.08,37.45,36.41,36.75,987259.0,0.0217935606923112,24.31,0.09,0.0037
2019-03-18,37.15,37.64,36.47,37.6,862941.0,0.0190492637265234,24.4,0.56,0.023
2019-03-19,37.33,38.53,37.33,37.57,960600.0,0.0212050681746473,24.96,-0.02,-0.0008
2019-03-20,37.77,38.96,37.66,38.64,1639468.0,0.0361909543099654,24.94,0.71,0.0285
2019-03-21,38.64,38.83,37.99,38.32,1160497.0,0.025617757653002,25.65,-0.21,-0.0082
2019-03-22,38.68,38.68,37.07,38.37,1003000.0,0.022141040369739,25.44,0.03,0.0012
2019-03-25,37.04,37.84,37.04,37.34,975950.0,0.0215439165990496,25.47,-0.68,-0.0267
2019-03-26,37.44,37.77,35.85,35.85,1104550.0,0.0243827379266154,24.79,-0.99,-0.0399
2019-03-27,36.07,36.43,35.24,36.07,991965.0,0.02189744477604,23.8,0.14,0.0059
2019-03-28,36.08,36.91,35.55,36.0,942187.0,0.020798604589076,23.94,-0.04,-0.0017
2019-03-29,35.99,36.88,35.43,36.83,841150.0,0.0185682314127676,23.9,0.55,0.023
2019-04-01,37.51,38.34,37.21,38.1,975663.0,0.0209876522229847,24.45,0.84,0.0344
2019-04-02,38.87,39.08,38.13,38.52,1214394.0,0.0261230352423729,25.29,0.28,0.0111
2019-04-03,38.52,38.84,38.07,38.72,863213.0,0.0185687212063584,25.57,0.13,0.0051
2019-04-04,39.17,39.47,38.64,39.04,1226500.0,0.0263834494610236,25.7,0.21,0.0082
2019-04-08,39.11,39.32,36.85,37.47,1282288.0,0.0275835145882406,25.91,-1.04,-0.0401
2019-04-09,37.67,38.39,37.02,38.13,1023100.0,0.0220080775732354,24.87,0.44,0.0177
2019-04-10,37.53,37.53,35.89,36.46,1647950.0,0.0354493318706024,25.31,-1.11,-0.0439
2019-04-11,36.6,36.75,35.57,35.66,841050.0,0.0180919691554781,24.2,-0.53,-0.0219
2019-04-12,35.86,36.37,35.4,35.83,801864.0,0.0172490324652378,23.67,0.11,0.0046
2019-04-15,36.1,36.38,34.82,35.22,951000.0,0.0204571222482132,23.78,-0.4,-0.0168
2019-04-16,35.22,35.98,34.28,35.98,1009883.0,0.0217237644452074,23.38,0.5,0.0214
2019-04-17,35.98,36.67,35.75,35.87,922682.0,0.0198479689487127,23.88,-0.07,-0.0029
2019-04-18,35.99,36.08,34.95,35.56,722826.0,0.0155488326458327,23.81,-0.21,-0.0088
2019-04-19,35.69,35.78,35.05,35.66,574541.0,0.01235904886815,23.6,0.07,0.003
2019-04-22,35.96,36.31,35.27,35.56,837100.0,0.01800700003573,23.67,-0.07,-0.003
2019-04-23,35.45,35.71,34.16,34.2,956400.0,0.0205732825638182,23.6,-0.9,-0.0381
2019-04-24,34.65,35.48,34.13,35.48,750100.0,0.0161355282843162,22.7,0.85,0.0374
2019-04-25,34.95,35.21,33.52,33.6,1044300.0,0.0224641143678328,23.55,-1.25,-0.0531
2019-04-26,33.58,34.2,32.99,33.45,912600.0,0.0196310933372443,22.3,-0.1,-0.0045
2019-04-29,33.23,33.23,31.41,31.46,895641.0,0.0192662854127359,22.2,-1.32,-0.0595
2019-04-30,31.26,32.09,31.26,31.62,490950.0,0.0105609086937542,20.88,0.11,0.0053
2019-05-06,30.87,31.22,28.46,28.61,1127079.0,0.0242447874725487,20.99,-2.0,-0.0953
2019-05-07,29.17,29.26,28.32,28.8,831562.0,0.0178878711787262,18.99,0.13,0.0068
2019-05-08,28.56,29.8,27.99,28.92,724050.0,0.0155751623173699,19.12,0.08,0.0042
2019-05-09,29.12,29.98,28.94,29.59,580800.0,0.012493687278404,19.2,0.44,0.0229
2019-05-10,29.83,31.03,29.24,30.58,935449.0,0.0201226020504403,19.64,0.66,0.0336
2019-05-13,30.58,33.64,30.23,33.64,2125641.0,0.0457250239672073,20.3,2.03,0.1
2019-05-14,33.64,36.06,32.22,35.91,4055057.0,0.0872290186881942,22.33,1.51,0.0676
2019-05-15,34.59,35.96,34.08,35.84,3142050.0,0.0675891703049404,23.84,-0.05,-0.0021
2019-05-16,34.98,35.1,33.98,34.23,1686450.0,0.0362775118985269,23.79,-1.07,-0.045
2019-05-17,34.15,34.5,32.03,32.16,1706400.0,0.0367066597311787,22.72,-1.37,-0.0603
2019-05-20,32.73,33.23,31.91,32.58,1222023.0,0.0262871439549193,21.35,0.28,0.0131
2019-05-21,31.71,33.82,31.45,33.26,1906601.0,0.0410132173875557,21.63,0.45,0.0208
2019-05-22,33.71,33.71,32.48,32.8,1055600.0,0.0227071905838211,22.08,-0.31,-0.014
2019-05-23,32.99,33.04,31.41,31.45,774558.0,0.0166616484693286,21.77,-0.89,-0.0409
2019-05-24,31.06,31.54,30.46,30.46,562200.0,0.0120935795246534,20.88,-0.66,-0.0316
2019-05-27,30.55,32.99,30.55,32.7,1303313.0,0.0280357869281656,20.22,1.49,0.0737
2019-05-28,32.91,35.25,32.51,34.3,2078108.0,0.0447025335446791,21.71,1.06,0.0488
2019-05-29,34.04,35.4,33.91,34.42,1729195.0,0.0371970068412187,22.77,0.08,0.0035
2019-05-30,35.53,35.53,33.61,34.44,1849255.0,0.0361633076388276,20.64,0.01,0.0007
2019-05-31,34.78,35.2,34.03,34.7,1338155.0,0.02616843590172,20.65,0.15,0.0073
2019-06-03,34.28,35.81,33.73,34.01,940711.0,0.018396176456048,20.8,-0.41,-0.0197
2019-06-04,33.41,37.41,33.41,37.41,3069640.0,0.0600286794738696,20.39,2.04,0.1
2019-06-05,39.07,41.15,38.93,41.15,2930924.0,0.0573160036220116,22.43,2.24,0.0999
2019-06-06,43.35,45.27,42.67,45.27,2441508.0,0.0477451757094931,24.67,2.47,0.1001
2019-06-10,49.11,49.79,41.53,46.35,12729997.0,0.2489428433354797,27.14,0.65,0.0239
2019-06-11,43.8,48.19,42.73,46.04,11067152.0,0.2164248967620292,27.79,-0.19,-0.0068
2019-06-12,44.54,47.69,44.22,45.57,10249970.0,0.2004444051246333,27.6,-0.28,-0.0101
2019-06-13,43.74,43.94,41.02,41.02,8067445.0,0.1577637996892379,27.32,-2.73,-0.0999
2019-06-14,40.2,40.9,37.55,38.13,6308767.0,0.123371780442764,24.59,-1.73,-0.0704
2019-06-17,38.15,38.83,37.3,38.7,3958577.0,0.0774123838318605,22.86,0.34,0.0149
2019-06-18,38.28,38.72,37.65,37.91,2681505.0,0.0524384631919634,23.2,-0.47,-0.0203
2019-06-19,38.53,39.15,38.2,38.2,3787423.0,0.0740653631367071,22.73,0.17,0.0075
2019-06-20,37.4,37.82,36.33,37.57,3768132.0,0.0736881158843484,22.9,-0.38,-0.0166
2019-06-21,38.15,39.22,37.8,38.85,4554282.0,0.0890617578646401,22.52,0.77,0.0342
2019-06-24,38.92,40.0,37.57,39.58,4753355.0,0.0929547516062195,23.29,0.44,0.0189
2019-06-25,38.77,39.08,37.58,38.17,2417933.0,0.0472841522283694,23.73,-0.85,-0.0358
2019-06-26,37.68,38.35,37.38,37.4,1795350.0,0.0351091625380865,22.88,-0.46,-0.0201
2019-06-27,37.4,38.33,37.18,38.1,2029783.0,0.0396936426123289,22.42,0.42,0.0187
2019-06-28,37.77,38.02,36.45,36.46,1886510.0,0.0368918518504612,22.84,-0.98,-0.0429
2019-07-01,37.11,38.62,37.11,38.5,2685832.0,0.0525230803119135,21.86,1.22,0.0558
2019-07-02,38.16,39.2,37.75,38.31,2167045.0,0.0423778846087657,23.08,-0.11,-0.0048
2019-07-03,37.8,38.16,37.0,37.3,1335271.0,0.0261120375254926,22.97,-0.61,-0.0266
2019-07-04,37.29,37.81,36.29,36.46,1122903.0,0.0219590519628512,22.36,-0.5,-0.0224
2019-07-05,36.37,37.39,36.37,37.34,1166918.0,0.0228197920910233,21.86,0.53,0.0242
2019-07-08,37.13,37.13,34.69,34.76,1908620.0,0.0373242263644652,22.39,-1.55,-0.0692
2019-07-09,34.81,36.81,34.81,36.56,2493055.0,0.0487532086843174,20.84,1.08,0.0518
2019-07-10,36.88,37.73,36.31,36.94,2746003.0,0.0536997608583692,21.92,0.23,0.0105
2019-07-11,36.96,38.01,36.06,36.13,1754490.0,0.0343101203561686,22.15,-0.49,-0.0221
2019-07-12,36.68,37.19,36.19,37.04,1734435.0,0.033917932618568,21.66,0.55,0.0254
2019-07-15,35.34,36.69,35.04,35.91,2283860.0,0.0446622730688914,22.21,-0.68,-0.0306
2019-07-16,35.91,38.76,35.79,37.28,2605372.0,0.0509496360153616,21.53,0.82,0.0381
2019-07-17,36.98,38.33,36.78,38.2,3925823.0,0.0767718594161352,22.35,0.55,0.0246
2019-07-18,37.7,37.86,36.49,37.28,2421293.0,0.0473498590744596,22.9,-0.55,-0.024
2019-07-19,37.13,37.78,36.38,36.44,1745920.0,0.0341425287874208,22.35,-0.5,-0.0224
2019-07-22,36.25,36.71,33.91,34.61,2150341.0,0.0420512277167747,21.85,-1.1,-0.0503
2019-07-23,34.61,36.11,34.16,35.69,1711342.0,0.0334663349409608,20.75,0.65,0.0313
2019-07-24,36.16,37.6,35.76,37.23,2773456.0,0.0542366209910219,21.4,0.92,0.043
2019-07-25,37.84,37.99,36.83,37.31,1933426.0,0.037809322800213,22.32,0.05,0.0022
2019-07-26,37.24,37.56,36.24,36.34,1748776.0,0.0341983796065974,22.37,-0.58,-0.0259
2019-07-29,36.36,37.16,35.71,36.01,1394573.0,0.0272717242477661,21.79,-0.2,-0.0092
2019-07-30,36.36,36.69,36.03,36.04,1441816.0,0.0281955898816463,21.59,0.02,0.0009
2019-07-31,35.72,36.27,35.04,35.97,1143382.0,0.0223595312786489,21.61,-0.04,-0.0019
2019-08-01,35.52,36.94,35.46,36.68,1415032.0,0.0276718124513847,21.57,0.42,0.0195
2019-08-02,35.94,36.51,35.21,35.64,1594185.0,0.0311752584625724,21.99,-0.62,-0.0282
2019-08-05,35.04,36.16,35.04,35.07,1110545.0,0.0217173837473803,21.37,-0.34,-0.0159
2019-08-06,34.19,34.61,32.79,33.49,1511205.0,0.0295525340314529,21.03,-0.95,-0.0452
2019-08-07,33.96,34.12,33.21,33.47,757050.0,0.0148045737596894,20.08,-0.01,-0.0005
2019-08-08,33.44,33.84,33.27,33.57,661830.0,0.0129424886749557,20.07,0.06,0.003
2019-08-09,33.77,34.11,32.97,33.04,924920.0,0.0180873738350332,20.13,-0.32,-0.0159
2019-08-12,33.5,34.19,32.77,34.19,1150114.0,0.0224911796381367,19.81,0.69,0.0348
2019-08-13,33.99,34.69,33.54,34.46,1023825.0,0.0200215213387676,20.5,0.16,0.0078
2019-08-14,34.69,35.22,34.47,34.52,1129145.0,0.0220811180739508,20.66,0.04,0.0019
2019-08-15,33.94,35.34,33.62,35.16,1104395.0,0.0215971167523045,20.7,0.38,0.0184
2019-08-16,34.99,35.37,34.66,34.96,882000.0,0.0172480470986672,21.08,-0.12,-0.0057
2019-08-19,36.52,38.46,35.76,38.46,1913914.0,0.0374277537582751,20.96,2.1,0.1002
2019-08-20,41.16,41.16,38.51,38.56,6464658.0,0.126420323878431,23.06,0.06,0.0026
2019-08-21,38.56,38.56,37.07,37.49,3784204.0,0.0740024136314797,23.12,-0.64,-0.0277
2019-08-22,37.71,37.97,36.62,37.89,2582256.0,0.0504975885587484,22.48,0.24,0.0107
2019-08-23,37.79,38.16,36.82,37.41,2191664.0,0.0428593241456389,22.72,-0.29,-0.0128
2019-08-26,36.67,37.36,36.36,36.92,1346645.0,0.0263344630217514,22.43,-0.29,-0.0129
2019-08-27,37.11,37.72,37.06,37.16,1540905.0,0.0301333356174284,22.14,0.14,0.0063
2019-08-28,37.19,37.51,36.69,36.77,1301185.0,0.0254454650386387,22.28,-0.23,-0.0103
2019-08-29,36.77,37.62,36.44,37.01,1321180.0,0.025836479439702,22.05,0.14,0.0063
2019-08-30,37.62,38.1,36.69,36.92,2603065.0,0.0509045212255015,22.19,-0.05,-0.0023
2019-09-02,36.82,37.61,35.89,37.59,1967206.0,0.0384699112707265,22.14,0.4,0.0181
2019-09-03,37.44,37.9,37.07,37.87,1684006.0,0.0329317628145558,22.54,0.17,0.0075
2019-09-04,37.75,38.02,37.22,37.82,1566596.0,0.0306357387671017,22.71,-0.03,-0.0013
2019-09-05,38.04,39.16,37.85,38.19,3129695.0,0.0612030915696864,22.68,0.22,0.0097
2019-09-06,38.19,38.84,37.59,38.22,2022536.0,0.0395519231142291,22.9,0.02,0.0009
2019-09-09,38.41,39.66,38.41,39.37,2670040.0,0.0522142581352897,22.92,0.69,0.0301
2019-09-10,39.36,40.44,38.62,40.16,3686919.0,0.0720999462142531,23.61,0.47,0.0199
2019-09-11,40.02,40.11,38.87,38.96,2295756.0,0.0448949065930249,24.08,-0.72,-0.0299
2019-09-12,39.12,40.59,38.66,40.02,2557544.0,0.0500143303502425,23.36,0.64,0.0274
2019-09-16,40.21,40.92,39.84,40.21,2494944.0,0.0487901492296341,24.0,0.11,0.0046
2019-09-17,39.94,39.94,38.52,38.92,2089915.0,0.0408695604900354,24.11,-0.77,-0.0319
2019-09-18,38.91,39.44,38.69,39.06,1125855.0,0.0220167801204875,23.34,0.08,0.0034
2019-09-19,39.19,40.67,38.97,40.29,2389553.0,0.046729164046215,23.42,0.74,0.0316
2019-09-20,40.12,40.86,39.19,39.82,2184034.0,0.0427101148493091,24.16,-0.28,-0.0116
2019-09-23,39.91,41.13,39.66,40.41,2738694.0,0.0535568289125141,23.88,0.35,0.0147
2019-09-24,40.14,40.48,39.37,39.89,2316564.0,0.045301819704169,24.23,-0.31,-0.0128
2019-09-25,39.63,40.23,38.16,38.48,1905162.0,0.0372566030686974,23.92,-0.85,-0.0355
2019-09-26,38.34,38.99,36.89,37.16,1635975.0,0.0319924873608188,23.07,-0.79,-0.0342
2019-09-27,37.29,38.16,36.86,37.73,1287856.0,0.0251848083268721,22.28,0.34,0.0153
2019-09-30,37.84,38.44,36.36,36.68,1068070.0,0.0208881378778639,22.62,-0.63,-0.0279
2019-10-08,36.69,38.16,36.69,36.99,1063595.0,0.0208006207516424,21.99,0.19,0.0086
2019-10-09,36.69,37.36,36.11,37.14,865650.0,0.0169294302376931,22.18,0.09,0.0041
2019-10-10,37.21,37.78,37.06,37.63,1077980.0,0.0210819467540328,22.27,0.29,0.013
2019-10-11,37.59,37.96,36.88,37.34,878820.0,0.0171869946069306,22.56,-0.17,-0.0075
2019-10-14,37.43,38.26,37.43,38.11,1119390.0,0.0218917979712024,22.39,0.46,0.0205
2019-10-15,37.38,37.68,36.89,37.53,1138770.0,0.0222708106876657,22.85,-0.35,-0.0153
2019-10-16,37.51,37.73,36.39,36.44,1081341.0,0.0211476774939726,22.5,-0.65,-0.0289
2019-10-17,36.44,36.77,35.69,35.87,838425.0,0.016396993642971,21.85,-0.34,-0.0156
2019-10-18,35.37,36.79,35.37,35.94,1255075.0,0.0245453759089386,21.51,0.04,0.0019
2019-10-21,36.04,36.04,34.86,35.34,758030.0,0.014824716690439,21.55,-0.36,-0.0167
2019-10-22,35.02,36.34,35.02,36.11,754775.0,0.0147610589818689,21.19,0.46,0.0217
2019-10-23,36.07,36.59,35.62,35.89,529607.0,0.010357470986997,21.65,-0.13,-0.006
2019-10-24,35.89,36.49,35.46,35.97,601200.0,0.0117576081082436,21.52,0.05,0.0023
2019-10-25,35.77,36.16,35.56,36.11,525770.0,0.0102824311627932,21.57,0.08,0.0037
2019-10-28,37.41,37.42,36.52,37.07,1107766.0,0.0216644685689232,21.65,0.58,0.0268
2019-10-29,37.16,37.53,36.16,36.53,996846.0,0.0194952172526119,22.23,-0.33,-0.0148
2019-10-30,36.52,36.56,35.19,35.39,919671.0,0.0179859135171599,21.9,-0.68,-0.0311
2019-10-31,35.26,35.69,34.34,34.39,827636.0,0.0161859942519533,21.22,-0.6,-0.0283
2019-11-01,34.39,35.05,34.3,34.69,568615.0,0.0111203465310528,20.62,0.18,0.0087
2019-11-04,34.72,35.27,34.4,34.44,550655.0,0.0107691046121838,20.8,-0.15,-0.0072
2019-11-05,34.52,34.81,33.77,34.36,598485.0,0.0117045111255193,20.65,-0.05,-0.0024
2019-11-06,34.77,34.77,33.15,33.85,801870.0,0.0156820911739144,20.6,-0.3,-0.0146
2019-11-07,33.5,34.1,33.39,33.7,482295.0,0.0094321949477135,20.3,-0.09,-0.0044
2019-11-08,33.82,34.36,33.69,33.81,662895.0,0.012964171036118,20.21,0.06,0.003
2019-11-11,33.71,33.71,32.35,32.54,708200.0,0.0138501963776749,20.27,-0.76,-0.0375
2019-11-12,32.52,33.31,32.39,33.16,623290.0,0.0121896200229328,19.51,0.37,0.019
2019-11-13,32.87,34.36,32.87,33.59,740850.0,0.0144887291533471,19.88,0.26,0.0131
2019-11-14,33.57,34.26,32.87,33.67,655720.0,0.0128238502806679,20.14,0.05,0.0025
2019-11-15,33.51,33.96,32.97,33.19,574248.0,0.0112305105471435,20.19,-0.29,-0.0144
2019-11-18,33.51,33.84,33.16,33.77,570706.0,0.0111612400083554,19.9,0.35,0.0176
2019-11-19,33.99,34.18,33.54,34.14,646582.0,0.0126451393310785,20.25,0.22,0.0109
2019-11-20,34.14,34.39,33.54,33.79,590355.0,0.0115455135308419,20.47,-0.21,-0.0103
2019-11-21,33.24,33.94,33.1,33.67,385790.0,0.0075448563407839,20.26,-0.07,-0.0035
2019-11-22,34.17,34.19,32.84,33.09,658630.0,0.0128807608588365,20.19,-0.35,-0.0173
2019-11-25,33.1,33.34,31.45,32.02,787200.0,0.0153951914551055,19.84,-0.64,-0.0323
2019-11-26,32.05,32.45,31.6,31.72,484055.0,0.0094666150912107,19.2,-0.18,-0.0094
2019-11-27,31.72,32.1,31.35,31.68,438720.0,0.0085800030426624,19.02,-0.02,-0.0011
2019-11-28,31.68,32.02,31.48,31.57,418430.0,0.008183193547459,19.0,-0.07,-0.0037
2019-11-29,31.8,32.14,31.35,31.9,400675.0,0.0078359607930315,18.93,0.2,0.0106
2019-12-02,31.69,32.17,31.69,32.17,423170.0,0.0082758932521049,19.13,0.16,0.0084
2019-12-03,32.0,32.35,31.74,32.25,411620.0,0.0080500110604046,19.29,0.05,0.0026
2019-12-04,32.25,32.55,32.02,32.27,432040.0,0.0084493629525708,19.34,0.01,0.0005
2019-12-05,32.22,32.79,32.22,32.64,513905.0,0.0100503885476829,19.35,0.22,0.0114
2019-12-06,32.5,32.94,32.32,32.85,595665.0,0.0116493606683249,19.57,0.13,0.0066
2019-12-09,33.02,33.1,32.72,32.82,544178.0,0.0106424345727342,19.7,-0.02,-0.001
2019-12-10,32.55,34.07,32.34,32.97,1556235.0,0.0304351318269005,19.68,0.09,0.0046
2019-12-11,32.97,33.32,32.64,32.79,773749.0,0.0151321315970483,19.77,-0.11,-0.0056
2019-12-12,35.0,35.0,33.05,33.37,1907209.0,0.037299095147231,19.66,0.35,0.0178
2019-12-13,33.5,33.79,32.95,33.37,1324348.0,0.0259001410228481,20.01,0.0,0.0
2019-12-16,33.47,34.4,33.12,34.27,1529214.0,0.0299066848397201,20.01,0.54,0.027
2019-12-17,34.2,34.92,33.97,34.52,1480389.0,0.0289518192111689,20.55,0.15,0.0073
2019-12-18,34.52,37.97,34.15,37.97,2544082.0,0.0497543565389833,20.7,2.07,0.1
2019-12-19,37.82,37.82,36.39,36.94,4873945.0,0.0953192535780668,22.77,-0.62,-0.0272
2019-12-20,36.71,36.76,35.44,35.52,2706850.0,0.0529375939916823,22.15,-0.85,-0.0384
2019-12-23,35.41,35.96,35.07,35.64,1334383.0,0.0260963945114812,21.3,0.07,0.0033
2019-12-24,35.52,35.99,35.19,35.97,1465288.0,0.0286564904685831,21.37,0.2,0.0094
2019-12-25,35.69,36.76,35.37,36.31,2250119.0,0.0440053516282654,21.57,0.2,0.0093
2019-12-26,36.28,37.26,35.53,35.99,1532038.0,0.0299619135245133,21.77,-0.19,-0.0087
2019-12-27,37.39,39.49,36.36,36.42,4496267.0,0.0879330428077653,21.58,0.26,0.012
2019-12-30,34.76,35.29,33.71,34.79,2858140.0,0.0558963573494604,21.84,-0.98,-0.0449
2019-12-31,34.74,35.32,34.27,34.56,1401320.0,0.027405474707658,20.86,-0.14,-0.0067
2020-01-02,34.89,36.03,34.61,35.46,1886961.0,0.0369031070418157,20.72,0.54,0.0261
2020-01-03,35.52,38.78,35.24,37.93,3926636.0,0.0767928264666027,21.26,1.48,0.0696
2020-01-06,37.53,38.03,37.06,37.49,3490606.0,0.0682654314841717,22.74,-0.26,-0.0114
2020-01-07,37.29,39.68,37.29,38.64,3952400.0,0.0772966904308422,22.48,0.69,0.0307
2020-01-08,38.11,39.13,37.79,37.93,3095040.0,0.0605293868917806,23.17,-0.43,-0.0186
2020-01-09,38.21,39.84,38.19,38.94,2867833.0,0.0560859223783912,22.74,0.61,0.0268
2020-01-10,39.69,39.69,37.59,37.94,2737198.0,0.0535311067842122,23.35,-0.6,-0.0257
2020-01-13,37.88,38.78,37.19,38.74,2196258.0,0.0429519974527529,22.75,0.48,0.0211
2020-01-14,39.03,39.03,38.08,38.08,1658055.0,0.0324264153558116,23.23,-0.4,-0.0172
2020-01-15,38.08,39.64,38.04,38.64,2227552.0,0.0435640110724125,22.83,0.34,0.0149
2020-01-16,38.44,38.66,37.69,38.53,1915952.0,0.0374700811214333,23.17,-0.07,-0.003
2020-01-17,38.29,39.24,37.99,38.19,2157352.0,0.0421911167124679,23.1,-0.2,-0.0087
2020-01-20,37.86,39.58,37.34,39.19,2593440.0,0.0507196459950823,22.9,0.6,0.0262
2020-01-21,39.09,39.09,37.76,38.28,1839697.0,0.0359787697337185,23.5,-0.55,-0.0234
2020-01-22,38.11,39.28,37.06,38.96,2546929.0,0.04981003503247,22.95,0.41,0.0179
2020-01-23,39.11,40.51,37.93,39.36,3396929.0,0.0664333997896342,23.36,0.24,0.0103
2020-02-03,35.43,35.96,35.43,35.43,1498044.0,0.029297096275625,23.6,-2.36,-0.1
2020-02-04,33.19,36.88,33.19,36.28,2565526.0,0.050173734696457,21.24,0.51,0.024
2020-02-05,36.26,37.49,35.94,36.36,2407397.0,0.0470812217015328,21.75,0.05,0.0023
2020-02-06,35.88,37.44,35.86,37.33,2305521.0,0.0450888429862376,21.8,0.58,0.0266
2020-02-07,37.26,41.06,36.58,41.06,4329164.0,0.0846650261948048,22.38,2.24,0.1001
2020-02-10,42.81,43.36,40.54,41.19,6746692.0,0.1319443788473433,24.62,0.08,0.0032
2020-02-11,40.73,44.13,40.41,42.11,7078760.0,0.1384385994216751,24.7,0.55,0.0223
2020-02-12,41.28,44.43,41.16,43.3,6112852.0,0.1195484335324245,25.25,0.71,0.0281
2020-02-13,43.01,43.88,41.36,41.89,5087555.0,0.0994968029260407,25.96,-0.84,-0.0324
2020-02-14,41.59,43.69,41.13,42.59,4132183.0,0.0808126885321801,25.12,0.42,0.0167
2020-02-17,43.24,46.21,42.88,45.34,5209923.0,0.1018899416302815,25.54,1.65,0.0646
2020-02-18,44.64,45.03,43.79,44.88,4492864.0,0.0878664906780375,27.19,-0.28,-0.0103
2020-02-19,44.23,44.59,42.69,43.21,4188952.0,0.0819229141720618,26.91,-1.0,-0.0372
2020-02-20,43.19,44.63,41.54,44.43,4671168.0,0.091353564124698,25.91,0.73,0.0282
2020-02-21,43.36,44.61,43.36,43.89,4210054.0,0.0823356038698332,26.64,-0.32,-0.012
2020-02-24,43.36,45.83,42.87,45.19,4540193.0,0.0887920991846161,26.32,0.78,0.0296
2020-02-25,43.96,47.79,43.37,47.76,6310799.0,0.1234196631601732,27.1,1.54,0.0568
2020-02-26,46.82,47.76,43.36,43.94,4392450.0,0.0859027041501247,28.64,-2.29,-0.08
2020-02-27,43.57,44.67,42.24,42.67,2459393.0,0.0480981022590781,26.35,-0.76,-0.0288
2020-02-28,40.99,41.89,39.52,39.77,2530824.0,0.049495071162571,25.59,-1.74,-0.068
2020-03-02,40.81,42.71,40.11,42.19,2143340.0,0.041917085433671,23.85,1.45,0.0608
2020-03-03,43.36,43.66,41.71,43.26,3436694.0,0.0672110799067738,25.3,0.64,0.0253
2020-03-04,42.53,43.89,42.07,42.73,2118645.0,0.0414341277952261,25.94,-0.32,-0.0123
2020-03-05,43.51,43.63,41.69,42.71,2110999.0,0.0412845957400105,25.62,-0.01,-0.0004
2020-03-06,42.06,42.78,41.74,42.21,1568172.0,0.0306685825387902,25.61,-0.3,-0.0117
2020-03-09,41.69,42.02,39.79,40.06,1945657.0,0.0380510188274469,25.31,-1.29,-0.051
2020-03-10,39.67,41.47,39.19,41.47,1756072.0,0.0343433239951092,24.02,0.85,0.0354
2020-03-11,41.49,42.16,40.16,40.41,1707435.0,0.0333921350637043,24.87,-0.64,-0.0257
2020-03-12,40.09,40.91,39.69,40.02,1260368.0,0.0246488905791265,24.23,-0.23,-0.0095
2020-03-13,38.37,40.19,37.79,39.62,1361185.0,0.0266205585376242,24.0,-0.24,-0.01
2020-03-16,40.01,40.36,37.19,37.34,1516620.0,0.0296603852447181,23.76,-1.37,-0.0577
2020-03-17,37.35,38.29,36.4,37.74,1385037.0,0.0270870297096099,22.39,0.24,0.0107
2020-03-18,38.24,39.09,37.02,37.17,1314915.0,0.025715660787843,22.63,-0.34,-0.015
2020-03-19,37.19,38.14,36.77,37.69,1331540.0,0.0260407942455934,22.29,0.31,0.0139
2020-03-20,38.07,38.65,37.64,38.35,1345049.0,0.0263049884038341,22.6,0.4,0.0177
2020-03-23,37.59,37.62,35.37,36.0,1284482.0,0.0251204856588374,23.0,-1.41,-0.0613
2020-03-24,36.69,37.51,35.4,36.87,1056730.0,0.0206663626351037,21.59,0.52,0.0241
2020-03-25,37.47,38.1,37.02,37.59,931199.0,0.0182113654570665,22.11,0.43,0.0194
2020-03-26,37.79,38.09,37.22,37.25,995670.0,0.0194722183385478,22.54,-0.2,-0.0089
2020-03-27,37.68,38.02,36.82,36.92,828602.0,0.0162048862170774,22.34,-0.2,-0.009
2020-03-30,36.32,36.32,34.82,35.33,1183492.0,0.0231454343566891,22.14,-0.95,-0.0429
2020-03-31,35.98,35.98,34.37,34.58,1076815.0,0.0210591629658656,21.19,-0.45,-0.0212
2020-04-01,34.85,35.45,33.92,34.07,1097900.0,0.0214715201963418,20.74,-0.31,-0.0149
2020-04-02,34.07,35.64,33.74,35.54,1270195.0,0.024841076232619,20.43,0.88,0.0431
2020-04-03,35.52,35.89,35.02,35.19,819525.0,0.0160273682383706,21.31,-0.21,-0.0099
2020-04-07,35.94,36.64,35.57,36.17,1069565.0,0.0209173754429368,21.1,0.59,0.028
2020-04-08,36.1,37.14,35.89,36.96,942475.0,0.0184318890582451,21.69,0.47,0.0217
2020-04-09,37.52,37.52,36.57,36.92,613125.0,0.0119908241373368,22.16,-0.02,-0.0009
2020-04-10,36.91,36.99,35.44,35.72,1001059.0,0.0195776104711083,22.14,-0.72,-0.0325
2020-04-13,35.51,35.51,34.26,34.42,1010480.0,0.0197618560233168,21.42,-0.78,-0.0364
2020-04-14,34.46,35.11,34.46,35.09,841242.0,0.0164520854294662,20.64,0.4,0.0194
2020-04-15,34.85,35.44,34.8,35.05,957137.0,0.0187186323218563,21.04,-0.02,-0.001
2020-04-16,34.8,35.59,33.84,35.34,1019109.0,0.0199306125109516,21.02,0.17,0.0081
2020-04-17,35.57,36.66,35.32,35.5,1021500.0,0.0199773730581685,21.19,0.1,0.0047
2020-04-20,35.11,36.42,35.11,36.36,1068060.0,0.0208879423088668,21.29,0.51,0.024
2020-04-21,36.29,36.51,35.52,36.27,989630.0,0.0193540946642734,21.8,-0.05,-0.0023
2020-04-22,35.86,36.47,35.61,36.46,678485.0,0.0132690631026642,21.75,0.11,0.0051
2020-04-23,36.52,36.52,35.39,35.66,881210.0,0.0172337355972478,21.86,-0.48,-0.022
2020-04-24,35.66,35.71,33.94,34.27,1613825.0,0.0315614136814477,21.38,-0.83,-0.0388
2020-04-27,34.22,34.36,33.49,33.82,910200.0,0.0178006901199657,20.55,-0.27,-0.0131
2020-04-28,33.49,34.31,31.49,32.64,946870.0,0.0185178416324895,20.28,-0.71,-0.035
2020-04-29,32.62,33.51,32.04,33.18,774160.0,0.0151401694828308,19.57,0.32,0.0164
2020-04-30,33.52,34.64,33.51,34.56,815835.0,0.0159552032784247,19.89,0.83,0.0417
2020-05-06,34.18,35.38,33.79,35.36,891175.0,0.0174286201029009,20.72,0.48,0.0232
2020-05-07,35.36,35.73,34.71,34.93,701755.0,0.0137241521590162,21.2,-0.26,-0.0123
2020-05-08,35.36,36.34,34.96,35.79,1124270.0,0.0219872356418082,20.94,0.52,0.0248
2020-05-11,36.34,36.51,35.28,35.56,758735.0,0.0148385043047376,21.46,-0.14,-0.0065
2020-05-12,35.66,36.62,35.09,36.34,1053565.0,0.0206044650475079,21.32,0.47,0.022
2020-05-13,36.29,36.51,35.78,36.16,647613.0,0.0126653024946839,21.79,-0.11,-0.005
2020-05-14,35.71,36.54,35.52,35.97,669725.0,0.0130977446611668,21.68,-0.11,-0.0051
2020-05-15,36.41,36.51,35.91,36.14,700835.0,0.013706159811279,21.57,0.1,0.0046
2020-05-18,36.19,36.48,34.86,35.72,1091580.0,0.0213479205901474,21.67,-0.25,-0.0115
2020-05-19,36.41,37.78,36.04,37.48,1912485.0,0.0285778215149304,21.42,1.05,0.049
2020-05-20,37.28,37.68,36.46,37.06,1305259.0,0.0195041836839278,22.47,-0.25,-0.0111
2020-05-21,37.03,37.19,35.73,35.86,1046962.0,0.0156445112871027,22.22,-0.72,-0.0324
2020-05-22,35.74,35.91,34.42,34.66,1068405.0,0.0159649290821414,21.5,-0.72,-0.0335
2020-05-25,35.07,35.07,33.69,34.21,876383.0,0.0130955886988495,20.78,-0.27,-0.013
2020-05-26,34.21,36.02,33.94,35.91,997327.0,0.0149028269492419,20.51,1.02,0.0497
2020-05-27,36.36,36.36,35.32,35.47,860106.0,0.0128523652483134,21.53,-0.26,-0.0121
2020-05-28,36.42,36.42,34.63,35.19,1109801.0,0.015075908857913,19.25,-0.16,-0.0081
2020-05-29,35.17,35.48,34.87,34.98,662675.0,0.0090019993696325,19.09,-0.11,-0.0058
2020-06-01,34.87,36.38,34.87,36.27,1025919.0,0.0139364276474803,18.98,0.7,0.0369
2020-06-02,36.73,37.51,36.24,36.9,1393808.0,0.0189339551626193,19.68,0.34,0.0173
2020-06-03,37.27,38.06,36.86,37.27,1225875.0,0.0166526969890945,20.02,0.2,0.01
2020-06-04,38.62,39.54,37.27,37.4,2628092.0,0.0357008828269306,20.22,0.07,0.0035
2020-06-05,37.71,38.58,36.68,37.25,1563718.0,0.0212420695669566,20.29,-0.08,-0.0039
2020-06-08,38.6,38.6,36.5,37.73,1603154.0,0.0217777814123421,20.21,0.26,0.0129
2020-06-09,38.07,38.45,37.07,37.31,1285104.0,0.0174572835823174,20.47,-0.23,-0.0112
2020-06-10,37.09,37.48,36.22,36.55,1034781.0,0.0140568120265706,20.24,-0.41,-0.0203
2020-06-11,36.52,37.58,36.33,36.68,1047867.0,0.0142345766378069,19.83,0.07,0.0035
2020-06-12,36.0,36.48,35.78,36.41,881363.0,0.0119727304793713,19.9,-0.15,-0.0075
2020-06-15,36.2,36.81,36.02,36.2,797907.0,0.0108390361957601,19.75,-0.11,-0.0056
2020-06-16,38.71,39.82,37.94,39.82,1675356.0,0.0227585975869167,19.64,1.96,0.0998
2020-06-17,42.03,43.32,39.82,40.11,6432845.0,0.0873859231673801,21.6,0.16,0.0074
2020-06-18,39.87,40.53,38.97,38.97,3061155.0,0.041583755808424,21.76,-0.62,-0.0285
2020-06-19,38.93,39.91,38.45,38.93,2259012.0,0.0306871763684947,21.14,-0.02,-0.0009
2020-06-22,39.13,41.2,39.0,40.87,4277532.0,0.0581074287812017,21.12,1.05,0.0497
2020-06-23,40.55,40.79,39.56,40.2,2527561.0,0.0343352360187236,22.17,-0.36,-0.0162
2020-06-24,40.19,40.7,39.48,40.15,1535665.0,0.0208609882098565,21.81,-0.03,-0.0014
2020-06-29,40.19,40.48,39.17,39.43,1323183.0,0.0179745614847526,21.78,-0.39,-0.0179
2020-06-30,39.52,40.72,39.52,40.55,2297835.0,0.0312145610163647,21.39,0.61,0.0285
2020-07-01,40.5,40.68,39.04,39.43,2163564.0,0.0293905787364237,22.0,-0.61,-0.0277
2020-07-02,39.1,40.24,39.1,40.24,1850582.0,0.0251389263175059,21.39,0.44,0.0206
2020-07-03,40.76,40.81,39.8,40.34,1507255.0,0.020475057245068,21.83,0.05,0.0023
2020-07-06,40.3,42.16,40.3,41.79,2455796.0,0.0333603561986585,21.88,0.79,0.0361
2020-07-07,41.77,43.1,41.7,42.12,2925501.0,0.0397409863928158,22.67,0.18,0.0079
2020-07-08,41.88,43.87,41.88,43.6,2959310.0,0.040200259183683,22.85,0.8,0.035
2020-07-09,43.47,45.29,43.47,44.39,2829106.0,0.0384315243952518,23.65,0.43,0.0182
2020-07-10,44.43,45.13,43.96,44.41,2237473.0,0.0303945833712902,24.08,0.01,0.0004
2020-07-13,45.22,45.49,44.65,45.4,2092556.0,0.0284259822581517,24.09,0.54,0.0224
2020-07-14,45.24,45.99,43.17,44.11,2579328.0,0.0350384563022227,24.63,-0.7,-0.0284
2020-07-15,44.56,45.29,42.2,42.42,2143496.0,0.0291179682963893,23.93,-0.92,-0.0384
2020-07-16,42.4,42.91,40.08,40.46,1820956.0,0.024736476801039,23.01,-1.06,-0.0461
2020-07-17,40.46,41.16,39.63,40.41,1373835.0,0.0186626352344347,21.95,-0.03,-0.0014
2020-07-20,40.53,41.88,40.46,41.82,1356510.0,0.0184272866260236,21.92,0.77,0.0351
2020-07-21,41.92,42.49,41.49,41.92,1261686.0,0.0171391656191559,22.69,0.05,0.0022
2020-07-22,42.03,42.38,41.32,42.03,1474879.0,0.020035250806631,22.74,0.06,0.0026
2020-07-23,41.56,41.99,40.66,41.84,1672714.0,0.0227227077731549,22.8,-0.1,-0.0044
2020-07-24,41.8,43.83,39.98,40.61,2670278.0,0.0362739515942861,22.7,-0.67,-0.0295
2020-07-27,42.19,43.2,40.88,41.99,2380132.0,0.0323325110554074,22.03,0.75,0.034
2020-07-28,42.23,44.4,42.13,43.22,2742711.0,0.0372579057503061,22.78,0.67,0.0294
2020-07-29,42.72,44.27,42.69,44.11,2244590.0,0.0304912630853486,23.45,0.48,0.0205
2020-07-30,44.05,44.7,43.41,43.5,2248981.0,0.0305509119014833,23.93,-0.33,-0.0138
2020-07-31,43.68,44.37,43.0,44.03,1624861.0,0.0220726565778706,23.6,0.29,0.0123
2020-08-03,44.42,45.16,44.09,44.81,2012136.0,0.0273335300163954,23.89,0.42,0.0176
2020-08-04,44.75,44.9,43.54,44.33,1902365.0,0.0258423639503692,24.31,-0.26,-0.0107
2020-08-05,45.27,45.8,44.27,44.7,1638260.0,0.0222546730860439,24.05,0.2,0.0083
2020-08-06,44.6,45.16,43.22,44.27,1810055.0,0.0245883939623498,24.25,-0.23,-0.0095
2020-08-07,44.53,44.53,42.21,42.61,1499835.0,0.0203742614774252,24.02,-0.9,-0.0375
2020-08-10,43.07,44.75,42.7,43.13,1514497.0,0.0205734350010341,23.12,0.28,0.0121
2020-08-11,43.07,43.48,41.47,41.52,1292362.0,0.0175558786876478,23.4,-0.87,-0.0372
2020-08-12,40.75,42.26,40.18,41.58,1345090.0,0.0182721535173335,22.53,0.03,0.0013
2020-08-13,41.63,42.3,41.23,41.43,871210.0,0.011834808723458,22.56,-0.08,-0.0035
2020-08-14,41.84,42.58,41.51,42.28,1380040.0,0.0187469260347344,22.48,0.46,0.0205
2020-08-17,41.93,42.36,41.49,42.23,1712006.0,0.0232564634742627,22.94,-0.03,-0.0013
2020-08-18,41.8,42.54,41.8,42.23,1326149.0,0.0180148526231392,22.91,0.0,0.0
2020-08-19,42.21,42.91,41.66,41.95,1691151.0,0.0229731621623773,22.91,-0.15,-0.0065
2020-08-20,41.95,42.03,41.01,41.25,947295.0,0.0128683728718542,22.76,-0.38,-0.0167
2020-08-21,41.29,42.74,41.29,41.8,1043078.0,0.014169521256238,22.38,0.3,0.0134
2020-08-24,41.66,42.67,40.55,42.45,902761.0,0.0122634080853039,22.68,0.35,0.0154
2020-08-25,42.45,44.68,42.21,43.96,2311658.0,0.031402337282689,23.03,0.82,0.0356
2020-08-26,43.92,44.6,42.39,42.94,1817943.0,0.0246955471988951,23.85,-0.55,-0.0231
2020-08-27,42.87,45.4,42.26,44.7,2355208.0,0.0319939350833416,23.3,0.95,0.0408
2020-08-28,44.33,45.08,43.66,44.9,2043702.0,0.0277623331432703,24.25,0.11,0.0045
2020-08-31,44.88,45.45,43.94,44.21,1933901.0,0.0262707595471862,24.36,-0.37,-0.0152
2020-09-01,44.42,44.77,43.51,44.67,1403643.0,0.0190675570999193,23.99,0.25,0.0104
2020-09-02,44.36,46.46,44.16,45.85,2547050.0,0.0345999811286414,24.24,0.64,0.0264
2020-09-03,46.09,46.37,44.69,45.13,1881110.0,0.025553628904379,24.88,-0.39,-0.0157
2020-09-04,44.05,54.16,43.68,54.16,9520236.0,0.1293260775957335,24.49,4.9,0.2001
2020-09-07,56.87,64.15,56.76,58.66,14003809.0,0.1902324363986177,29.39,2.44,0.083
2020-09-08,58.26,63.93,54.37,60.45,12231004.0,0.166150058924771,31.83,0.97,0.0305
2020-09-09,57.57,59.34,50.68,51.86,9708421.0,0.1318824457269807,32.8,-4.66,-0.1421
2020-09-10,51.6,54.12,47.38,53.7,8833831.0,0.1200017219503377,28.14,1.0,0.0355
2020-09-11,51.14,54.44,48.02,54.44,6728762.0,0.0914057589050547,29.14,0.4,0.0137
2020-09-14,56.02,60.24,54.45,58.03,9208064.0,0.1250854284883778,29.54,1.95,0.066
2020-09-15,55.98,56.06,53.44,54.18,6577827.0,0.0893554072623106,31.49,-2.09,-0.0664
2020-09-16,53.62,57.73,51.43,52.52,5948713.0,0.0808093117684003,29.4,-0.9,-0.0306
2020-09-17,51.36,56.39,51.06,56.2,6537772.0,0.088811286713398,28.5,2.0,0.0702
2020-09-18,55.21,55.49,53.07,53.87,4997427.0,0.0678867238145161,30.5,-1.27,-0.0416
2020-09-21,53.44,56.65,52.8,55.67,5190581.0,0.0705105925076794,29.23,0.98,0.0335
2020-09-22,53.92,61.31,53.27,57.71,8499132.0,0.1154550585225389,30.21,1.11,0.0367
2020-09-23,58.86,61.73,55.65,57.97,7099304.0,0.0964393256616433,31.32,0.14,0.0045
2020-09-24,56.07,57.4,52.59,52.63,5282421.0,0.0717581778581258,31.46,-2.9,-0.0922
2020-09-25,52.26,53.2,49.81,50.12,3697567.0,0.0502289897810751,28.56,-1.36,-0.0476
2020-09-28,50.03,51.23,48.28,49.24,2860706.0,0.0388607893895256,27.2,-0.48,-0.0176
2020-09-29,49.76,51.14,49.5,49.85,2371887.0,0.0322205082111737,26.72,0.33,0.0124
2020-09-30,49.96,52.49,49.96,51.51,3595141.0,0.048837600657547,27.05,0.9,0.0333
2020-10-09,52.65,54.11,51.97,53.5,4041893.0,0.0549064296044396,27.95,1.08,0.0386
2020-10-12,54.46,56.34,52.67,55.91,4489638.0,0.0609887477962472,29.03,1.31,0.0451
2020-10-13,55.28,57.31,54.2,55.51,4601258.0,0.0625050312981726,30.34,-0.22,-0.0073
2020-10-14,55.62,56.94,54.36,56.67,3903006.0,0.05301974203293,30.12,0.63,0.0209
2020-10-15,55.56,58.95,54.92,58.05,5831855.0,0.0792218735183735,30.75,0.75,0.0244
2020-10-16,58.05,58.05,54.66,56.57,4665771.0,0.0633813975189189,31.5,-0.8,-0.0254
2020-10-19,56.57,56.65,54.82,54.88,3041340.0,0.0413145822052108,30.7,-0.92,-0.03
2020-10-20,54.43,58.05,54.43,57.81,4873384.0,0.066201682115633,29.78,1.59,0.0534
2020-10-21,57.24,57.64,54.29,55.74,3781220.0,0.0513653601787329,31.37,-1.12,-0.0357
2020-10-22,54.9,55.74,53.37,53.94,2558601.0,0.0347568937852508,30.25,-0.98,-0.0324
2020-10-23,54.18,57.11,52.52,52.74,4001154.0,0.0543530173702079,29.27,-0.65,-0.0222
2020-10-26,51.6,54.16,50.73,53.63,2451635.0,0.033303831779634,28.62,0.48,0.0168
2020-10-27,53.77,54.47,51.75,52.57,1999740.0,0.0271651385964898,29.1,-0.57,-0.0196
2020-10-28,52.13,52.98,50.05,51.23,2409360.0,0.0327295540064402,28.53,-0.73,-0.0256
2020-10-29,50.75,53.7,50.16,52.85,2289602.0,0.0311027211841541,27.8,0.88,0.0317
2020-10-30,53.7,56.19,51.78,53.55,3997287.0,0.0543004867457505,28.68,0.38,0.0132
2020-11-02,53.53,55.76,52.89,55.67,3575319.0,0.048568331963987,29.06,1.15,0.0396
2020-11-03,56.68,66.8,55.69,66.8,7057927.0,0.0958772466215146,30.21,6.04,0.1999
2020-11-04,80.16,80.16,69.62,73.71,18006815.0,0.2446106119577306,36.25,3.75,0.1034
2020-11-05,76.43,83.44,71.51,80.16,16211396.0,0.2202210383262729,40.0,3.5,0.0875
2020-11-06,75.55,79.38,71.49,73.87,11595008.0,0.1575104760355889,43.5,-3.41,-0.0784
2020-11-09,74.76,81.13,74.76,76.75,12965463.0,0.1761271962168387,40.09,1.56,0.0389
2020-11-10,72.16,86.23,72.16,80.89,13778436.0,0.1871708940076535,41.65,2.25,0.054
2020-11-11,78.42,80.39,74.07,79.43,10339402.0,0.1404539031748248,43.9,-0.79,-0.018
2020-11-12,79.95,86.59,72.79,77.39,10576950.0,0.1436808348476018,43.11,-1.11,-0.0257
2020-11-13,73.89,75.73,69.43,69.76,8999077.0,0.1222464790150139,42.0,-4.14,-0.0986
2020-11-16,68.18,70.02,65.69,66.37,7482673.0,0.1016471386866355,37.86,-1.84,-0.0486
2020-11-17,66.59,66.87,61.91,64.09,5856256.0,0.0795533448830974,36.02,-1.24,-0.0344
2020-11-18,64.26,64.96,62.71,64.86,4832008.0,0.0656396166598396,34.78,0.42,0.0121
2020-11-19,64.03,65.56,62.69,65.34,4785922.0,0.0650135689849629,35.2,0.26,0.0074
2020-11-20,64.57,65.51,63.17,64.44,4029747.0,0.0547414342683494,35.46,-0.49,-0.0138
2020-11-23,63.67,63.76,60.59,61.73,5448559.0,0.0740150521498555,34.97,-1.47,-0.042
2020-11-24,61.4,64.28,61.38,62.75,4689999.0,0.0637105187936425,33.5,0.55,0.0164
2020-11-25,62.66,63.01,60.83,60.85,3071568.0,0.0417252094915054,34.05,-1.03,-0.0302
2020-11-26,60.84,62.59,60.61,62.01,2904782.0,0.039459532550526,33.02,0.63,0.0191
2020-11-27,62.11,66.12,61.37,64.61,6599569.0,0.0896507578795732,33.65,1.41,0.0419
2020-11-30,63.95,64.58,62.01,62.11,4289970.0,0.0582763907431883,35.06,-1.36,-0.0388
2020-12-01,61.52,62.99,61.19,62.14,3238588.0,0.0439940651669361,33.7,0.02,0.0006
2020-12-02,61.92,64.09,60.81,62.99,3755653.0,0.0510180494790937,33.72,0.46,0.0136
2020-12-03,62.44,64.61,61.04,63.76,4274007.0,0.0580595439994038,34.18,0.42,0.0123
2020-12-04,63.16,66.44,62.68,65.68,5521848.0,0.0750106344968597,34.6,1.04,0.0301
2020-12-07,68.56,71.5,65.44,65.46,6675898.0,0.0906876366057734,35.64,-0.12,-0.0034
2020-12-08,63.89,67.89,62.68,63.49,5085372.0,0.0690813981791176,35.52,-1.07,-0.0301
2020-12-09,61.58,63.57,57.13,57.13,6528202.0,0.0886812846249423,34.45,-3.45,-0.1001
2020-12-10,57.28,57.78,55.29,55.51,3744656.0,0.0508686625442193,31.0,-0.88,-0.0284
2020-12-11,55.31,55.73,52.71,53.98,3305472.0,0.0449026398465883,30.12,-0.83,-0.0276
2020-12-14,53.72,56.01,53.54,55.93,2659946.0,0.0361335982423609,29.29,1.06,0.0362
2020-12-15,55.64,57.39,54.38,56.63,2624010.0,0.0356454315703918,30.35,0.38,0.0125
2020-12-16,56.63,57.16,54.73,55.43,1663083.0,0.0225918770402482,30.73,-0.65,-0.0212
2020-12-17,55.17,56.17,53.44,55.84,2077817.0,0.0282257627407276,30.08,0.22,0.0073
2020-12-18,56.94,57.44,54.92,55.34,1818440.0,0.0247022986135202,30.3,-0.27,-0.0089
2020-12-21,54.6,56.39,54.6,55.8,1771347.0,0.0240625715130349,30.03,0.25,0.0083
2020-12-22,55.23,55.51,53.81,53.96,1726102.0,0.0234479482641134,30.28,-1.0,-0.033
2020-12-23,54.18,56.77,53.29,55.93,2729744.0,0.037081757674966,29.28,1.07,0.0365
2020-12-24,55.93,56.39,54.34,55.15,1976983.0,0.0268559998789364,30.35,-0.42,-0.0138
2020-12-25,55.12,56.0,53.96,54.14,1496360.0,0.0203270559123903,29.93,-0.55,-0.0184
2020-12-28,53.22,53.72,50.27,50.97,2750302.0,0.0373610244392787,29.38,-1.72,-0.0585
2020-12-29,51.73,53.59,50.05,52.54,2683032.0,0.0364472062062154,27.66,0.85,0.0307
2020-12-30,52.43,52.96,51.17,51.3,1711117.0,0.0232443870002149,28.51,-0.67,-0.0235
2020-12-31,50.8,53.24,50.8,52.46,1416871.0,0.0192506829757396,27.84,0.63,0.0226
2021-01-04,52.2,53.72,52.04,53.18,1755045.0,0.0238453711757505,28.47,0.39,0.0137
2021-01-05,52.7,54.36,52.18,54.34,2325475.0,0.0315956653732118,28.86,0.63,0.0218
2021-01-06,57.13,59.89,52.85,53.81,5567542.0,0.0756448441644406,29.49,-0.29,-0.0098
2021-01-07,51.25,52.3,46.99,48.43,4974999.0,0.0675941059938565,29.2,-2.92,-0.1
2021-01-08,47.1,48.63,45.85,47.6,2782609.0,0.0378066342697675,26.28,-0.45,-0.0171
2021-01-11,47.06,48.65,45.85,45.85,2277997.0,0.0309505932909106,25.83,-0.95,-0.0368
2021-01-12,45.94,46.51,44.23,44.87,2204399.0,0.0299506350973641,24.88,-0.53,-0.0213
2021-01-13,44.38,44.96,43.31,43.77,2433322.0,0.0330609564313848,24.35,-0.6,-0.0246
2021-01-14,44.59,45.85,43.49,44.5,1969735.0,0.026762312187361,23.75,0.4,0.0168
2021-01-15,46.9,48.94,46.09,46.44,3314350.0,0.0450312703983937,24.15,1.05,0.0435
2021-01-18,45.64,48.28,45.0,47.97,2662966.0,0.0361810738177105,25.2,0.83,0.0329
2021-01-19,47.58,49.15,47.18,47.67,2073470.0,0.0281717344978525,26.03,-0.16,-0.0061
2021-01-20,47.71,50.77,47.67,48.59,2284110.0,0.0310336491407591,25.87,0.5,0.0193
2021-01-21,48.43,48.84,47.55,48.1,1733610.0,0.0235541390243515,26.37,-0.27,-0.0102
2021-01-22,47.78,48.46,46.57,47.51,1423664.0,0.0193429778208272,26.1,-0.32,-0.0123
2021-01-25,47.06,47.43,45.39,45.79,1293828.0,0.0175789275474868,25.78,-0.93,-0.0361
2021-01-26,45.68,46.49,44.7,45.07,1194320.0,0.0162269364618129,24.85,-0.39,-0.0157
2021-01-27,45.06,45.65,44.36,44.78,883903.0,0.0120093758954097,24.46,-0.16,-0.0065
2021-01-28,44.5,44.94,43.54,43.86,1085822.0,0.0147528004243742,24.3,-0.5,-0.0206
2021-01-29,44.54,44.54,41.7,42.6,1333136.0,0.018112995819341,23.8,-0.68,-0.0286
2021-02-01,43.3,44.21,42.95,43.66,985930.0,0.0133955920237417,23.12,0.57,0.0247
2021-02-02,44.23,44.28,43.32,43.73,792299.0,0.0107647745426333,23.69,0.04,0.0017
2021-02-03,43.64,43.69,41.65,41.8,906630.0,0.0123181621377632,23.73,-1.05,-0.0442
2021-02-04,42.2,42.7,40.32,42.16,1208358.0,0.0164176673664707,22.68,0.2,0.0088
2021-02-05,41.98,43.14,41.83,41.89,866735.0,0.0117761184391364,22.88,-0.15,-0.0066
2021-02-08,41.18,43.12,41.18,41.3,877160.0,0.0119177603882073,22.73,-0.32,-0.0141
2021-02-09,40.84,41.65,40.73,41.24,941280.0,0.0127889432922292,22.41,-0.03,-0.0013
2021-02-10,41.65,42.12,41.0,41.06,807980.0,0.0109778284901999,22.38,-0.1,-0.0045
2021-02-18,41.48,43.6,41.48,43.03,1374368.0,0.018673205013019,22.28,1.07,0.048
2021-02-19,42.44,44.85,42.44,44.7,1113831.0,0.0151333519209236,23.35,0.91,0.039
2021-02-22,44.76,46.05,44.39,44.49,1379686.0,0.0187454593904923,24.26,-0.12,-0.0049
2021-02-23,44.51,45.43,43.31,43.68,936640.0,0.0127259007364797,24.14,-0.44,-0.0182
2021-02-24,43.55,47.9,43.4,47.47,3753706.0,0.0510006939164762,23.7,2.06,0.0869
2021-02-25,46.62,46.62,44.86,45.61,2582685.0,0.0350903153224238,25.76,-1.01,-0.0392
2021-02-26,44.99,46.72,44.14,45.45,1718558.0,0.0233496311473811,24.75,-0.09,-0.0036
2021-03-01,45.1,46.59,45.1,46.48,1635251.0,0.0222177591232802,24.66,0.56,0.0227
2021-03-02,46.22,48.18,45.6,47.22,2438415.0,0.0331301537883745,25.22,0.4,0.0159
2021-03-03,46.92,47.47,46.07,46.59,1703874.0,0.0231501231972461,25.62,-0.34,-0.0133
2021-03-04,46.28,46.98,45.43,45.54,1237810.0,0.0168178245543879,25.28,-0.57,-0.0225
2021-03-05,44.97,46.8,44.79,46.17,1127677.0,0.0153214741681021,24.71,0.34,0.0138
2021-03-08,46.71,47.42,44.97,44.99,1668423.0,0.0226684590498587,25.05,-0.64,-0.0255
2021-03-09,45.27,45.82,42.54,42.85,1599221.0,0.0217282282431818,24.41,-1.16,-0.0475
2021-03-10,43.06,43.79,41.6,41.82,1292180.0,0.0175565365707895,23.25,-0.56,-0.0241
2021-03-11,42.37,45.18,41.71,44.64,2235172.0,0.0303687403922092,22.69,1.53,0.0674
2021-03-12,46.63,46.63,43.57,43.89,2346762.0,0.0318848866844706,24.22,-0.41,-0.0169
2021-03-15,42.56,43.17,41.71,42.17,1864180.0,0.0253281619778471,23.81,-0.93,-0.0391
2021-03-16,41.93,43.04,41.65,42.63,1073432.0,0.0145844604964136,22.88,0.25,0.0109
2021-03-17,42.43,44.94,42.43,44.66,1753535.0,0.0238248551716165,23.13,1.1,0.0476
2021-03-18,44.33,45.34,43.37,43.81,1200470.0,0.0163104950216964,24.23,-0.46,-0.019
2021-03-19,43.68,44.36,43.31,43.66,926220.0,0.0125843267211973,23.77,-0.08,-0.0034
2021-03-22,43.94,44.4,43.57,44.18,824210.0,0.0111983415677463,23.69,0.28,0.0118
2021-03-23,44.16,45.93,44.05,44.18,1712757.0,0.0232708143659365,23.97,0.0,0.0
2021-03-24,43.9,44.54,42.76,42.92,1225225.0,0.016646835208675,23.97,-0.68,-0.0284
2021-03-25,42.57,43.82,42.57,43.07,829410.0,0.0112689927078105,23.29,0.08,0.0034
2021-03-26,44.23,44.41,42.48,43.86,1033209.0,0.0140379603412596,23.37,0.43,0.0184
2021-03-29,43.93,44.71,43.12,43.31,887804.0,0.0120623778372156,23.8,-0.3,-0.0126
2021-03-30,43.27,43.58,42.02,42.02,1240627.0,0.0168560984508419,23.5,-0.7,-0.0298
2021-03-31,42.33,44.01,42.02,43.45,1420210.0,0.0188088543177346,22.8,0.78,0.0342
2021-04-01,43.6,44.56,43.08,43.93,1179896.0,0.0156262045571273,23.58,0.26,0.011
2021-04-02,43.92,46.31,43.69,45.89,2088271.0,0.0276564627871583,23.84,1.06,0.0445
2021-04-06,46.59,46.81,45.54,46.29,1641927.0,0.0217452107388028,24.9,0.22,0.0088
2021-04-07,46.07,46.47,45.65,46.05,954837.0,0.0126455876456177,25.12,-0.13,-0.0052
2021-04-08,45.7,46.29,45.07,45.3,1093570.0,0.0144829277474775,24.99,-0.41,-0.0164
2021-04-09,45.33,45.79,44.61,44.96,1028192.0,0.0136170802477522,24.58,-0.18,-0.0073
2021-04-12,44.91,47.73,44.45,47.1,3040909.0,0.0402729275068392,24.4,1.16,0.0475
2021-04-13,46.44,49.14,44.32,47.25,4163375.0,0.0551385455989597,25.56,0.08,0.0031
2021-04-14,47.23,48.54,46.18,46.53,1758061.0,0.0232832561597868,25.64,-0.39,-0.0152
2021-04-15,46.69,47.21,45.63,46.01,1699400.0,0.0225063666834892,25.25,-0.28,-0.0111
2021-04-16,46.97,51.56,46.81,49.05,4584735.0,0.0607189167097959,24.97,1.65,0.0661
2021-04-19,49.86,52.9,48.11,52.9,5583937.0,0.0739520617038384,26.62,2.09,0.0785
2021-04-20,55.06,55.43,50.08,50.12,5807886.0,0.0769179780933881,28.71,-1.51,-0.0526
2021-04-21,48.83,50.05,48.19,49.63,2534499.0,0.0335661785647504,27.2,-0.27,-0.0099
2021-04-22,49.04,50.05,48.63,48.85,1799780.0,0.0238357706423504,26.93,-0.42,-0.0156
2021-04-23,48.61,48.8,47.08,47.84,1887573.0,0.0249984759796715,26.51,-0.55,-0.0207
2021-04-26,47.64,48.58,47.18,47.4,1486948.0,0.0196927132677892,25.96,-0.24,-0.0092
2021-04-27,47.46,49.17,47.05,48.93,1524840.0,0.0201945440588747,25.72,0.83,0.0323
2021-04-28,47.95,48.32,47.31,48.12,1254446.0,0.0166135233968673,26.55,-0.44,-0.0166
2021-04-29,48.14,50.0,47.91,49.39,1863282.0,0.0246767729355921,26.11,0.69,0.0264
2021-04-30,49.57,49.72,48.12,48.74,1165461.0,0.0154350315530811,26.8,-0.35,-0.0131
2021-05-06,47.73,48.1,46.25,46.38,1615550.0,0.0213958813084094,26.45,-1.28,-0.0484
2021-05-07,46.29,46.6,45.0,45.04,1080947.0,0.0143157523522523,25.17,-0.73,-0.029
2021-05-10,45.04,46.03,44.54,45.33,672609.0,0.0089078408783188,24.44,0.16,0.0065
2021-05-11,45.15,46.01,44.59,45.83,684827.0,0.0090696525695856,24.6,0.27,0.011
2021-05-12,45.85,46.62,45.18,46.59,907700.0,0.0120213187234336,24.87,0.41,0.0165
2021-05-13,45.53,46.9,45.53,45.7,912650.0,0.0120868751051468,25.28,-0.48,-0.019
2021-05-14,45.78,46.46,45.2,46.02,899448.0,0.0119120315998182,24.8,0.17,0.0069
2021-05-17,46.0,49.37,46.0,48.28,2417483.0,0.0320164521884792,24.97,1.23,0.0493
2021-05-18,47.55,47.58,46.46,47.36,1496797.0,0.0198231506018281,26.2,-0.5,-0.0191
2021-05-19,46.79,47.34,46.31,47.32,1046743.0,0.0138627643764714,25.7,-0.02,-0.0008
2021-05-20,47.42,49.7,47.32,48.76,2076305.0,0.0274979885116877,25.68,0.78,0.0304
2021-05-21,48.6,49.2,48.12,48.76,1182812.0,0.0157297152730993,26.46,0.0,0.0
2021-05-24,48.6,48.82,47.51,48.3,1113788.0,0.0148117943634278,26.46,-0.25,-0.0094
2021-05-25,47.92,48.69,47.7,48.49,1095467.0,0.0145681511525722,26.21,0.1,0.0038
2021-05-26,48.47,50.4,48.34,48.36,1434352.0,0.0190748390795837,26.31,-0.07,-0.0027
2021-05-27,47.97,50.75,47.62,49.96,2336031.0,0.031065885786696,26.24,0.87,0.0332
2021-05-28,49.95,49.95,48.45,48.57,1821924.0,0.0220263583815028,24.55,-0.68,-0.0279
2021-05-31,48.61,49.81,48.57,49.38,1457608.0,0.0176219184706637,23.87,0.4,0.0168
2021-06-01,49.02,51.44,48.98,50.52,1835854.0,0.0221947667082247,24.27,0.56,0.0231
2021-06-02,50.69,51.79,50.02,50.3,1657529.0,0.0200388862442857,24.83,-0.11,-0.0044
2021-06-03,50.08,50.77,49.37,49.65,1232410.0,0.0148993615172465,24.72,-0.32,-0.0129
2021-06-04,49.27,52.65,49.27,52.3,3132902.0,0.0378755767123805,24.4,1.3,0.0533
2021-06-07,53.52,56.9,52.85,55.19,4626326.0,0.0559304968075862,25.7,1.42,0.0553
2021-06-08,54.26,55.56,53.63,55.19,2578907.0,0.0311779908572292,27.12,0.0,0.0
2021-06-09,55.19,56.5,54.03,54.44,2221346.0,0.0268552162907552,27.12,-0.37,-0.0136
2021-06-10,54.56,56.17,53.85,56.09,2519995.0,0.0304657675016056,26.75,0.81,0.0303
2021-06-11,57.97,59.0,52.92,53.65,3623418.0,0.0438057259435566,27.56,-1.2,-0.0435
2021-06-15,53.12,55.67,52.92,55.04,2104283.0,0.0254399697759643,26.36,0.68,0.0258
2021-06-16,54.95,58.21,54.95,55.75,3358868.0,0.0406074184895538,27.04,0.35,0.0129
2021-06-17,55.24,59.98,55.24,59.39,4888847.0,0.0591042744342438,27.39,1.79,0.0654
2021-06-18,61.06,67.17,60.0,63.93,7365911.0,0.0890510227058068,29.18,2.23,0.0764
2021-06-21,62.89,74.5,60.86,69.98,6889178.0,0.0832875046280554,31.41,2.97,0.0946
2021-06-22,69.75,72.56,66.47,67.86,6024624.0,0.0728353802561487,34.38,-1.04,-0.0303
2021-06-23,68.06,71.07,66.55,68.85,4531912.0,0.0547890679663002,33.34,0.49,0.0147
2021-06-24,69.0,76.02,68.55,73.05,5945298.0,0.0718763595149042,33.83,2.06,0.0609
2021-06-25,70.42,72.46,65.58,69.22,5457791.0,0.0659825879330537,35.89,-1.88,-0.0524
2021-06-28,68.77,71.15,67.98,69.95,3544567.0,0.0428524477690883,34.01,0.36,0.0106
2021-06-29,69.22,69.22,64.17,64.72,3710004.0,0.0448525172843704,34.37,-2.57,-0.0748
2021-06-30,65.33,70.81,65.33,68.89,4456777.0,0.0538807147984434,31.8,2.05,0.0645
2021-07-01,68.89,69.57,64.42,64.44,3954021.0,0.0478025886886546,33.85,-2.19,-0.0647
2021-07-02,64.66,67.02,64.22,66.07,2561277.0,0.0309648509577241,31.66,0.8,0.0253
2021-07-05,67.72,70.28,65.8,68.29,3334856.0,0.0403171226718047,32.46,1.09,0.0336
2021-07-06,67.98,69.51,65.13,66.17,3577030.0,0.0432449129169972,33.55,-1.04,-0.031
2021-07-07,64.79,68.31,63.98,67.66,3156083.0,0.0381558260606747,32.51,0.73,0.0225
2021-07-08,67.17,70.39,66.66,69.05,3267706.0,0.0395053050738599,33.24,0.68,0.0205
2021-07-09,69.51,70.23,66.32,68.17,2992640.0,0.0361798632362386,33.92,-0.43,-0.0127
2021-07-12,68.17,69.17,65.16,68.15,2571380.0,0.0310869923306509,33.49,-0.01,-0.0003
2021-07-13,67.52,68.09,62.96,64.56,3424930.0,0.0414060825871774,33.48,-1.76,-0.0526
2021-07-14,63.42,65.05,62.08,64.18,2331850.0,0.028191167025577,31.72,-0.19,-0.006
2021-07-15,63.71,64.91,61.37,62.43,1891403.0,0.0228663326910725,31.53,-0.86,-0.0273
2021-07-16,62.44,64.26,61.51,61.81,1799820.0,0.0217591295477728,30.67,-0.3,-0.0098
2021-07-19,62.18,63.79,60.51,62.49,1706150.0,0.0206266953795005,30.37,0.33,0.0109
2021-07-20,61.51,64.26,61.51,63.91,1419164.0,0.0171571453398315,30.7,0.7,0.0228
2021-07-21,64.12,65.95,63.44,64.91,1891949.0,0.0228729336204616,31.4,0.49,0.0156
2021-07-22,63.02,67.84,61.47,67.41,3747341.0,0.0453039072122105,31.89,1.23,0.0386
2021-07-23,67.17,67.17,64.52,65.22,2358678.0,0.0285155071970984,33.12,-1.08,-0.0326
2021-07-26,64.85,67.38,63.12,65.48,2421137.0,0.0292706124145226,32.04,0.13,0.0041
2021-07-27,65.85,78.57,65.85,78.33,12222027.0,0.1477595919755185,32.17,6.31,0.1961
2021-07-28,71.79,73.04,66.77,70.53,9779429.0,0.1182295243492387,38.48,-3.83,-0.0995
2021-07-29,71.63,77.76,71.14,74.5,8482116.0,0.1025455105973025,34.65,1.95,0.0563
2021-07-30,75.52,89.4,75.52,89.4,10098834.0,0.1220910075937889,36.6,7.32,0.2
2021-08-02,94.47,107.28,91.3,107.28,13266726.0,0.1603895999093278,43.92,8.78,0.1999
2021-08-03,114.25,128.24,111.02,121.09,12675090.0,0.1532369488835996,52.7,6.79,0.1288
2021-08-04,117.0,126.2,115.37,122.26,10218356.0,0.1235359824700593,59.49,0.57,0.0096
2021-08-05,117.05,121.47,112.88,114.26,8029459.0,0.0970730620726132,60.06,-3.93,-0.0654
2021-08-06,114.56,116.01,103.98,106.3,8126072.0,0.0982410759756696,56.13,-3.91,-0.0697
2021-08-09,105.87,107.03,100.43,102.47,6807615.0,0.0823014394196985,52.22,-1.88,-0.036
2021-08-10,102.49,105.45,97.47,100.17,7358445.0,0.0889607616456987,50.34,-1.13,-0.0224
2021-08-11,99.75,120.21,98.89,120.21,12033536.0,0.145480808492954,49.21,9.84,0.2
2021-08-12,116.56,117.25,108.2,108.7,9815523.0,0.1186658868865465,59.05,-5.65,-0.0957
2021-08-13,104.91,109.51,101.88,104.47,6398373.0,0.0773538614983565,53.4,-2.08,-0.039
2021-08-16,106.89,107.64,100.86,102.43,4476933.0,0.0541243930635838,51.32,-1.0,-0.0195
2021-08-17,104.28,104.41,97.87,99.74,3525483.0,0.0426217295704408,50.32,-1.32,-0.0262
2021-08-18,99.75,101.72,96.71,100.15,3109160.0,0.0375885450904832,49.0,0.2,0.0041
2021-08-19,98.14,100.76,93.13,93.23,5250990.0,0.0634824436132834,49.2,-3.4,-0.0691
2021-08-20,93.88,94.06,90.62,91.4,3254303.0,0.0393432679738562,45.8,-0.9,-0.0197
2021-08-23,91.52,94.85,91.52,93.21,3065469.0,0.0370603377535985,44.9,0.89,0.0198
2021-08-24,93.66,98.89,90.62,96.73,5593032.0,0.0676175994559673,45.79,1.73,0.0378
2021-08-25,97.71,97.91,91.72,94.0,4272864.0,0.0516572775699875,47.52,-1.34,-0.0282
2021-08-26,92.23,95.45,89.08,89.67,3517024.0,0.0425194635233669,46.18,-2.13,-0.0461
2021-08-27,89.81,90.24,86.72,87.98,2875230.0,0.0347604216252975,44.05,-0.83,-0.0188
2021-08-30,88.33,89.47,86.93,87.58,2298223.0,0.0277846295666628,43.22,-0.2,-0.0046
2021-08-31,87.13,88.2,84.5,86.47,2415622.0,0.029203938191847,43.02,-0.54,-0.0126
2021-09-01,86.31,86.47,81.44,81.54,2471640.0,0.0298811742037855,42.48,-2.42,-0.057
2021-09-02,82.2,82.95,80.18,82.24,2286803.0,0.027646566171748,40.06,0.34,0.0085
2021-09-03,81.47,85.7,81.18,82.32,3228304.0,0.0390289500925611,40.4,0.04,0.001
2021-09-06,82.46,88.32,82.46,86.21,4961229.0,0.0599793448940269,40.44,1.91,0.0472
2021-09-07,85.49,86.67,83.68,86.67,3121251.0,0.0377347206165703,42.35,0.23,0.0054
2021-09-08,87.52,87.52,84.51,85.98,2314702.0,0.027983854320148,42.58,-0.34,-0.008
2021-09-09,84.88,85.94,79.73,80.83,3578311.0,0.0432603997128716,42.24,-2.53,-0.0599
2021-09-10,80.3,84.45,77.61,82.23,3756176.0,0.0454107189542483,39.71,0.69,0.0174
2021-09-13,82.23,82.23,77.75,78.57,2543398.0,0.0307487007442668,40.4,-1.8,-0.0446
2021-09-14,81.42,83.15,78.24,83.15,2514564.0,0.0304001088065283,38.6,2.25,0.0583
2021-09-15,85.49,95.63,82.56,87.77,6171943.0,0.0746164101401639,40.85,2.27,0.0556
2021-09-16,84.58,86.53,79.41,79.41,3845027.0,0.046484893271374,43.12,-4.11,-0.0953
2021-09-17,78.29,80.32,73.93,76.11,2755038.0,0.0333073467074691,39.01,-1.62,-0.0415
2021-09-22,74.3,77.08,73.5,75.33,1263980.0,0.0152810306396161,37.39,-0.38,-0.0102
2021-09-23,75.54,78.22,75.54,76.09,1553580.0,0.0187821829309758,37.01,0.37,0.01
2021-09-24,75.44,77.1,74.09,76.84,1740448.0,0.021041344969587,37.38,0.37,0.0099
2021-09-27,76.33,77.64,72.02,73.26,1587929.0,0.0191974490913899,37.75,-1.76,-0.0466
2021-09-28,73.32,75.64,72.95,75.07,1160479.0,0.0140297434734973,35.99,0.89,0.0247
2021-09-29,75.07,79.36,73.5,77.76,2371467.0,0.0286701212739431,36.88,1.32,0.0358
2021-09-30,77.75,79.63,76.53,78.16,2004104.0,0.0242288443084362,38.2,0.2,0.0052
2021-10-08,78.91,79.95,77.1,79.58,1273301.0,0.0153937179341871,38.4,0.7,0.0182
2021-10-11,80.18,80.18,76.53,78.55,969517.0,0.0117210865540821,39.1,-0.51,-0.013
2021-10-12,77.96,79.18,75.13,75.44,995931.0,0.0120404216252975,38.59,-1.53,-0.0396
2021-10-13,74.81,83.91,74.81,81.93,2471185.0,0.0298756734292946,37.06,3.19,0.0861
2021-10-14,81.02,87.49,80.0,85.21,3214263.0,0.0388591998186557,40.25,1.61,0.04
2021-10-15,83.78,93.6,83.78,90.5,4272258.0,0.0516499512637424,41.86,2.6,0.0621
2021-10-18,89.61,93.42,86.52,88.67,3291651.0,0.0397947908874532,44.46,-0.9,-0.0202
2021-10-19,87.88,93.23,86.96,89.87,2365633.0,0.0285995904643167,43.56,0.59,0.0135
2021-10-20,88.75,88.75,85.09,85.33,2430694.0,0.0293861528580603,44.15,-2.23,-0.0505
2021-10-21,86.86,86.86,82.65,85.44,1847695.0,0.0223379198307454,41.92,0.05,0.0012
2021-10-22,84.92,85.52,81.46,81.93,1809005.0,0.0218701726548037,41.97,-1.72,-0.041
2021-10-25,80.69,92.83,80.69,90.83,3308990.0,0.0400044127092069,40.25,4.37,0.1086
2021-10-26,91.58,105.44,89.06,99.13,6067135.0,0.0733493218481997,44.62,4.08,0.0914
2021-10-27,98.13,103.54,95.3,100.45,4940993.0,0.0597346994597453,48.7,0.65,0.0133
2021-10-28,100.13,101.57,94.65,95.67,3349846.0,0.0404983459896482,49.35,-2.35,-0.0476
2021-10-29,96.5,98.72,92.68,96.18,2403214.0,0.0290539302580377,47.0,0.25,0.0053
2021-11-01,95.96,99.42,94.21,98.72,3306290.0,0.0399717707506894,47.25,1.25,0.0265
2021-11-02,96.47,98.48,92.97,96.02,2898914.0,0.0350467520495674,48.5,-1.33,-0.0274
2021-11-03,95.68,98.91,94.05,98.32,2937116.0,0.0355085994937474,47.17,1.13,0.024
2021-11-04,98.33,103.72,95.88,103.17,4112679.0,0.0497207027088291,48.3,2.38,0.0493
2021-11-05,100.93,102.97,97.33,97.82,2889356.0,0.0349311995164154,50.68,-2.63,-0.0519
2021-11-08,95.39,97.72,92.79,94.05,1744961.0,0.0210959053987683,48.05,-1.85,-0.0385
2021-11-09,93.46,97.06,93.46,95.41,1380468.0,0.0166893256262042,46.2,0.67,0.0145
2021-11-10,95.02,113.63,94.15,103.41,4804960.0,0.0580901129623332,46.87,3.93,0.0838
2021-11-11,106.87,110.9,103.07,103.47,4207829.0,0.0508710295062148,50.8,0.03,0.0006
2021-11-12,105.1,105.61,99.48,100.97,2866484.0,0.0346546858589293,50.83,-1.23,-0.0242
2021-11-15,99.61,104.21,98.18,103.15,2747769.0,0.0332194673013714,49.6,1.07,0.0216
2021-11-16,101.79,102.1,96.8,98.08,2288880.0,0.027671676300578,50.67,-2.49,-0.0491
2021-11-17,97.74,100.98,97.13,100.98,1666677.0,0.0201494820355888,48.18,1.42,0.0295
2021-11-18,101.28,104.6,98.02,98.96,2256944.0,0.0272855823793872,49.6,-0.99,-0.02
2021-11-19,98.74,99.88,94.48,97.09,2033791.0,0.0245877486871434,48.61,-0.92,-0.0189
2021-11-22,96.07,103.23,95.68,101.81,3069691.0,0.0371113801050285,47.69,2.32,0.0486
2021-11-23,101.79,104.43,97.94,98.0,2271250.0,0.0274585364010729,50.01,-1.87,-0.0374
2021-11-24,96.68,100.77,96.33,97.88,1622737.0,0.0196182643847519,48.14,-0.06,-0.0012
2021-11-25,97.88,101.36,96.7,99.0,1501980.0,0.0181583588348634,48.08,0.55,0.0114
2021-11-26,99.0,99.24,90.93,91.85,2840441.0,0.0343398360346065,48.63,-3.51,-0.0722
2021-11-29,90.91,94.65,90.22,93.96,1428959.0,0.0172755631115644,45.12,1.04,0.023
2021-11-30,95.04,112.76,94.96,112.76,9664837.0,0.1168441512712985,46.16,9.23,0.2
2021-12-01,116.05,118.39,106.67,108.15,7376431.0,0.0891782054478824,55.39,-2.26,-0.0408
2021-12-02,106.65,107.77,100.93,101.11,4619744.0,0.0558509229664891,53.13,-3.46,-0.0651
2021-12-03,100.85,102.87,99.55,100.57,2939225.0,0.0355340964902338,49.67,-0.27,-0.0054
2021-12-06,100.46,100.91,97.31,97.49,2144419.0,0.0259251985341342,49.4,-1.51,-0.0306
2021-12-07,98.59,99.51,93.81,96.29,2076342.0,0.0251021738637651,47.89,-0.59,-0.0123
2021-12-08,96.67,100.89,96.67,99.4,2208024.0,0.0266941584495069,47.3,1.53,0.0323
2021-12-09,97.55,99.59,96.69,96.84,1500305.0,0.0181381087309683,48.83,-1.26,-0.0258
2021-12-10,95.78,99.5,95.47,98.43,1981060.0,0.0239502512372964,47.57,0.78,0.0164
2021-12-13,99.02,99.08,96.09,97.76,1054650.0,0.0127503116853677,48.35,-0.33,-0.0068
2021-12-14,97.35,99.73,96.84,99.73,1122236.0,0.0135674003551324,48.02,0.97,0.0202
2021-12-15,98.55,102.81,98.18,102.15,2220183.0,0.0268411560693641,48.99,1.19,0.0243
2021-12-16,102.14,103.58,100.12,103.05,1828602.0,0.0221070928255695,50.18,0.44,0.0088
2021-12-17,103.66,104.01,99.79,100.22,1409534.0,0.0170407223544523,50.62,-1.39,-0.0275
2021-12-20,99.75,100.98,97.68,98.04,1148870.0,0.0138893951414862,49.23,-1.07,-0.0217
2021-12-21,98.63,99.35,96.72,97.82,852770.0,0.0103096603573992,48.16,-0.11,-0.0023
2021-12-22,97.82,101.01,96.9,99.34,873740.0,0.0105631795685518,48.05,0.75,0.0156
2021-12-23,100.16,106.43,99.02,104.64,2382961.0,0.0288090793003135,48.8,2.6,0.0533
2021-12-24,105.66,106.07,101.79,104.03,2091721.0,0.025288100041558,51.4,-0.3,-0.0058
2021-12-27,104.4,104.85,100.98,101.8,1377483.0,0.0166532381276209,51.1,-1.1,-0.0215
2021-12-28,102.0,105.4,102.0,104.85,1416416.0,0.0171239230798292,50.0,1.5,0.03
2021-12-29,104.89,104.89,100.27,102.53,1255737.0,0.0151813759492236,51.5,-1.14,-0.0221
2021-12-30,103.25,111.07,101.52,108.93,3148324.0,0.0380620227435868,50.36,3.14,0.0624
2021-12-31,110.85,111.7,106.04,108.22,1702820.0,0.0205864369639956,53.5,-0.35,-0.0065
2022-01-04,108.32,110.4,106.96,108.69,1262400.0,0.0152619290490762,53.15,0.23,0.0043
2022-01-05,108.71,108.71,101.05,103.68,1878296.0,0.0227078741168914,53.38,-2.46,-0.0461
2022-01-06,103.72,105.43,102.29,103.05,1228884.0,0.0148567335373455,50.92,-0.31,-0.0061
2022-01-07,102.99,105.02,99.36,99.79,1372689.0,0.016595280516831,50.61,-1.6,-0.0316
2022-01-10,103.14,111.37,97.95,108.6,2230587.0,0.0269669364161849,49.01,4.33,0.0883
2022-01-11,110.78,112.71,106.5,109.21,1692312.0,0.0204593992972911,53.34,0.3,0.0056
2022-01-12,108.6,110.51,106.79,107.58,1036577.0,0.0125318160867429,53.64,-0.8,-0.0149
2022-01-13,107.09,107.79,102.41,102.49,1188675.0,0.0143706222373342,52.84,-2.5,-0.0473
2022-01-14,102.52,105.86,100.79,103.21,848075.0,0.0102528996184215,50.34,0.35,0.007
2022-01-17,103.09,108.79,102.28,108.75,1876971.0,0.0226918553779893,50.69,2.72,0.0537
2022-01-18,108.64,109.82,104.77,105.48,1259779.0,0.0152302421700857,53.41,-1.61,-0.0301
2022-01-19,103.81,107.7,101.61,105.48,1319800.0,0.01595587290793,51.8,0.0,0.0
2022-01-20,105.48,105.5,100.39,101.8,1311939.0,0.015860836450187,51.8,-1.81,-0.0349
2022-01-21,101.84,104.16,100.01,101.59,886350.0,0.0103663433095016,49.99,-0.1,-0.002
2022-01-24,100.36,102.78,99.13,99.6,605071.0,0.0070766330598787,49.89,-0.98,-0.0196
2022-01-25,98.5,102.55,95.93,97.93,741027.0,0.0086667121155413,48.91,-0.82,-0.0168
2022-01-26,99.01,100.25,96.85,98.17,496560.0,0.0058075381438101,48.09,0.12,0.0025
2022-01-27,98.16,99.76,93.45,93.47,628519.0,0.0073508701196419,48.21,-2.31,-0.0479
2022-01-28,93.27,97.32,93.27,95.63,584356.0,0.0068343599153462,45.9,1.06,0.0231
2022-02-07,96.53,98.14,95.31,95.72,422603.0,0.0049425709726691,46.96,0.04,0.0009
2022-02-08,95.23,96.74,93.17,93.48,527530.0,0.0061697490675934,47.0,-1.1,-0.0234
2022-02-09,94.91,94.91,92.02,92.97,470377.0,0.0055013137777328,45.9,-0.25,-0.0054
2022-02-10,92.58,94.09,90.89,91.81,546280.0,0.0063890404728544,45.65,-0.57,-0.0125
2022-02-11,91.81,91.81,86.8,87.78,799530.0,0.0093509363865807,45.08,-1.98,-0.0439
2022-02-14,87.01,88.0,85.17,86.13,596747.0,0.0069792793714844,43.1,-0.81,-0.0188
2022-02-15,85.29,86.92,84.34,85.52,510811.0,0.0059742113073502,42.29,-0.3,-0.0071
2022-02-16,86.31,86.31,84.17,84.5,778936.0,0.0091100784025836,41.99,-0.5,-0.0119
2022-02-17,84.72,88.33,83.19,88.04,1215561.0,0.0142166442597632,41.49,1.74,0.0419
2022-02-18,87.55,87.57,84.38,85.05,798854.0,0.0093430302004497,43.23,-1.47,-0.034
2022-02-21,85.95,87.57,85.07,86.33,584603.0,0.0068372487141249,41.76,0.63,0.0151
2022-02-22,85.38,86.76,83.61,85.3,497299.0,0.0058161811490628,42.39,-0.51,-0.012
2022-02-23,86.29,91.59,86.09,90.39,1305959.0,0.0152738978305787,41.88,2.5,0.0597
2022-02-24,89.61,91.32,86.11,86.86,1002160.0,0.0117208039838102,44.38,-1.73,-0.039
2022-02-25,89.49,90.51,87.92,89.3,629000.0,0.0073564956751582,42.65,1.2,0.0281
2022-02-28,89.73,90.37,87.6,89.43,431920.0,0.0050515383338861,43.85,0.06,0.0014
2022-03-01,90.95,91.04,88.71,90.18,444949.0,0.0052039195455739,43.91,0.37,0.0084
2022-03-02,89.63,89.63,87.62,87.72,470148.0,0.0054986354987032,44.28,-1.21,-0.0273
2022-03-03,87.74,89.17,87.56,87.64,395727.0,0.0046282415962533,43.07,-0.04,-0.0009
2022-03-04,87.94,89.8,86.58,87.72,727750.0,0.0085114304095333,43.03,0.04,0.0009
2022-03-07,87.57,87.98,83.2,86.27,877132.0,0.0102585338069045,43.07,-0.71,-0.0165
2022-03-08,85.54,86.53,83.56,84.48,451077.0,0.005275589824584,42.36,-0.88,-0.0208
2022-03-09,85.25,86.27,81.93,84.21,572619.0,0.0066970893434236,41.48,-0.13,-0.0031
2022-03-10,86.02,90.18,84.72,88.08,829181.0,0.0096977208909752,41.35,1.9,0.0459
2022-03-11,85.02,90.5,85.0,89.85,1248128.0,0.0145975329635039,43.25,0.87,0.0201
2022-03-14,89.85,89.85,85.23,85.25,984349.0,0.0115124946921246,44.12,-2.26,-0.0512
2022-03-15,84.46,93.58,84.46,88.55,1854342.0,0.0216875340274473,41.86,1.62,0.0387
2022-03-16,89.35,97.05,88.0,96.13,3019293.0,0.0353122669261299,43.48,3.72,0.0856
2022-03-17,95.19,96.88,93.28,95.31,2438989.0,0.0285252973454032,47.2,-0.4,-0.0085
2022-03-18,94.29,94.29,91.48,91.48,1459506.0,0.0170697131587719,46.8,-1.88,-0.0402
2022-03-21,90.82,92.35,89.66,92.15,966384.0,0.0113023842870304,44.92,0.33,0.0073
2022-03-22,91.39,92.21,87.97,89.05,1003615.0,0.0117378209968584,45.25,-1.52,-0.0336
2022-03-23,88.91,89.19,86.75,88.56,860160.0,0.010060037074633,43.73,-0.24,-0.0055
2022-03-24,87.97,88.17,85.63,86.53,612398.0,0.0071623262932839,43.49,-1.0,-0.023
2022-03-25,86.57,87.93,85.14,85.59,509110.0,0.0059543171910649,42.49,-0.46,-0.0108
2022-03-28,85.12,85.42,82.92,84.43,481647.0,0.0056331225317217,42.03,-0.57,-0.0136
