date,open,high,low,close,volume,turnover,pre-close,changeamount,change
2015-02-27,16.55,19.86,16.55,19.86,40700.0,0.000814,16.55,3.31,0.2
2015-03-02,21.85,21.85,21.85,21.85,21800.0,0.000436,19.86,1.99,0.1002
2015-03-03,24.04,24.04,24.04,24.04,61250.0,0.001225,21.85,2.19,0.1002
2015-03-04,26.44,26.44,26.44,26.44,200150.0,0.004003,24.04,2.4,0.0998
2015-03-05,27.99,29.08,26.45,29.08,25784886.0,0.51569772,26.44,2.64,0.0998
2015-03-06,29.08,29.08,26.5,26.63,20353780.0,0.4070756,29.08,-2.45,-0.0843
2015-03-09,26.89,26.89,24.51,24.86,11892389.0,0.23784778,26.63,-1.77,-0.0665
2015-03-10,24.8,25.38,24.79,25.15,7685687.0,0.15371374,24.86,0.29,0.0117
2015-03-11,24.91,24.91,24.53,24.59,7002479.0,0.14004958,25.15,-0.56,-0.0223
2015-03-12,24.61,24.69,23.5,23.67,7567302.0,0.15134604,24.59,-0.92,-0.0374
2015-03-13,23.7,23.98,23.68,23.92,4068819.0,0.08137638,23.67,0.25,0.0106
2015-03-16,24.04,24.84,24.04,24.63,6184731.0,0.12369462,23.92,0.71,0.0297
2015-03-17,24.66,24.88,24.49,24.81,6271764.0,0.12543528,24.63,0.18,0.0073
2015-03-18,24.89,25.49,24.76,25.47,7281937.0,0.14563874,24.81,0.66,0.0266
2015-03-19,25.66,26.49,25.3,26.19,9349086.0,0.18698172,25.47,0.72,0.0283
2015-03-20,26.0,26.14,25.62,25.85,6254283.0,0.12508566,26.19,-0.34,-0.013
2015-03-23,25.95,26.13,25.7,26.04,6189450.0,0.123789,25.85,0.19,0.0074
2015-03-24,26.06,26.15,24.83,25.34,7914228.0,0.15828456,26.04,-0.7,-0.0269
2015-03-25,25.36,26.07,25.34,26.04,7876155.0,0.1575231,25.34,0.7,0.0276
2015-03-26,26.1,26.18,25.43,25.7,4754255.0,0.0950851,26.04,-0.34,-0.0131
2015-03-27,25.7,25.98,25.6,25.78,4074473.0,0.08148946,25.7,0.08,0.0031
2015-03-30,26.2,28.18,26.19,28.13,12844862.0,0.25689724,25.78,2.35,0.0912
2015-03-31,28.4,28.45,27.32,27.41,10292325.0,0.2058465,28.13,-0.72,-0.0256
2015-04-01,27.41,27.72,27.15,27.6,6166141.0,0.12332282,27.41,0.19,0.0069
2015-04-02,27.59,28.23,27.41,27.93,6593916.0,0.13187832,27.6,0.34,0.0123
2015-04-03,27.7,28.1,27.51,28.04,6940261.0,0.13880522,27.94,0.1,0.0036
2015-04-07,28.51,30.83,28.51,30.3,13360805.0,0.2672161,28.04,2.26,0.0806
2015-04-08,30.54,30.54,29.07,29.74,8085875.0,0.1617175,30.3,-0.55,-0.0182
2015-04-09,29.69,31.44,29.59,31.26,10803552.0,0.21607104,29.75,1.52,0.0511
2015-04-10,30.65,31.87,30.47,31.61,7265689.0,0.14531378,31.27,0.35,0.0112
2015-04-13,31.97,34.73,31.88,32.47,8558040.0,0.1711608,31.62,0.86,0.0272
2015-04-14,31.99,34.49,31.43,34.02,8154563.0,0.16309126,32.48,1.55,0.0477
2015-04-15,34.03,35.77,32.98,34.99,8531384.0,0.17062768,34.03,0.97,0.0285
2015-04-16,35.5,38.49,35.5,38.44,10798896.0,0.21597792,35.0,3.45,0.0986
2015-04-17,38.49,38.5,36.49,36.54,11220838.0,0.22441676,38.45,-1.9,-0.0494
2015-04-20,35.88,35.89,32.96,33.06,8753361.0,0.17506722,36.55,-3.48,-0.0952
2015-04-21,33.09,34.25,33.09,33.95,4405574.0,0.08811148,33.07,0.89,0.0269
2015-04-22,33.98,35.49,33.97,34.89,3892220.0,0.0778444,33.96,0.94,0.0277
2015-04-23,35.39,35.47,33.87,34.12,4426340.0,0.0885268,34.9,-0.77,-0.0221
2015-04-24,33.54,34.02,32.85,33.9,4921873.0,0.09843746,34.13,-0.22,-0.0064
2015-04-27,34.23,35.52,34.2,34.37,4546575.0,0.0909315,33.91,0.46,0.0136
2015-04-28,34.39,34.67,33.01,33.32,3787962.0,0.07575924,34.37,-1.04,-0.0303
2015-04-29,33.08,34.3,33.01,34.03,2987069.0,0.05974138,33.33,0.71,0.0213
2015-04-30,34.19,34.47,33.69,34.01,2857743.0,0.05715486,34.04,-0.02,-0.0006
2015-05-04,34.36,35.48,33.89,34.99,4545464.0,0.09090928,34.02,0.98,0.0288
2015-05-05,35.2,35.46,33.38,33.39,3514389.0,0.07028778,35.0,-1.6,-0.0457
2015-05-06,33.5,33.83,31.81,32.16,3045819.0,0.06091638,33.4,-1.24,-0.0371
2015-05-07,31.89,32.27,30.89,30.9,2662458.0,0.05324916,32.16,-1.25,-0.0389
2015-05-08,31.5,32.93,31.21,32.89,3596536.0,0.07193072,30.91,1.99,0.0644
2015-05-11,33.39,34.29,32.99,34.28,4221616.0,0.08443232,32.9,1.39,0.0422
2015-05-12,34.63,35.49,34.59,35.33,6106060.0,0.1221212,34.29,1.05,0.0306
2015-05-13,35.29,37.47,34.03,36.74,6028399.0,0.12056798,35.34,1.41,0.0399
2015-05-14,36.54,40.35,36.15,39.76,7718521.0,0.15437042,36.75,3.02,0.0822
2015-05-15,39.11,42.49,37.69,40.56,7484430.0,0.1496886,39.77,0.8,0.0201
2015-05-18,40.79,44.49,39.99,43.25,9001309.0,0.18002618,40.57,2.69,0.0663
2015-05-19,42.75,44.48,40.99,41.83,7231315.0,0.1446263,43.26,-1.42,-0.0328
2015-05-20,41.94,43.49,41.2,41.38,6777426.0,0.13554852,41.84,-0.45,-0.0108
2015-05-21,41.38,42.56,40.99,42.15,4398240.0,0.0879648,41.39,0.77,0.0186
2015-05-22,43.04,46.37,43.04,46.37,8910388.0,0.17820776,42.16,4.22,0.1001
2015-05-25,48.29,51.01,47.29,51.01,6090989.0,0.12181978,46.38,4.64,0.1
2015-05-26,56.11,56.11,56.11,56.11,1193298.0,0.02386596,51.02,5.1,0.1
2015-05-27,61.72,61.72,61.72,61.72,485399.0,0.00970798,56.12,5.61,0.1
2015-05-28,67.88,67.88,60.2,63.61,8190800.0,0.163816,61.73,1.89,0.0306
2015-05-29,65.9,69.97,63.13,69.97,12030718.0,0.24061436,31.74,3.17,0.1
2015-06-01,76.16,76.16,64.14,65.44,33015472.0,0.33015472,34.91,-2.26,-0.0647
2015-06-02,62.75,65.14,61.13,63.65,21329484.0,0.21329484,32.65,-0.89,-0.0273
2015-06-03,63.69,70.02,63.69,70.02,13008515.0,0.13008515,31.76,3.18,0.1001
2015-06-04,76.96,76.96,63.27,73.33,27740558.0,0.27740558,34.94,1.65,0.0472
2015-06-05,73.75,73.91,68.14,70.04,19730468.0,0.19730468,36.59,-1.64,-0.0448
2015-06-08,67.94,67.94,64.13,64.55,15742146.0,0.15742146,34.95,-2.74,-0.0784
2015-06-09,63.91,66.54,61.33,64.91,9973371.0,0.09973371,32.21,0.18,0.0056
2015-06-10,64.13,67.14,62.47,65.89,10741891.0,0.10741891,32.39,0.49,0.0151
2015-06-11,65.89,67.49,64.11,66.61,11967916.0,0.11967916,32.88,0.36,0.0109
2015-06-12,66.13,67.67,64.91,65.13,9851063.0,0.09851063,33.24,-0.74,-0.0223
2015-06-15,63.71,64.43,61.84,61.9,8745310.0,0.0874531,32.5,-1.61,-0.0495
2015-06-16,60.52,60.78,55.79,55.83,9680225.0,0.09680225,30.89,-3.03,-0.0981
2015-06-17,57.31,57.31,51.82,56.93,9075760.0,0.0907576,27.86,0.55,0.0197
2015-06-18,56.95,57.31,52.7,53.07,5712278.0,0.05712278,28.41,-1.93,-0.0679
2015-06-19,51.9,51.9,47.75,47.75,5688101.0,0.05688101,26.48,-2.65,-0.1001
2015-06-23,47.75,47.75,43.16,47.17,8105350.0,0.0810535,23.83,-0.29,-0.0122
2015-06-24,47.85,50.9,47.85,49.69,8060421.0,0.08060421,23.54,1.26,0.0535
2015-06-25,49.72,50.0,45.53,46.47,6306611.0,0.06306611,24.8,-1.61,-0.0649
2015-06-26,44.49,44.49,41.82,41.82,5392588.0,0.05392588,23.19,-2.32,-0.1
2015-06-29,43.31,43.39,37.64,37.64,8295245.0,0.08295245,20.87,-2.09,-0.1001
2015-06-30,35.87,41.26,33.87,40.96,10260526.0,0.10260526,18.78,1.66,0.0884
2015-07-01,40.08,43.01,37.78,37.92,9366438.0,0.09366438,20.44,-1.52,-0.0744
2015-07-02,38.66,39.08,34.13,34.15,7293039.0,0.07293039,18.92,-1.88,-0.0994
2015-07-03,32.5,35.41,30.74,31.68,9030153.0,0.09030153,17.04,-1.23,-0.0722
2015-07-06,34.85,34.85,28.62,30.32,9787187.0,0.09787187,15.81,-0.68,-0.043
2015-07-07,29.04,29.86,27.29,27.29,5018489.0,0.05018489,15.13,-1.51,-0.0998
2015-07-08,24.57,24.57,24.57,24.57,1474600.0,0.014746,13.62,-1.36,-0.0999
2015-07-09,22.1,27.03,22.1,27.03,10169997.0,0.10169997,12.26,1.23,0.1003
2015-07-10,28.39,29.74,28.05,29.74,4215159.0,0.04215159,13.49,1.35,0.1001
2015-07-13,32.7,32.7,31.46,32.7,11895625.0,0.11895625,14.84,1.48,0.0997
2015-07-14,34.98,35.97,33.46,35.87,18135708.0,0.18135708,16.32,1.58,0.0968
2015-07-15,35.06,35.25,32.28,32.28,11012747.0,0.11012747,17.9,-1.79,-0.1
2015-07-16,30.16,34.36,29.05,32.76,9442775.0,0.09442775,16.11,0.24,0.0149
2015-07-17,33.24,35.44,32.06,35.04,9077904.0,0.09077904,16.35,1.14,0.0697
2015-07-20,35.11,37.05,34.64,36.49,11762405.0,0.11762405,17.49,0.72,0.0412
2015-07-21,36.07,37.83,35.07,37.41,9728682.0,0.09728682,18.21,0.46,0.0253
2015-07-22,37.77,39.23,36.77,38.27,11251136.0,0.11251136,18.67,0.43,0.023
2015-07-23,38.07,41.08,37.63,40.48,12007205.0,0.12007205,19.1,1.1,0.0576
2015-07-24,41.08,42.32,38.75,40.22,14119131.0,0.14119131,20.2,-0.13,-0.0064
2015-07-27,38.62,40.68,36.19,36.19,11024190.0,0.1102419,20.07,-2.01,-0.1001
2015-07-28,33.47,36.79,32.57,33.27,10103042.0,0.10103042,18.06,-1.46,-0.0808
2015-07-29,34.07,36.51,32.91,36.41,8428700.0,0.084287,16.6,1.57,0.0946
2015-07-30,36.39,38.06,35.23,35.79,10084616.0,0.10084616,18.17,-0.31,-0.0171
2015-07-31,34.25,37.28,34.25,35.85,7170297.0,0.07170297,17.86,0.03,0.0017
2015-08-03,35.27,39.44,34.45,39.44,14798371.0,0.14798371,17.89,1.79,0.1001
2015-08-04,41.46,42.79,38.9,41.95,20992056.0,0.20992056,19.68,1.25,0.0635
2015-08-05,40.74,45.07,40.32,43.63,20003182.0,0.20003182,20.93,0.84,0.0401
2015-08-06,42.26,43.08,40.48,40.94,12874163.0,0.12874163,21.77,-1.34,-0.0616
2015-08-07,41.42,41.98,39.9,41.42,10004043.0,0.10004043,20.43,0.24,0.0117
2015-08-10,42.06,43.68,41.46,43.52,13835753.0,0.13835753,20.67,1.05,0.0508
2015-08-11,43.38,43.82,42.08,42.3,11960544.0,0.11960544,21.72,-0.61,-0.0281
2015-08-12,41.28,41.88,39.87,40.05,8874274.0,0.08874274,21.11,-1.12,-0.0531
2015-08-13,39.43,41.48,39.43,41.46,7047232.0,0.07047232,19.99,0.7,0.035
2015-08-14,41.48,42.8,40.79,40.98,7023595.0,0.07023595,20.69,-0.24,-0.0116
2015-08-17,40.66,41.48,40.13,40.82,5404275.0,0.05404275,20.45,-0.08,-0.0039
2015-08-18,40.44,41.68,36.73,36.73,8163809.0,0.08163809,20.37,-2.04,-0.1001
2015-08-19,35.07,37.69,33.06,36.85,8582181.0,0.08582181,18.33,0.06,0.0033
2015-08-20,36.83,37.91,35.89,36.03,6441421.0,0.06441421,18.39,-0.41,-0.0223
2015-08-21,34.44,35.61,32.96,33.04,5647172.0,0.05647172,17.98,-1.49,-0.0829
2015-08-24,32.56,32.56,29.73,29.73,3781827.0,0.03781827,16.49,-1.65,-0.1001
2015-08-25,26.77,27.63,26.77,26.77,4358510.0,0.0435851,14.84,-1.48,-0.0997
2015-08-26,26.81,29.36,24.77,26.35,7522555.0,0.07522555,13.36,-0.21,-0.0157
2015-08-27,27.07,27.69,24.05,27.27,6233800.0,0.062338,13.15,0.46,0.035
2015-08-28,27.71,30.0,27.69,30.0,5537432.0,0.05537432,13.61,1.36,0.0999
2015-08-31,31.66,32.06,30.12,30.3,11433853.0,0.11433853,14.97,0.15,0.01
2015-09-01,27.65,29.03,27.27,27.27,6933044.0,0.06933044,15.12,-1.51,-0.0999
2015-09-02,25.81,28.23,25.01,25.29,4690023.0,0.04690023,13.61,-0.99,-0.0727
2015-09-07,26.01,27.01,25.75,25.97,3997145.0,0.03997145,12.62,0.34,0.0269
2015-09-08,26.15,28.31,25.69,28.27,4651565.0,0.04651565,12.96,1.15,0.0887
2015-09-09,29.15,29.71,28.31,29.47,6888832.0,0.06888832,14.11,0.6,0.0425
2015-09-10,29.05,29.13,28.09,28.15,5107987.0,0.05107987,14.71,-0.66,-0.0449
2015-09-11,27.63,28.95,27.63,28.45,3735416.0,0.03735416,14.05,0.15,0.0107
2015-09-14,28.41,28.85,25.61,25.61,5212802.0,0.05212802,14.2,-1.42,-0.1
2015-09-15,25.05,26.01,23.56,23.8,4106808.0,0.04106808,12.78,-0.9,-0.0704
2015-09-16,23.98,26.19,23.98,26.19,3694612.0,0.03694612,11.88,1.19,0.1002
2015-09-17,26.25,27.77,25.67,25.81,6200998.0,0.06200998,13.07,-0.19,-0.0145
2015-09-18,26.45,27.25,25.81,26.55,3937627.0,0.03937627,12.88,0.37,0.0287
2015-09-21,26.25,28.41,25.87,28.17,5114508.0,0.05114508,13.25,0.81,0.0611
2015-09-22,27.93,28.61,27.65,28.11,5421656.0,0.05421656,14.06,-0.03,-0.0021
2015-09-23,27.89,28.23,27.19,27.79,3857827.0,0.03857827,14.03,-0.16,-0.0114
2015-09-24,28.35,29.63,28.05,28.59,5283106.0,0.05283106,13.87,0.4,0.0288
2015-09-25,28.79,28.79,26.05,26.73,4684980.0,0.0468498,14.27,-0.93,-0.0652
2015-09-28,26.75,27.53,25.71,27.29,2811531.0,0.02811531,13.34,0.28,0.021
2015-09-29,26.31,26.99,26.31,26.55,2232320.0,0.0223232,13.62,-0.37,-0.0272
2015-09-30,26.65,29.21,26.61,29.21,4901305.0,0.04901305,13.25,1.33,0.1004
2015-10-08,32.06,32.06,30.29,30.68,12291190.0,0.1229119,14.58,0.73,0.0501
2015-10-09,30.45,30.85,29.85,30.61,7732111.0,0.07732111,15.31,-0.03,-0.002
2015-10-12,30.47,32.6,30.47,31.88,8981535.0,0.08981535,15.28,0.63,0.0412
2015-10-13,31.66,32.96,31.46,32.42,7443328.0,0.07443328,15.91,0.27,0.017
2015-10-14,32.06,33.16,31.54,31.6,7480835.0,0.07480835,16.18,-0.41,-0.0253
2015-10-15,31.06,32.42,31.06,32.38,6508482.0,0.06508482,15.77,0.39,0.0247
2015-10-16,32.96,33.04,32.0,32.76,7799047.0,0.07799047,16.16,0.19,0.0118
2015-10-19,33.46,34.46,32.82,33.84,9849713.0,0.09849713,16.35,0.54,0.033
2015-10-20,33.1,34.12,32.64,34.02,7375653.0,0.07375653,16.89,0.09,0.0053
2015-10-21,34.02,34.36,30.61,30.61,9284056.0,0.09284056,16.98,-1.7,-0.1001
2015-10-22,29.99,31.5,29.65,31.34,5740771.0,0.05740771,15.28,0.36,0.0236
2015-10-23,31.34,32.38,30.96,32.02,5495366.0,0.05495366,15.64,0.34,0.0217
2015-10-26,32.24,33.6,32.24,32.66,5816918.0,0.05816918,15.98,0.32,0.02
2015-10-27,32.64,32.76,30.43,32.32,5598603.0,0.05598603,16.3,-0.17,-0.0104
2015-10-28,31.86,32.26,31.01,31.15,4751447.0,0.04751447,16.13,-0.58,-0.036
2015-10-29,31.33,31.87,31.31,31.67,3341423.0,0.03341423,15.55,0.26,0.0167
2015-10-30,31.78,32.12,30.83,31.66,3861645.0,0.03861645,15.81,-0.01,-0.0006
2015-11-02,30.85,33.12,30.07,32.7,8027264.0,0.08027264,15.8,0.52,0.0329
2015-11-03,32.48,34.66,32.48,34.58,13139344.0,0.13139344,16.32,0.94,0.0576
2015-11-04,34.6,35.84,33.84,35.82,14694499.0,0.14694499,17.26,0.62,0.0359
2015-11-05,35.22,35.82,34.52,34.62,11582033.0,0.11582033,17.88,-0.6,-0.0336
2015-11-06,34.88,36.86,34.62,36.56,14238161.0,0.14238161,17.28,0.97,0.0561
2015-11-09,38.1,38.44,35.66,36.92,14596617.0,0.14596617,18.25,0.18,0.0099
2015-11-10,36.26,36.8,35.66,36.14,10186337.0,0.10186337,18.43,-0.39,-0.0212
2015-11-11,36.14,37.76,35.76,37.6,10312538.0,0.10312538,18.04,0.73,0.0405
2015-11-12,37.66,41.37,37.46,41.37,18185086.0,0.18185086,18.77,1.88,0.1002
2015-11-13,42.07,43.67,39.06,39.91,24306080.0,0.2430608,20.65,-0.73,-0.0354
2015-11-16,39.27,39.83,37.3,39.71,10485799.0,0.10485799,19.92,-0.1,-0.005
2015-11-17,39.87,41.05,37.92,38.4,11509265.0,0.11509265,19.82,-0.65,-0.0328
2015-11-18,38.65,38.81,36.26,36.72,7700555.0,0.07700555,19.17,-0.84,-0.0438
2015-11-19,36.72,38.21,36.36,38.17,6405006.0,0.06405006,18.33,0.72,0.0393
2015-11-20,38.26,38.57,37.36,38.18,7516085.0,0.07516085,19.05,0.01,0.0005
2015-11-23,37.52,39.26,37.38,38.78,8795950.0,0.0879595,19.06,0.3,0.0157
2015-11-24,38.26,40.43,38.26,40.33,9528035.0,0.09528035,19.36,0.77,0.0398
2015-11-25,40.47,40.61,39.67,39.97,7834866.0,0.07834866,20.13,-0.18,-0.0089
2015-11-26,40.09,40.77,39.17,39.23,6935526.0,0.06935526,19.95,-0.37,-0.0185
2015-11-27,38.97,39.67,35.44,35.62,9067772.0,0.09067772,19.58,-1.8,-0.0919
2015-11-30,35.1,36.23,33.06,35.75,7549991.0,0.07549991,17.78,0.06,0.0034
2015-12-01,35.82,37.05,35.74,36.85,5827756.0,0.05827756,17.84,0.55,0.0308
2015-12-02,36.39,36.55,34.06,35.56,4039612.0,0.04039612,18.39,-0.64,-0.0348
2015-12-03,35.8,36.63,35.8,36.45,3309515.0,0.03309515,17.75,0.44,0.0248
2015-12-04,36.63,37.75,36.37,36.81,5690568.0,0.05690568,18.19,0.18,0.0099
2015-12-07,36.67,37.03,36.26,36.69,4324040.0,0.0432404,18.37,-0.06,-0.0033
2015-12-08,36.7,36.8,35.22,35.4,4089030.0,0.0408903,18.31,-0.64,-0.035
2015-12-09,35.62,35.64,34.12,34.42,3924664.0,0.03924664,17.67,-0.49,-0.0277
2015-12-10,35.3,35.3,34.18,34.54,2526568.0,0.02526568,17.18,0.06,0.0035
2015-12-11,34.92,34.92,33.66,34.02,2726638.0,0.02726638,17.24,-0.26,-0.0151
2015-12-14,34.14,35.66,33.88,35.46,3538991.0,0.03538991,16.98,0.72,0.0424
2015-12-15,35.42,36.38,35.06,35.76,3836873.0,0.03836873,17.7,0.15,0.0085
2015-12-16,36.1,36.4,35.38,35.86,3537378.0,0.03537378,17.85,0.05,0.0028
2015-12-17,36.16,37.09,36.08,37.07,5099931.0,0.05099931,17.9,0.6,0.0335
2015-12-18,37.22,38.01,36.68,36.88,6051756.0,0.06051756,18.5,-0.09,-0.0049
2015-12-21,37.04,37.64,36.38,37.22,4105978.0,0.04105978,18.41,0.17,0.0092
2015-12-22,37.58,37.62,36.72,37.24,3768041.0,0.03768041,18.58,0.01,0.0005
2015-12-23,37.38,38.02,37.02,37.42,5588872.0,0.05588872,18.59,0.09,0.0048
2015-12-24,37.28,37.5,36.06,36.88,4114509.0,0.04114509,18.68,-0.27,-0.0145
2015-12-25,40.46,40.48,37.62,38.0,8836498.0,0.08836498,18.41,0.56,0.0304
2015-12-28,38.04,40.24,37.56,39.62,10996371.0,0.10996371,18.97,0.81,0.0427
2015-12-29,39.06,43.47,38.76,42.73,18254157.0,0.18254157,19.78,1.55,0.0784
2015-12-30,42.07,42.47,41.07,41.27,11568212.0,0.11568212,21.33,-0.73,-0.0342
2015-12-31,41.3,42.63,39.82,39.98,7152339.0,0.07152339,20.6,-0.64,-0.0311
2016-01-04,39.46,39.7,35.98,35.98,6397585.0,0.06397585,19.96,-2.0,-0.1002
2016-01-05,32.87,35.46,32.59,33.79,9015938.0,0.09015938,17.96,-1.09,-0.0607
2016-01-06,33.79,34.65,33.55,34.57,5049099.0,0.05049099,16.87,0.39,0.0231
2016-01-07,34.29,34.29,31.11,31.13,1404400.0,0.014044,17.26,-1.72,-0.0997
2016-01-08,32.27,33.15,29.24,31.49,5003558.0,0.05003558,15.54,0.18,0.0116
2016-01-11,30.93,30.93,28.34,28.34,5283999.0,0.05283999,15.72,-1.57,-0.0999
2016-01-12,27.64,28.78,27.4,28.28,3481052.0,0.03481052,14.15,-0.03,-0.0021
2016-01-13,28.48,28.64,26.6,26.72,3089156.0,0.03089156,14.12,-0.78,-0.0552
2016-01-14,26.04,28.54,25.7,28.04,3315858.0,0.03315858,13.34,0.66,0.0495
2016-01-15,28.07,28.45,26.64,27.28,3177907.0,0.03177907,14.0,-0.38,-0.0271
2016-01-18,27.24,28.31,26.54,27.93,2686191.0,0.02686191,13.62,0.32,0.0235
2016-01-19,28.05,29.27,27.75,29.07,3595089.0,0.03595089,13.94,0.57,0.0409
2016-01-20,29.07,29.33,28.25,28.65,3197981.0,0.03197981,14.51,-0.21,-0.0145
2016-01-21,28.06,28.99,27.26,27.44,2862047.0,0.02862047,14.3,-0.6,-0.042
2016-01-22,27.74,28.04,26.94,28.02,2285600.0,0.022856,13.7,0.29,0.0212
2016-01-25,28.24,28.76,27.84,28.22,2112520.0,0.0211252,13.99,0.1,0.0071
2016-01-26,27.7,27.82,25.4,25.4,3122000.0,0.03122,14.09,-1.41,-0.1001
2016-01-27,25.48,26.04,23.44,24.86,2822765.0,0.02822765,12.68,-0.27,-0.0213
2016-01-28,24.72,24.84,23.46,23.78,1849215.0,0.01849215,12.41,-0.54,-0.0435
2016-01-29,23.78,25.0,23.78,24.76,2073175.0,0.02073175,11.87,0.49,0.0413
2016-02-01,24.72,25.02,24.28,24.76,1647561.0,0.01647561,12.36,0.0,0.0
2016-02-02,24.72,25.74,24.7,25.52,1839795.0,0.01839795,12.36,0.38,0.0307
2016-02-03,25.14,25.7,24.86,25.58,1624704.0,0.01624704,12.74,0.03,0.0024
2016-02-04,25.86,26.74,25.64,26.38,2846555.0,0.02846555,12.77,0.4,0.0313
2016-02-05,26.4,26.64,26.04,26.4,2069864.0,0.02069864,13.17,0.01,0.0008
2016-02-15,24.52,26.3,24.52,25.88,1375158.0,0.01375158,13.18,-0.26,-0.0197
2016-02-16,25.92,26.94,25.92,26.92,2700165.0,0.02700165,12.92,0.52,0.0402
2016-02-17,27.04,27.7,26.6,27.64,3114616.0,0.03114616,13.44,0.36,0.0268
2016-02-18,27.64,27.94,27.3,27.5,3044794.0,0.03044794,13.8,-0.07,-0.0051
2016-02-19,27.12,27.6,27.04,27.4,2314730.0,0.0231473,13.73,-0.05,-0.0036
2016-02-22,27.84,28.3,27.58,28.18,3735902.0,0.03735902,13.68,0.39,0.0285
2016-02-23,28.22,28.42,27.36,27.68,2479065.0,0.02479065,14.07,-0.25,-0.0178
2016-02-24,27.68,27.74,26.64,27.32,2980713.0,0.02980713,13.82,-0.18,-0.013
2016-02-25,27.28,27.28,24.6,24.6,3467405.0,0.03467405,13.64,-1.36,-0.0997
2016-02-26,24.8,25.24,24.06,24.82,2684636.0,0.02684636,12.28,0.11,0.009
2016-02-29,24.64,24.8,22.66,23.08,2937600.0,0.0222757918347878,12.39,-0.87,-0.0702
2016-03-01,23.88,23.94,22.94,23.84,2667172.0,0.0202251389772517,11.52,0.38,0.033
2016-03-02,23.56,25.24,23.54,25.08,3388986.0,0.0256986474220487,11.9,0.62,0.0521
2016-03-03,24.84,26.04,24.66,25.36,4485091.0,0.0340104008292758,12.52,0.14,0.0112
2016-03-04,25.34,25.38,23.94,24.36,3338680.0,0.025317177520074,12.66,-0.5,-0.0395
2016-03-07,24.74,25.94,24.64,25.8,3662842.0,0.0277752947697842,12.16,0.72,0.0592
2016-03-08,25.8,26.8,24.4,26.6,5519782.0,0.0418564524800548,12.88,0.4,0.0311
2016-03-09,25.84,26.18,25.22,25.32,3125074.0,0.0236974053282638,13.28,-0.64,-0.0482
2016-03-10,25.38,25.8,24.64,24.7,2035269.0,0.0154334247589177,12.64,-0.31,-0.0245
2016-03-11,24.4,24.88,24.12,24.58,1863139.0,0.0141281646661474,12.33,-0.06,-0.0049
2016-03-14,25.04,25.88,24.84,25.36,3106668.0,0.0235578328117499,12.27,0.39,0.0318
2016-03-15,25.24,25.8,25.08,25.58,2791215.0,0.0211657558231677,12.66,0.11,0.0087
2016-03-16,25.66,25.82,24.6,24.92,2240301.0,0.016988180393269,12.77,-0.33,-0.0258
2016-03-17,25.06,25.82,24.88,25.66,2884238.0,0.0218711483149458,12.44,0.37,0.0297
2016-03-18,25.64,26.68,25.64,26.46,5098720.0,0.0386635434857944,12.81,0.4,0.0312
2016-03-21,26.8,27.61,26.6,27.53,6638267.0,0.0503379132066114,13.21,0.53,0.0401
2016-03-22,27.39,27.57,26.84,27.08,4824418.0,0.0365835141244565,13.74,-0.22,-0.016
2016-03-23,26.92,27.55,26.64,27.49,3756058.0,0.0284821507786593,13.52,0.2,0.0148
2016-03-24,27.28,28.05,26.8,27.08,5182797.0,0.0393010985477815,13.72,-0.2,-0.0146
2016-03-25,26.95,27.29,26.48,26.97,3170168.0,0.0240393526856297,13.52,-0.06,-0.0044
2016-03-28,27.37,27.55,26.8,26.97,3165570.0,0.0240044860969667,13.46,0.0,0.0
2016-03-29,27.43,27.43,26.08,26.26,3291108.0,0.0249564395131417,13.46,-0.35,-0.026
2016-03-30,26.59,27.27,26.44,27.25,3341577.0,0.0253391454425091,13.11,0.49,0.0374
2016-03-31,27.43,27.81,27.21,27.33,4305234.0,0.0326465469716949,13.6,0.04,0.0029
2016-04-01,27.43,29.05,26.99,28.71,8449295.0,0.0640709206735818,13.64,0.69,0.0506
2016-04-05,28.47,29.03,27.87,28.81,9320882.0,0.0706801563005927,14.33,0.05,0.0035
2016-04-06,28.85,28.91,27.91,28.37,7073579.0,0.0536388798103645,14.38,-0.22,-0.0153
2016-04-07,28.47,28.55,27.75,27.83,5738038.0,0.0435114855760153,14.16,-0.27,-0.0191
2016-04-08,27.45,27.87,27.04,27.83,4594274.0,0.0348383344417137,13.89,0.0,0.0
2016-04-11,27.87,28.81,27.85,28.65,6431992.0,0.0487737319155163,13.89,0.41,0.0295
2016-04-12,28.67,29.39,28.47,28.95,8506494.0,0.0645046601265904,14.3,0.15,0.0105
2016-04-13,28.95,29.45,28.67,28.83,10353684.0,0.0785118836829976,14.45,-0.06,-0.0042
2016-04-14,28.81,29.33,28.4,29.13,5951950.0,0.0451335781628083,14.39,0.15,0.0104
2016-04-15,29.16,29.53,28.56,29.41,8459764.0,0.0641503069973558,14.54,0.14,0.0096
2016-04-18,29.06,29.48,28.66,28.82,5807993.0,0.0440419536512476,14.68,-0.29,-0.0198
2016-04-19,28.88,29.14,28.44,28.68,4426491.0,0.0335660376070813,14.39,-0.07,-0.0049
2016-04-20,28.74,28.84,26.8,27.22,7146897.0,0.0541948494814372,14.32,-0.73,-0.051
2016-04-21,27.04,27.74,26.8,26.88,3843205.0,0.0291429856203758,13.59,-0.17,-0.0125
2016-04-22,26.42,27.34,26.2,27.28,2724755.0,0.020661790298474,13.42,0.2,0.0149
2016-04-25,27.24,27.44,26.48,26.96,3017329.0,0.022880376055647,13.62,-0.16,-0.0117
2016-04-26,26.96,27.36,26.64,27.28,3590136.0,0.0272239658886771,13.46,0.16,0.0119
2016-04-27,27.24,27.42,26.64,26.9,3815236.0,0.0289308969691546,13.62,-0.19,-0.014
2016-04-28,26.96,27.06,26.0,26.66,3842171.0,0.0291351448085712,13.43,-0.12,-0.0089
2016-04-29,26.7,27.18,26.46,26.86,2694265.0,0.0204305849291104,13.31,0.1,0.0075
2016-05-03,26.86,27.58,26.26,27.44,5531621.0,0.0419462275003203,13.41,0.29,0.0216
2016-05-04,27.26,28.44,27.08,27.78,7269260.0,0.0551227269039182,13.7,0.17,0.0124
2016-05-05,27.82,27.88,27.24,27.6,4014769.0,0.0304439537407269,13.87,-0.09,-0.0065
2016-05-06,27.6,27.9,26.38,26.56,5292914.0,0.04013611467301,13.78,-0.52,-0.0377
2016-05-09,26.28,26.28,24.36,24.64,5338800.0,0.0404840677585666,13.26,-0.96,-0.0724
2016-05-10,24.84,25.78,24.42,24.82,2458528.0,0.0186429935825154,12.3,0.09,0.0073
2016-05-11,25.0,25.18,24.59,24.63,2286409.0,0.0173378169026366,12.39,-0.09,-0.0073
2016-05-12,24.41,24.43,23.61,24.31,2871908.0,0.0217776500465216,12.3,-0.16,-0.013
2016-05-13,24.25,24.79,24.09,24.75,2295914.0,0.0174098932239158,12.14,0.22,0.0181
2016-05-16,24.45,24.94,24.17,24.92,2522757.0,0.019130041456207,12.36,0.08,0.0065
2016-05-17,24.84,24.98,24.6,24.72,2390417.0,0.0181265085411009,12.44,-0.1,-0.008
2016-05-18,24.7,24.7,23.67,23.95,2327362.0,0.0176483630978334,12.34,-0.38,-0.0308
2016-05-19,23.94,24.66,23.92,24.22,1964651.0,0.0148979291612227,11.96,0.13,0.0109
2016-05-20,24.14,24.54,23.49,24.46,1479507.0,0.0112190869928211,11.94,0.12,0.0101
2016-05-23,24.87,26.04,24.5,25.43,4037258.0,0.0306144876059817,12.06,0.48,0.0398
2016-05-24,25.41,25.41,24.81,24.95,1753306.0,0.0132953021101186,12.54,-0.24,-0.0191
2016-05-25,25.25,25.35,24.68,24.95,1888550.0,0.0143208560285909,12.3,0.0,0.0
2016-05-26,25.09,25.11,24.34,25.03,2110424.0,0.0160033243828773,12.3,0.04,0.0033
2016-05-27,25.11,25.13,24.75,24.81,1440363.0,0.0109222584267873,12.34,-0.11,-0.0089
2016-05-30,24.85,25.05,24.36,24.71,1532608.0,0.0116217513522367,12.23,-0.05,-0.0041
2016-05-31,24.87,25.64,24.75,25.6,4617140.0,0.0350117270942512,12.18,0.44,0.0361
2016-06-01,25.54,25.9,25.27,25.74,4453551.0,0.0337712333202653,12.62,0.07,0.0055
2016-06-02,25.74,26.04,25.56,25.98,3275282.0,0.0248364311111886,12.69,0.12,0.0095
2016-06-03,25.96,26.17,25.58,25.98,3398502.0,0.0257708071562194,12.81,0.0,0.0
2016-06-06,26.13,26.13,25.78,25.98,2142230.0,0.0162445089672649,12.81,0.0,0.0
2016-06-07,26.04,26.33,25.58,26.19,3164313.0,0.0239949542783609,12.81,0.1,0.0078
2016-06-08,26.14,26.14,25.58,25.92,2771741.0,0.0210180846731845,12.91,-0.13,-0.0101
2016-06-13,25.37,25.74,24.26,24.42,3319534.0,0.0251719935908567,12.78,-0.74,-0.0579
2016-06-14,24.24,24.64,23.93,24.48,1576286.0,0.0119529611955645,12.04,0.03,0.0025
2016-06-15,24.24,25.33,23.97,25.13,2609800.0,0.019790087666949,12.07,0.32,0.0265
2016-06-16,24.93,25.29,24.78,24.97,1889373.0,0.0143270968294759,12.39,-0.08,-0.0065
2016-06-17,24.99,25.45,24.89,25.15,2353398.0,0.0178457938291142,12.31,0.09,0.0073
2016-06-20,25.31,25.96,24.76,25.82,4475045.0,0.0339342221103309,12.4,0.33,0.0266
2016-06-21,25.86,26.08,25.23,25.49,3812228.0,0.028908087334814,12.73,-0.16,-0.0126
2016-06-22,25.35,25.9,25.07,25.84,2392173.0,0.0181398242717865,12.57,0.17,0.0135
2016-06-23,25.84,25.86,25.15,25.51,2588018.0,0.019624914975723,12.74,-0.16,-0.0126
2016-06-24,25.49,25.8,24.42,25.15,3018813.0,0.0228916292130145,12.58,-0.18,-0.0143
2016-06-27,24.7,25.78,24.64,25.72,3217938.0,0.0244015921246097,12.4,0.28,0.0226
2016-06-28,25.71,26.26,25.55,26.22,4714916.0,0.035753161538164,12.68,0.25,0.0197
2016-06-29,26.26,27.38,26.24,27.25,8307964.0,0.0629992090941284,12.93,0.51,0.0394
2016-06-30,27.4,27.44,26.73,27.03,4244652.0,0.0321871542630433,13.44,-0.11,-0.0082
2016-07-01,27.84,27.88,26.77,27.09,4998363.0,0.0379025373443306,13.33,0.03,0.0023
2016-07-04,26.91,27.42,26.89,27.36,5152972.0,0.0390749358668608,13.36,0.13,0.0097
2016-07-05,27.36,28.33,27.03,27.84,7112231.0,0.0539319775452495,13.49,0.24,0.0178
2016-07-06,27.46,27.82,27.07,27.46,4250834.0,0.0322340323080877,13.73,-0.19,-0.0138
2016-07-07,27.32,28.05,27.18,27.82,6092622.0,0.0462002925517595,13.54,0.18,0.0133
2016-07-08,27.74,28.29,27.34,27.97,5952547.0,0.0451381052079217,13.72,0.07,0.0051
2016-07-11,27.97,28.19,27.46,27.64,5057609.0,0.0383517991781555,13.79,-0.16,-0.0116
2016-07-12,27.48,27.82,26.85,27.7,4872989.0,0.0369518275385386,13.63,0.03,0.0022
2016-07-13,27.82,28.23,27.62,28.01,4326458.0,0.0328074883544228,13.66,0.15,0.011
2016-07-14,28.13,28.13,27.58,27.86,2969655.0,0.0225188645837203,13.81,-0.07,-0.0051
2016-07-15,27.74,27.97,27.32,27.52,3076545.0,0.0233294103997676,13.74,-0.17,-0.0124
2016-07-18,27.42,27.52,27.07,27.24,2515414.0,0.0190743595596102,13.57,-0.14,-0.0103
2016-07-19,26.89,27.48,26.89,27.48,2544943.0,0.0192982776754495,13.43,0.12,0.0089
2016-07-20,27.56,28.67,27.54,27.96,8379714.0,0.0635432886366617,13.55,0.24,0.0177
2016-07-21,27.78,28.09,27.58,27.98,4418287.0,0.033503826755974,13.79,0.01,0.0007
2016-07-22,27.78,28.09,27.46,27.58,3220692.0,0.0244224756794548,13.8,-0.2,-0.0145
2016-07-25,27.38,27.88,27.27,27.52,2166311.0,0.0164271149528224,13.6,-0.03,-0.0022
2016-07-26,27.52,28.02,27.29,28.0,3717597.0,0.028190501394891,13.57,0.24,0.0177
2016-07-27,28.09,28.09,25.96,26.08,7176926.0,0.0544225590923464,13.81,-0.95,-0.0688
2016-07-28,26.06,26.28,25.27,25.75,3345040.0,0.0253654053373634,12.86,-0.16,-0.0124
2016-07-29,25.88,26.18,25.57,25.8,2170360.0,0.0164578184798986,12.7,0.02,0.0016
2016-08-01,25.82,25.86,25.19,25.49,1583620.0,0.0120085748452501,12.72,-0.15,-0.0118
2016-08-02,25.59,26.02,24.76,25.94,1872071.0,0.0141958959340765,12.57,0.22,0.0175
2016-08-03,25.96,26.1,25.75,26.02,1875000.0,0.0142181065121961,12.79,0.04,0.0031
2016-08-04,26.06,26.06,25.67,25.96,1389185.0,0.0105341761574107,12.83,-0.03,-0.0023
2016-08-05,25.96,26.02,25.71,25.71,1338400.0,0.010149074003159,12.8,-0.12,-0.0094
2016-08-08,25.55,26.16,25.53,26.14,1818029.0,0.0137860959809393,12.68,0.21,0.0166
2016-08-09,26.16,26.39,26.0,26.26,1667519.0,0.0126447801349923,12.89,0.06,0.0047
2016-08-10,26.22,26.71,26.16,26.37,2165885.0,0.0164238845990228,12.95,0.05,0.0039
2016-08-11,26.18,26.37,25.84,25.86,1875002.0,0.0142181216781763,13.0,-0.25,-0.0192
2016-08-12,26.0,26.12,25.74,26.08,1385929.0,0.0105094859415154,12.75,0.11,0.0086
2016-08-15,26.04,26.67,26.0,26.55,2818416.0,0.0213720207379614,12.86,0.23,0.0179
2016-08-16,26.49,27.22,26.49,27.14,4406259.0,0.0334126185505721,13.09,0.29,0.0222
2016-08-17,27.14,27.18,26.67,26.96,3240524.0,0.0245728615399081,13.38,-0.09,-0.0067
2016-08-18,26.8,27.18,26.8,27.1,3201969.0,0.0242804993550666,13.29,0.07,0.0053
2016-08-19,26.94,27.51,26.88,27.3,3934702.0,0.0298368064692005,13.36,0.1,0.0075
2016-08-22,27.99,27.99,26.98,27.08,5305202.0,0.0402292944558484,13.46,-0.11,-0.0082
2016-08-23,26.82,27.22,26.63,26.86,2305208.0,0.0174803695342754,13.35,-0.11,-0.0082
2016-08-24,26.94,27.65,26.78,27.1,3570951.0,0.0270784862228443,13.24,0.12,0.0091
2016-08-25,27.1,27.14,26.33,26.68,3776635.0,0.0286381859667667,13.36,-0.21,-0.0157
2016-08-26,26.67,27.24,26.57,26.76,3773283.0,0.028612767783818,13.15,0.04,0.003
2016-08-29,26.76,26.98,26.33,26.51,3591467.0,0.0235304673705452,13.19,-0.12,-0.0091
2016-08-30,26.78,27.28,26.63,27.14,4803314.0,0.0314702107376966,13.07,0.31,0.0237
2016-08-31,27.16,27.16,26.65,27.0,2623052.0,0.0171856345881065,13.38,-0.07,-0.0052
2016-09-01,26.98,27.12,26.61,26.69,2610131.0,0.017100979162094,13.31,-0.15,-0.0113
2016-09-02,26.59,27.26,26.47,27.24,3932475.0,0.0257646735088989,13.16,0.27,0.0205
2016-09-05,27.18,27.44,26.98,27.06,3706274.0,0.0242826564808475,13.43,-0.09,-0.0067
2016-09-06,27.0,27.48,26.57,27.4,4386950.0,0.0287422893851491,13.34,0.17,0.0127
2016-09-07,27.34,27.91,27.2,27.46,6594539.0,0.0432059057658855,13.51,0.03,0.0022
2016-09-08,27.38,28.66,27.18,28.62,10718916.0,0.0702278771280969,13.54,0.57,0.0421
2016-09-09,28.4,28.68,27.79,27.83,8385054.0,0.0549369490370535,14.11,-0.39,-0.0276
2016-09-12,27.2,28.78,26.9,28.66,11567896.0,0.0757901992065806,13.72,0.41,0.0299
2016-09-13,28.97,30.53,28.5,29.88,18533379.0,0.1214264449110761,14.13,0.6,0.0425
2016-09-14,29.27,29.55,28.36,28.6,11448422.0,0.0750074329835779,14.73,-0.63,-0.0428
2016-09-19,28.62,30.59,28.24,30.55,14369615.0,0.0941464189660651,14.1,0.96,0.0681
2016-09-20,30.43,31.38,29.84,30.18,14676981.0,0.0961602104428669,15.06,-0.18,-0.012
2016-09-21,30.02,30.22,29.47,29.57,7620075.0,0.0499249822283226,14.88,-0.3,-0.0202
2016-09-22,30.02,30.04,29.41,29.69,6950554.0,0.045538434323415,14.58,0.06,0.0041
2016-09-23,29.75,30.63,29.47,30.26,10072581.0,0.0659932385728933,14.64,0.28,0.0191
2016-09-26,29.81,30.08,28.5,28.7,7921138.0,0.0518974778959644,14.92,-0.77,-0.0516
2016-09-27,28.39,28.8,27.83,28.74,6073816.0,0.03979424820072,14.15,0.02,0.0014
2016-09-28,28.62,28.74,28.21,28.56,3467398.0,0.0227175957623148,14.17,-0.09,-0.0064
2016-09-29,28.56,28.74,28.29,28.35,3066587.0,0.0200915740956099,14.08,-0.1,-0.0071
2016-09-30,28.53,28.55,28.01,28.11,3510753.0,0.0230016477702687,13.98,-0.12,-0.0086
2016-10-10,28.13,29.1,28.09,28.98,4412030.0,0.0289066077880895,13.86,0.43,0.031
2016-10-11,29.1,29.2,28.64,29.06,4222633.0,0.0276657221197598,14.29,0.04,0.0028
2016-10-12,29.16,29.35,28.8,29.33,4730121.0,0.0309906670029908,14.33,0.13,0.0091
2016-10-13,29.35,29.49,29.0,29.26,4543470.0,0.0297677724963228,14.46,-0.03,-0.0021
2016-10-14,28.92,28.92,28.27,28.55,4975606.0,0.0325990283724419,14.43,-0.35,-0.0243
2016-10-17,28.45,28.65,27.8,27.98,4548631.0,0.0298015861836264,14.08,-0.28,-0.0199
2016-10-18,27.6,28.86,27.6,28.75,5146150.0,0.0337163935124368,13.8,0.38,0.0275
2016-10-19,28.87,29.04,28.39,28.55,3670590.0,0.0240488631040322,14.18,-0.1,-0.0071
2016-10-20,28.69,29.5,28.51,29.34,7922821.0,0.0519085045256354,14.08,0.39,0.0277
2016-10-21,29.24,29.34,28.63,29.1,5109187.0,0.0334742204212133,14.47,-0.12,-0.0083
2016-10-24,29.0,29.42,28.81,29.3,4518980.0,0.0296073196379491,14.35,0.1,0.007
2016-10-25,29.36,29.71,29.08,29.16,4110381.0,0.0269302727829627,14.45,-0.07,-0.0048
2016-10-26,29.14,29.77,29.02,29.67,6308321.0,0.0413306711306062,14.38,0.25,0.0174
2016-10-27,29.4,30.17,29.36,30.03,7382278.0,0.0483669908701078,14.63,0.18,0.0123
2016-10-28,29.99,30.5,29.79,30.08,11572273.0,0.0758188763058497,14.81,0.02,0.0014
2016-10-31,29.75,29.93,29.31,29.79,5262043.0,0.0344756978454502,14.83,-0.14,-0.0094
2016-11-01,29.77,30.48,29.65,29.99,7686690.0,0.0503614284169939,14.69,0.1,0.0068
2016-11-02,29.93,30.28,29.57,30.18,6236034.0,0.0408570632999302,14.79,0.09,0.0061
2016-11-03,30.18,30.28,29.79,29.83,7313376.0,0.0479155607824124,14.88,-0.17,-0.0114
2016-11-04,29.75,30.1,29.43,29.49,5132171.0,0.033624806313286,14.71,-0.17,-0.0116
2016-11-07,29.57,30.32,29.49,30.3,7246967.0,0.0474804642584542,14.54,0.4,0.0275
2016-11-08,30.48,30.54,29.93,30.1,4894004.0,0.0320643908000039,14.94,-0.1,-0.0067
2016-11-09,30.12,30.22,29.2,29.65,5691379.0,0.0372886087643033,14.84,-0.22,-0.0148
2016-11-10,29.79,30.18,29.77,29.99,5532643.0,0.0362486069298076,14.62,0.17,0.0116
2016-11-11,29.99,31.01,29.99,30.85,10945676.0,0.0717135565958311,14.79,0.42,0.0284
2016-11-14,30.79,31.6,30.72,30.99,10441084.0,0.0684075856398295,15.21,0.07,0.0046
2016-11-15,30.95,31.21,30.52,31.21,6844367.0,0.0448427214744104,15.28,0.11,0.0072
2016-11-16,31.11,31.76,30.95,31.7,8993687.0,0.0589245727426693,15.39,0.24,0.0156
2016-11-17,31.84,31.86,31.01,31.48,6580830.0,0.0431160875447567,15.63,-0.11,-0.007
2016-11-18,31.44,31.6,30.73,30.79,5635995.0,0.0369257455095803,15.52,-0.34,-0.0219
2016-11-21,30.91,31.43,30.79,31.01,4327896.0,0.0283553811328666,15.18,0.11,0.0072
2016-11-22,31.03,31.29,30.97,31.13,4660906.0,0.0305371862111439,15.29,0.06,0.0039
2016-11-23,31.13,31.15,30.42,30.52,5051082.0,0.0330935297990899,15.35,-0.3,-0.0195
2016-11-24,30.52,30.71,30.16,30.3,4016396.0,0.0263145046370155,15.05,-0.11,-0.0073
2016-11-25,30.26,30.44,29.55,30.42,3504419.0,0.0229601488562246,14.94,0.06,0.004
2016-11-28,30.52,30.66,30.18,30.4,2477421.0,0.0162314937053865,15.0,-0.01,-0.0007
2016-11-29,30.36,30.36,29.63,29.67,3671340.0,0.0240537769318714,14.99,-0.36,-0.024
2016-11-30,29.49,29.91,29.49,29.81,2120415.0,0.0138924723433389,14.63,0.07,0.0048
2016-12-01,29.81,30.26,29.73,30.18,2226400.0,0.0145868617347122,14.7,0.18,0.0122
2016-12-02,29.99,30.32,28.98,29.08,3725435.0,0.0244081949544815,14.88,-0.54,-0.0363
2016-12-05,28.43,29.22,28.43,28.94,1564635.0,0.0102511293614316,14.34,-0.07,-0.0049
2016-12-06,28.96,29.49,28.96,29.28,2356512.0,0.015439325691785,14.27,0.17,0.0119
2016-12-07,29.3,29.67,29.12,29.48,1921204.0,0.0125872875997916,14.44,0.1,0.0069
2016-12-08,29.61,29.79,29.34,29.38,1509108.0,0.009887329203534,14.54,-0.05,-0.0034
2016-12-09,29.4,29.63,29.12,29.16,1306951.0,0.0085628429442346,14.49,-0.11,-0.0076
2016-12-12,29.2,29.24,26.36,26.81,4283175.0,0.0280623794064751,14.38,-1.16,-0.0807
2016-12-13,26.79,27.15,26.44,26.91,2498898.0,0.0163722060793878,13.22,0.05,0.0038
2016-12-14,26.89,27.03,26.46,26.65,2353063.0,0.0154167286354955,13.27,-0.13,-0.0098
2016-12-15,26.73,27.26,26.53,27.03,1917622.0,0.0125638191580319,13.14,0.19,0.0145
2016-12-16,27.5,28.05,27.36,27.86,3613430.0,0.0236743639049862,13.33,0.41,0.0308
2016-12-19,27.86,28.15,27.44,27.88,2355690.0,0.0154339401364733,13.74,0.01,0.0007
2016-12-20,27.89,28.29,27.6,27.78,1829558.0,0.011986844044932,13.75,-0.05,-0.0036
2016-12-21,28.13,28.29,27.88,28.09,1565983.0,0.0102599611480012,13.7,0.15,0.0109
2016-12-22,28.27,28.27,27.84,27.97,1489194.0,0.0097568572467495,13.85,-0.06,-0.0043
2016-12-23,27.74,27.97,27.56,27.64,1479526.0,0.0096935147300179,13.79,-0.16,-0.0116
2016-12-26,27.7,28.29,27.26,28.19,2132663.0,0.0139727184278371,13.63,0.27,0.0198
2016-12-27,28.17,28.39,28.03,28.17,1320143.0,0.0086492739000396,13.9,-0.01,-0.0007
2016-12-28,28.19,28.55,27.97,27.99,1739161.0,0.0113945836513671,13.89,-0.09,-0.0065
2016-12-29,27.99,28.47,27.89,28.21,1391694.0,0.0091180596276628,13.8,0.11,0.008
2016-12-30,28.37,28.47,28.13,28.27,1429503.0,0.0093657755166889,13.91,0.03,0.0022
2017-01-03,28.27,29.61,28.19,29.31,4807914.0,0.0315003488817765,13.94,0.51,0.0366
2017-01-04,29.22,29.31,28.94,29.22,2109883.0,0.0138234690969367,14.45,-0.04,-0.0028
2017-01-05,29.29,29.51,28.96,29.22,1499991.0,0.0098275967123215,14.41,0.0,0.0
2017-01-06,29.0,29.21,28.68,29.02,1984951.0,0.0130049433108061,14.41,-0.1,-0.0069
2017-01-09,28.76,29.12,28.76,28.94,1226489.0,0.008035674390112,14.31,-0.04,-0.0028
2017-01-10,28.96,29.21,28.8,28.84,1613233.0,0.0105695323018662,14.27,-0.05,-0.0035
2017-01-11,28.84,29.06,28.64,28.76,1286991.0,0.0084320696060092,14.22,-0.04,-0.0028
2017-01-12,28.76,28.96,27.91,27.97,2139653.0,0.0140185153032978,14.18,-0.39,-0.0275
2017-01-13,27.97,28.33,27.6,27.6,1367122.0,0.0089570695241121,13.79,-0.18,-0.0131
2017-01-16,27.46,28.05,26.24,27.09,2653347.0,0.017384120473955,13.61,-0.25,-0.0184
2017-01-17,27.26,27.7,26.39,27.46,2014258.0,0.0131969560474479,13.36,0.18,0.0135
2017-01-18,27.44,27.58,27.18,27.28,1016648.0,0.0066608443266581,13.54,-0.09,-0.0066
2017-01-19,27.18,27.6,26.85,27.56,1910017.0,0.0125139929437432,13.45,0.14,0.0104
2017-01-20,27.56,27.95,27.28,27.74,1821473.0,0.0119338729808262,13.59,0.09,0.0066
2017-01-23,27.54,28.09,27.48,27.68,1564332.0,0.0102491441749846,13.68,-0.03,-0.0022
2017-01-24,27.62,27.76,27.13,27.46,1371830.0,0.0089879152594009,13.65,-0.11,-0.0081
2017-01-25,27.44,27.68,27.13,27.32,1683373.0,0.0110290734813815,13.54,-0.07,-0.0052
2017-01-26,27.32,27.66,27.18,27.58,1504024.0,0.0098540200025551,13.47,0.13,0.0097
2017-02-03,27.56,27.58,27.18,27.34,1070698.0,0.0070149675195979,13.6,-0.12,-0.0088
2017-02-06,27.34,27.62,27.3,27.58,2040867.0,0.0133712921074097,13.48,0.12,0.0089
2017-02-07,27.6,28.62,27.58,28.13,3871221.0,0.0253633513616216,13.6,0.27,0.0199
2017-02-08,28.01,28.44,27.81,28.4,2547351.0,0.0166896590131068,13.87,0.13,0.0094
2017-02-09,28.4,28.54,28.11,28.4,1998943.0,0.0130966156829729,14.0,0.0,0.0
2017-02-10,28.31,30.71,28.31,29.53,7910466.0,0.0518275574016988,14.0,0.56,0.04
2017-02-13,30.36,30.52,29.57,29.94,7097953.0,0.0465041587362945,14.56,0.2,0.0137
2017-02-14,29.81,30.6,29.23,30.18,7913073.0,0.0518446378672676,14.76,0.12,0.0081
2017-02-15,30.16,30.16,29.31,29.45,6240160.0,0.0408840959048158,14.88,-0.36,-0.0242
2017-02-16,29.61,30.02,29.25,29.81,4933868.0,0.0323255705773092,14.52,0.18,0.0124
2017-02-17,29.61,29.93,29.37,29.57,3055285.0,0.0200175259859595,14.7,-0.12,-0.0082
2017-02-20,29.63,30.26,29.63,30.1,4593166.0,0.0300933692807138,14.58,0.26,0.0178
2017-02-21,30.11,30.19,29.87,30.13,3612322.0,0.0236671045433252,14.84,0.02,0.0013
2017-02-22,29.93,30.58,29.81,30.5,6173556.0,0.0404477217856195,14.86,0.18,0.0121
2017-02-23,31.03,31.03,29.61,29.83,6728800.0,0.0440855530185644,15.04,-0.33,-0.0219
2017-02-24,29.73,29.83,29.47,29.75,2879842.0,0.0188680637225194,14.71,-0.04,-0.0027
2017-02-27,29.61,29.89,29.26,29.36,3175476.0,0.0208049898283763,14.67,-0.19,-0.013
2017-02-28,29.3,29.71,29.24,29.63,1857261.0,0.0121683477417685,14.48,0.13,0.009
2017-03-01,29.61,29.75,29.42,29.44,2632577.0,0.0172480402016634,14.61,-0.09,-0.0062
2017-03-02,29.5,29.79,29.36,29.54,2473554.0,0.0162061580090479,14.52,0.05,0.0034
2017-03-03,29.44,30.33,29.38,30.09,4683721.0,0.0306866648540101,14.57,0.27,0.0185
2017-03-06,30.03,30.48,29.83,30.44,5958888.0,0.0390412663261929,14.84,0.17,0.0115
2017-03-07,30.42,30.42,30.01,30.21,3881437.0,0.025430284248561,15.01,-0.11,-0.0073
2017-03-08,30.15,30.19,29.55,29.73,4379300.0,0.0286921683411899,14.9,-0.24,-0.0161
2017-03-09,29.59,29.69,29.41,29.67,2290070.0,0.0150040129594019,14.66,-0.03,-0.002
2017-03-10,29.65,29.71,29.1,29.22,2865334.0,0.0187730106367993,14.63,-0.22,-0.015
2017-03-13,29.16,29.43,28.72,29.33,1976654.0,0.0129505832713645,14.41,0.05,0.0035
2017-03-14,29.18,29.61,29.12,29.33,1869078.0,0.0122457700132018,14.46,0.0,0.0
2017-03-15,29.22,29.67,29.2,29.45,2154700.0,0.0141170997932916,14.46,0.06,0.0041
2017-03-16,29.59,30.28,29.45,30.14,4702866.0,0.0308120984993169,14.52,0.34,0.0234
2017-03-17,30.2,30.5,29.61,29.63,5708737.0,0.0374023343958121,14.86,-0.25,-0.0168
2017-03-20,29.73,31.15,29.69,31.13,11955448.0,0.0783293509488601,14.61,0.74,0.0507
2017-03-21,31.11,31.11,30.5,30.75,9560693.0,0.0626394658996727,15.35,-0.19,-0.0124
2017-03-22,30.62,31.54,30.54,31.03,10502235.0,0.0688082329547501,15.16,0.14,0.0092
2017-03-23,30.83,31.21,30.08,30.6,7789956.0,0.0510380035445078,15.3,-0.21,-0.0137
2017-03-24,30.42,33.67,30.34,33.67,19212358.0,0.1258749594609203,15.09,1.51,0.1001
2017-03-27,34.88,36.91,34.64,35.35,56515318.0,0.3702753905674161,16.6,0.83,0.05
2017-03-28,34.48,35.61,33.73,35.49,37507108.0,0.2457379619407654,17.43,0.07,0.004
2017-03-29,35.04,37.21,34.31,34.54,43456764.0,0.284718742322144,17.5,-0.47,-0.0269
2017-03-30,33.68,35.45,33.01,34.15,29270682.0,0.191774789442477,17.03,-0.19,-0.0112
2017-03-31,33.56,34.07,31.43,32.12,23541689.0,0.1542397423843858,16.84,-1.0,-0.0594
2017-04-05,35.32,35.32,35.32,35.32,5447082.0,0.0356880308981494,15.84,1.58,0.0997
2017-04-06,37.98,38.85,36.82,38.85,31873122.0,0.2088253789380235,17.42,1.74,0.0999
2017-04-07,39.95,42.75,39.62,42.75,24629536.0,0.161367066215468,19.16,1.92,0.1002
2017-04-10,47.02,47.02,47.02,47.02,2163794.0,0.0141766815937836,21.08,2.11,0.1001
2017-04-11,51.73,51.73,48.91,51.73,23297733.0,0.1526413986719561,23.19,2.32,0.1
2017-04-12,51.1,56.72,49.17,51.34,93174378.0,0.6104571366797593,25.51,-0.19,-0.0074
2017-04-13,49.62,54.61,48.71,53.63,70181617.0,0.4598138445461425,25.32,1.13,0.0446
2017-04-14,52.82,54.12,48.83,50.67,50978411.0,0.3339988468884004,26.45,-1.46,-0.0552
2017-04-17,48.73,48.73,45.61,45.97,38993621.0,0.2554772538909327,24.99,-2.32,-0.0928
2017-04-18,46.54,49.7,46.01,46.48,40051823.0,0.2624103504869603,22.67,0.25,0.011
2017-04-19,46.64,51.12,46.64,51.12,66333483.0,0.43460175390895,22.92,2.29,0.0999
2017-04-20,48.66,50.55,46.01,46.01,53498132.0,0.3505074804839138,25.21,-2.52,-0.1
2017-04-21,43.8,44.45,41.41,41.41,41170382.0,0.2697388922921696,22.69,-2.27,-0.1
2017-04-24,40.67,42.28,39.72,40.13,29774834.0,0.1950778776194797,20.42,-0.63,-0.0309
2017-04-25,40.84,44.14,40.15,43.05,53040912.0,0.3475118799977724,19.79,1.44,0.0728
2017-04-26,42.18,47.04,41.39,45.58,56619404.0,0.3709573381467007,21.23,1.25,0.0589
2017-04-27,44.81,48.02,43.8,44.14,55826411.0,0.3657618300405227,22.48,-0.71,-0.0316
2017-04-28,44.0,47.39,43.37,46.64,44849498.0,0.2938436157910771,21.77,1.23,0.0565
2017-05-02,46.7,50.45,45.85,49.88,51969040.0,0.3404892206996636,23.0,1.6,0.0696
2017-05-03,48.97,54.87,46.96,51.46,68210103.0,0.4468969373749021,24.6,0.78,0.0317
2017-05-04,50.06,55.19,49.92,50.96,68064861.0,0.445945345130888,25.38,-0.25,-0.0099
2017-05-05,49.68,51.87,47.67,47.91,44102463.0,0.28894921395134,25.13,-1.5,-0.0597
2017-05-08,48.46,52.45,45.68,46.61,39401062.0,0.2581467137957354,23.63,-0.64,-0.0271
2017-05-09,48.19,51.28,47.75,51.28,53404217.0,0.3498921709618982,22.99,2.3,0.1
2017-05-10,52.11,56.41,51.3,52.66,75755943.0,0.4963355489237079,25.29,0.68,0.0269
2017-05-11,50.69,54.52,48.89,54.2,59157180.0,0.387584263957728,25.97,0.76,0.0293
2017-05-12,54.14,59.61,53.65,59.59,86260442.0,0.5651586150867618,26.73,2.66,0.0995
2017-05-15,56.77,60.66,56.77,59.31,75511955.0,0.4947369955546237,29.39,-0.14,-0.0048
2017-05-16,57.95,58.98,55.96,58.62,57976128.0,0.3798462823616512,29.25,-0.34,-0.0116
2017-05-17,57.58,58.39,54.42,55.45,53105175.0,0.3479329164223402,28.91,-1.56,-0.054
2017-05-18,54.54,57.09,51.78,52.55,43609135.0,0.2857170421377116,27.35,-1.43,-0.0523
2017-05-19,51.86,55.13,51.09,55.01,39884261.0,0.2613125227264538,25.92,1.21,0.0467
2017-05-22,53.99,54.4,51.5,51.72,27295628.0,0.178834689003836,27.13,-1.62,-0.0597
2017-05-23,52.11,52.49,46.55,46.55,35103912.0,0.2299927733971912,25.51,-2.55,-0.1
2017-05-24,45.02,47.36,43.77,46.62,23201423.0,0.1520103976597075,22.73,0.04,0.0015
2017-05-25,46.25,47.91,44.21,47.07,30073736.0,0.1970362149111743,22.77,0.22,0.0097
2017-05-26,46.87,48.08,45.86,46.07,26554425.0,0.173978497089376,22.99,-0.49,-0.0213
2017-05-31,46.28,46.97,45.09,46.42,21589323.0,0.1414482885137636,22.5,0.17,0.0076
2017-06-01,46.07,46.07,41.77,41.77,23862164.0,0.1563394210200451,22.67,-2.27,-0.1001
2017-06-02,40.87,42.59,40.14,41.88,20060251.0,0.1314301597649224,20.4,0.05,0.0025
2017-06-05,41.47,42.8,41.32,41.9,15206676.0,0.0996306504925293,20.45,0.01,0.0005
2017-06-06,41.57,41.81,39.93,41.1,19415973.0,0.127208998201539,20.46,-0.39,-0.0191
2017-06-07,41.39,43.97,41.37,43.93,28416519.0,0.1861785095377398,20.07,1.38,0.0688
2017-06-08,43.6,45.42,43.33,43.72,28777073.0,0.1885407765813516,21.45,-0.1,-0.0047
2017-06-09,43.21,45.01,41.79,44.48,26745857.0,0.1752327156105758,21.35,0.37,0.0173
2017-06-12,43.82,44.78,42.8,43.62,18918932.0,0.1239524996642217,21.72,-0.42,-0.0193
2017-06-13,43.41,44.56,43.37,43.82,14724320.0,0.0964703647043022,21.3,0.1,0.0047
2017-06-14,43.82,44.02,42.0,42.1,16384427.0,0.1073470046943435,21.4,-0.84,-0.0393
2017-06-15,41.79,42.86,41.77,42.2,12156318.0,0.0796454050795876,20.56,0.05,0.0024
2017-06-16,42.34,43.57,41.97,42.55,14859511.0,0.0973561051035016,20.61,0.17,0.0082
2017-06-19,42.2,42.51,41.18,41.81,13042583.0,0.0854520099193804,20.78,-0.36,-0.0173
2017-06-20,41.98,45.99,41.83,45.62,46454027.0,0.3043561214829277,20.42,1.86,0.0911
2017-06-21,44.64,45.97,44.35,45.36,34614429.0,0.2267857931409515,22.28,-0.13,-0.0058
2017-06-22,45.3,45.3,42.57,42.63,23317465.0,0.1527706782065183,22.15,-1.33,-0.06
2017-06-23,42.59,43.41,41.1,43.1,18511343.0,0.121282070097392,20.82,0.23,0.011
2017-06-26,42.9,44.39,42.18,43.78,16181152.0,0.1060151935556785,21.05,0.33,0.0157
2017-06-27,43.51,44.02,42.8,42.88,13055953.0,0.0855396070903259,21.38,-0.44,-0.0206
2017-06-28,41.36,41.87,40.77,41.48,16934807.0,0.1109529681158091,20.94,-0.68,-0.0325
2017-06-29,41.36,42.0,41.18,41.42,11105755.0,0.0727623574580441,20.26,-0.03,-0.0015
2017-06-30,41.12,41.22,40.09,40.38,12580307.0,0.0824232836818329,20.23,-0.51,-0.0252
2017-07-03,40.44,41.46,40.44,40.95,8960698.0,0.0587084363872227,19.72,0.28,0.0142
2017-07-04,40.95,41.87,40.71,41.44,10871624.0,0.0712283848903069,20.0,0.24,0.012
2017-07-05,41.42,41.52,40.6,41.36,9290324.0,0.0608680702742898,20.24,-0.04,-0.002
2017-07-06,41.36,41.61,40.64,40.93,9498472.0,0.0622318081903682,20.2,-0.21,-0.0104
2017-07-07,41.16,41.87,40.95,41.01,11735579.0,0.0768888197313119,19.99,0.04,0.002
2017-07-10,40.64,41.77,40.03,41.07,13588500.0,0.089028732789318,20.03,0.03,0.0015
2017-07-11,40.67,40.93,38.68,38.9,13271500.0,0.0869518215559799,20.06,-1.06,-0.0528
2017-07-12,38.72,39.46,36.86,39.25,18287593.0,0.1198161114587189,19.0,0.17,0.0089
2017-07-13,38.84,38.86,37.67,37.84,9462702.0,0.0619974513612941,19.17,-0.69,-0.036
2017-07-14,38.08,38.51,37.47,37.53,7384200.0,0.0483795833729169,18.48,-0.15,-0.0081
2017-07-17,37.27,37.27,33.79,33.79,14532184.0,0.095211533736704,18.33,-1.83,-0.0998
2017-07-18,32.99,34.81,32.82,34.09,11344100.0,0.0743239391864666,16.5,0.15,0.0091
2017-07-19,33.85,34.48,33.44,34.4,9948579.0,0.0651808059332833,16.65,0.15,0.009
2017-07-20,34.24,35.18,34.11,34.16,10638933.0,0.069703846872021,16.8,-0.12,-0.0071
2017-07-21,33.99,34.79,33.64,34.32,10663134.0,0.0698624062687339,16.68,0.08,0.0048
2017-07-24,34.36,36.18,33.99,35.84,18299869.0,0.1198965409927897,16.76,0.74,0.0442
2017-07-25,35.59,35.73,34.89,35.04,10640905.0,0.0697167669633526,17.5,-0.39,-0.0223
2017-07-26,35.22,35.82,34.94,35.37,10151655.0,0.0665113132696282,17.11,0.16,0.0094
2017-07-27,35.14,35.76,35.04,35.51,9410888.0,0.0616579779270853,17.27,0.07,0.0041
2017-07-28,35.41,35.62,34.82,34.84,8918521.0,0.0584321023648615,17.34,-0.33,-0.019
2017-07-31,34.9,35.27,34.47,34.63,6749304.0,0.0442198905199157,17.01,-0.1,-0.0059
2017-08-01,34.61,36.58,34.08,35.92,19595442.0,0.1283848378928196,16.91,0.63,0.0373
2017-08-02,35.95,39.37,35.54,38.28,31926783.0,0.2091769534922574,17.54,1.15,0.0656
2017-08-03,37.64,40.04,37.5,37.83,25808995.0,0.1690946108412145,18.69,-0.22,-0.0118
2017-08-04,37.48,38.65,36.87,36.99,16658651.0,0.1091436573948195,18.47,-0.41,-0.0222
2017-08-07,36.76,38.07,36.62,37.83,12002588.0,0.0786382014079754,18.06,0.41,0.0227
2017-08-08,39.1,39.94,38.01,38.24,16018624.0,0.1049503474076282,18.47,0.2,0.0108
2017-08-09,37.91,39.18,37.21,38.13,13025972.0,0.0853431784603994,18.67,-0.05,-0.0027
2017-08-10,38.09,38.15,36.27,36.92,12765435.0,0.0836361998421023,18.62,-0.59,-0.0317
2017-08-11,36.72,38.85,36.68,38.03,18740320.0,0.1227822748402187,18.03,0.54,0.03
2017-08-14,38.61,39.22,38.09,39.2,18129434.0,0.1187798899957741,18.57,0.57,0.0307
2017-08-15,39.65,40.35,38.87,39.16,19821504.0,0.1298659442247781,19.14,-0.02,-0.001
2017-08-16,38.65,39.18,38.01,38.79,14826240.0,0.0971381211487874,19.12,-0.18,-0.0094
2017-08-17,38.36,39.73,38.36,39.69,15403906.0,0.1009228561788109,18.94,0.44,0.0232
2017-08-18,39.35,40.6,39.12,39.26,17408540.0,0.1140567579874271,19.38,-0.21,-0.0108
2017-08-21,39.12,39.65,38.63,39.53,10107466.0,0.0662217970851173,19.17,0.13,0.0068
2017-08-22,39.43,39.9,38.3,38.51,11115567.0,0.0728266434297208,19.3,-0.5,-0.0259
2017-08-23,38.2,38.55,37.11,37.32,9857400.0,0.0645834220552248,18.8,-0.58,-0.0309
2017-08-24,37.4,37.97,37.03,37.22,7633700.0,0.0500142501007334,18.22,-0.05,-0.0027
2017-08-25,37.3,37.81,36.7,37.63,9477576.0,0.0620949023949996,18.17,0.2,0.011
2017-08-28,37.63,38.22,37.42,38.12,8472235.0,0.0555081389368442,18.37,0.24,0.0131
2017-08-29,38.16,39.53,37.92,39.41,17723034.0,0.116117250484012,18.61,0.63,0.0339
2017-08-30,39.82,41.93,39.82,40.64,34348565.0,0.2250439132414556,19.24,0.6,0.0312
2017-08-31,39.98,40.52,39.55,40.29,16803260.0,0.1100911023681374,19.84,-0.17,-0.0086
2017-09-01,40.31,40.92,39.74,40.13,13406064.0,0.0878334539951058,19.67,-0.08,-0.0041
2017-09-04,39.7,40.45,39.45,39.88,11322967.0,0.0741854806215009,19.59,-0.12,-0.0061
2017-09-05,39.96,40.13,39.17,39.39,9964198.0,0.0652831380359757,19.47,-0.24,-0.0123
2017-09-06,39.53,39.74,39.04,39.43,8494675.0,0.0556551606657909,19.23,0.02,0.001
2017-09-07,39.37,40.07,39.06,39.19,12311200.0,0.0806601563907607,19.25,-0.12,-0.0062
2017-09-08,39.16,39.33,38.14,38.2,11205520.0,0.0734159948372048,19.13,-0.48,-0.0251
2017-09-11,38.39,38.39,37.69,37.92,8220873.0,0.0538612728124457,18.65,-0.14,-0.0075
2017-09-12,37.79,38.35,37.51,37.59,7882348.0,0.0516433347201247,18.51,-0.16,-0.0086
2017-09-13,37.75,38.45,37.63,38.28,7691385.0,0.0503921889792669,18.35,0.34,0.0185
2017-09-14,37.69,38.24,37.63,37.83,6531701.0,0.0427942056142121,18.69,-0.22,-0.0118
2017-09-15,37.67,38.37,37.67,37.81,5890605.0,0.0385938917844074,18.47,-0.01,-0.0005
2017-09-18,37.71,37.88,36.54,36.59,10631727.0,0.0696566348141426,18.46,-0.6,-0.0325
2017-09-19,36.48,36.89,36.28,36.5,4902401.0,0.0321194060164908,17.86,-0.04,-0.0022
2017-09-20,36.67,37.24,35.95,37.1,8200120.0,0.0537253039202518,17.82,0.29,0.0163
2017-09-21,36.92,37.06,36.18,36.2,5431639.0,0.0355868519070565,18.11,-0.44,-0.0243
2017-09-22,36.07,36.4,35.87,35.95,4366493.0,0.028608259817009,17.67,-0.12,-0.0068
2017-09-25,35.97,36.81,35.97,36.16,4641469.0,0.030409839448865,17.55,0.1,0.0057
2017-09-26,36.57,37.18,35.97,37.12,8085873.0,0.0529767838014027,17.65,0.47,0.0266
2017-09-27,37.22,37.22,36.63,36.73,5726802.0,0.0375206921290305,18.12,-0.19,-0.0105
2017-09-28,36.81,37.04,36.46,36.48,4742033.0,0.0310687116926171,17.93,-0.12,-0.0067
2017-09-29,36.3,37.38,36.3,37.28,6960132.0,0.0456011871808059,17.81,0.39,0.0219
2017-10-09,37.69,37.88,37.04,37.26,5885025.0,0.0385573329052843,18.2,-0.01,-0.0005
2017-10-10,37.1,37.35,36.69,37.18,4499179.0,0.0294775880312257,18.19,-0.04,-0.0022
2017-10-11,37.14,37.14,36.36,36.42,5278656.0,0.0345845424079721,18.15,-0.37,-0.0204
2017-10-12,36.36,36.54,35.85,36.07,4639259.0,0.0303953600361657,17.78,-0.17,-0.0096
2017-10-13,35.97,36.75,35.79,36.44,5546134.0,0.0363369968649778,17.61,0.18,0.0102
2017-10-16,36.19,36.38,34.25,34.31,8450594.0,0.0553663520724887,17.79,-1.04,-0.0585
2017-10-17,34.27,34.72,34.13,34.41,3475274.0,0.0227691975063961,16.75,0.05,0.003
2017-10-18,34.51,35.54,34.39,34.64,5224321.0,0.0342285519604535,16.8,0.11,0.0065
2017-10-19,34.31,34.62,33.1,33.24,6476342.0,0.0424315061537503,16.91,-0.68,-0.0402
2017-10-20,33.28,33.49,33.1,33.43,3570692.0,0.0233943543394013,16.23,0.09,0.0055
2017-10-23,33.34,34.76,33.28,34.27,6438706.0,0.0421849237210125,16.32,0.41,0.0251
2017-10-24,33.65,34.27,33.57,33.8,3543590.0,0.0232167882566066,16.73,-0.23,-0.0137
2017-10-25,33.86,34.12,33.82,34.04,2635300.0,0.0172658806726047,16.5,0.12,0.0073
2017-10-26,34.0,35.23,33.39,34.74,7836405.0,0.0513423267302406,16.62,0.34,0.0205
2017-10-27,34.7,34.94,34.27,34.27,5064222.0,0.0331796200628314,16.96,-0.23,-0.0136
2017-10-30,34.06,34.1,32.18,32.2,7755100.0,0.0508096350336269,16.73,-1.01,-0.0604
2017-10-31,32.22,32.59,31.95,32.26,2889911.0,0.0189340334992023,15.72,0.03,0.0019
2017-11-01,32.34,32.67,32.03,32.22,3093600.0,0.0202685570708344,15.75,-0.02,-0.0013
2017-11-02,31.99,32.2,31.19,31.23,4773343.0,0.0312738476254745,15.73,-0.48,-0.0305
2017-11-03,31.22,31.62,30.15,30.23,4905800.0,0.0321416754842577,15.25,-0.49,-0.0321
2017-11-06,30.38,30.58,29.6,30.52,4475303.0,0.0293211579599097,14.76,0.14,0.0095
2017-11-07,30.38,31.09,30.17,30.75,4318764.0,0.0282955503650974,14.9,0.11,0.0074
2017-11-08,30.72,31.24,30.58,30.91,4074833.0,0.026697370446929,15.01,0.08,0.0053
2017-11-09,30.91,32.69,30.76,31.77,8184326.0,0.0536218252577302,15.09,0.42,0.0278
2017-11-10,31.44,31.69,31.05,31.11,4703400.0,0.0308155971447384,15.51,-0.32,-0.0206
2017-11-13,31.15,31.22,30.48,30.62,4283450.0,0.0280641811433494,15.19,-0.24,-0.0158
2017-11-14,30.6,31.34,30.17,30.33,4180650.0,0.0273906591408663,14.95,-0.14,-0.0094
2017-11-15,30.11,30.72,30.07,30.39,3341000.0,0.0218894650807014,14.81,0.03,0.002
2017-11-16,30.35,30.35,29.59,29.68,3577800.0,0.0234409243237753,14.84,-0.35,-0.0236
2017-11-17,29.6,29.84,27.44,28.04,7351752.0,0.0481669915252849,14.49,-0.8,-0.0552
2017-11-20,27.63,27.81,26.65,27.59,4740018.0,0.031055509875156,13.69,-0.22,-0.0161
2017-11-21,27.44,28.1,27.07,27.61,3589358.0,0.0235166496866615,13.47,0.01,0.0007
2017-11-22,27.89,28.12,27.46,27.79,3451890.0,0.0226159909061426,13.48,0.09,0.0067
2017-11-23,27.79,27.81,26.01,26.11,4285500.0,0.0280776122727764,13.57,-0.82,-0.0604
2017-11-24,26.11,26.58,26.01,26.26,3089863.0,0.0202440731046547,12.75,0.07,0.0055
2017-11-27,26.24,27.81,26.07,26.81,7394263.0,0.0484455138389771,12.82,0.27,0.0211
2017-11-28,26.89,27.2,26.65,27.1,3611776.0,0.0236635272766583,13.09,0.14,0.0107
2017-11-29,27.08,27.2,26.59,26.93,3761226.0,0.0246426893707352,13.23,-0.08,-0.006
2017-11-30,26.93,27.12,26.34,26.5,3214656.0,0.0210616881946924,13.15,-0.21,-0.016
2017-12-01,26.52,27.06,26.46,27.02,3111751.0,0.0203874782563118,12.94,0.25,0.0193
2017-12-04,27.12,27.18,26.05,26.18,3968151.0,0.0259984144715505,13.19,-0.41,-0.0311
2017-12-05,26.01,26.4,24.33,24.84,5320558.0,0.034859074693459,12.78,-0.65,-0.0509
2017-12-06,24.88,25.79,24.78,25.5,4390800.0,0.0287675137013899,12.13,0.32,0.0264
2017-12-07,25.76,26.17,25.5,25.56,3695100.0,0.0242094469978149,12.45,0.03,0.0024
2017-12-08,25.42,26.05,25.42,25.68,3107889.0,0.0203621753188255,12.48,0.06,0.0048
2017-12-11,25.6,26.05,25.52,25.97,2409200.0,0.015784525373369,12.54,0.14,0.0112
2017-12-12,25.81,25.93,24.84,24.93,4150713.0,0.0271945187888397,12.68,-0.51,-0.0402
2017-12-13,24.91,25.58,24.78,25.28,3617400.0,0.0237003744336813,12.17,0.17,0.014
2017-12-14,25.23,25.52,24.93,25.07,2685578.0,0.0175952905873989,12.34,-0.1,-0.0081
2017-12-15,25.17,26.54,25.07,26.09,8315278.0,0.0544797927019828,12.24,0.5,0.0408
2017-12-18,26.01,26.01,25.4,25.44,4940824.0,0.0323711446925745,12.74,-0.32,-0.0251
2017-12-19,25.44,25.62,25.21,25.52,3390460.0,0.0222135156472657,12.42,0.04,0.0032
2017-12-20,25.42,25.56,24.72,24.8,4215800.0,0.0276209538722601,12.46,-0.35,-0.0281
2017-12-21,24.84,24.93,23.88,24.41,5214900.0,0.0341668277310236,12.11,-0.19,-0.0157
2017-12-22,24.47,24.47,24.06,24.17,2367200.0,0.0155093510143778,11.92,-0.12,-0.0101
2017-12-25,24.21,24.23,22.94,23.29,5047395.0,0.0330693734214328,11.8,-0.43,-0.0364
2017-12-26,23.31,23.72,23.21,23.64,3553629.0,0.0232825614801759,11.37,0.17,0.015
2017-12-27,23.68,24.29,23.45,23.86,4357402.0,0.0285486976718283,11.54,0.11,0.0095
2017-12-28,23.55,24.27,23.35,24.21,4495356.0,0.029452540612787,11.65,0.17,0.0146
2017-12-29,23.98,24.56,23.76,23.96,3065280.0,0.0200830109316289,11.82,-0.12,-0.0102
2018-01-02,24.15,24.45,23.96,24.31,3249298.0,0.0212886546266964,11.7,0.17,0.0145
2018-01-03,24.72,26.75,24.7,26.75,7886488.0,0.0516704590497967,11.87,1.19,0.1003
2018-01-04,29.43,29.43,29.43,29.43,10810334.0,0.0708268268792934,13.06,1.31,0.1003
2018-01-05,29.92,30.72,29.0,29.72,36643615.0,0.2400805540177094,14.37,0.14,0.0097
2018-01-08,28.67,29.39,28.06,29.0,21549467.0,0.1411871611506219,14.51,-0.35,-0.0241
2018-01-09,28.67,30.29,28.67,29.12,21544338.0,0.1411535571199727,14.16,0.06,0.0042
2018-01-10,28.73,29.08,27.69,28.14,16404240.0,0.1074768149223123,14.22,-0.48,-0.0338
2018-01-11,27.54,28.08,27.24,27.69,9921993.0,0.0650066205640419,13.74,-0.22,-0.016
2018-01-12,27.77,29.18,27.77,27.91,12886521.0,0.0844295275190738,13.52,0.11,0.0081
2018-01-15,27.34,28.75,26.79,28.65,16449727.0,0.1077748353048702,13.63,0.36,0.0264
2018-01-16,28.26,28.98,28.01,28.57,12135622.0,0.0795098096383095,13.99,-0.04,-0.0029
2018-01-17,28.16,29.69,26.87,29.55,17357506.0,0.113722394934171,13.95,0.48,0.0344
2018-01-18,29.69,30.86,28.79,28.85,17423765.0,0.1141565086925614,14.43,-0.34,-0.0236
2018-01-19,27.66,28.69,27.66,28.03,9486133.0,0.0621509658947589,14.09,-0.4,-0.0284
2018-01-22,27.68,29.69,27.54,28.95,11325024.0,0.074198957613321,13.69,0.45,0.0329
2018-01-23,28.75,29.55,28.28,28.3,9316637.0,0.0610404670101978,14.14,-0.32,-0.0226
2018-01-24,28.44,29.51,27.95,28.63,11135856.0,0.0729595723004248,13.82,0.16,0.0116
2018-01-25,28.63,29.45,28.3,28.57,11796512.0,0.077288038760274,13.98,-0.03,-0.0021
2018-01-26,28.05,28.83,27.6,27.62,9812941.0,0.0642921368926918,13.95,-0.46,-0.033
2018-01-29,27.85,27.89,26.68,26.85,7423340.0,0.0486360196684148,13.49,-0.38,-0.0282
2018-01-30,26.79,26.95,25.72,25.82,6571280.0,0.0430535181369385,13.11,-0.5,-0.0381
2018-01-31,25.44,26.23,24.7,25.09,6337200.0,0.0415198797094945,12.61,-0.36,-0.0285
2018-02-01,25.35,25.78,24.64,24.72,5529552.0,0.0362283554073399,12.25,-0.18,-0.0147
2018-02-02,24.66,24.68,22.46,24.02,5766724.0,0.0377822519090221,12.07,-0.34,-0.0282
2018-02-05,23.76,24.37,23.14,23.98,3422100.0,0.0224208136643724,11.73,-0.02,-0.0017
2018-02-06,23.76,24.33,22.71,22.98,5775600.0,0.0378404054235555,11.71,-0.49,-0.0418
2018-02-07,23.86,23.98,22.71,23.27,3996600.0,0.0261848057891443,11.22,0.14,0.0125
2018-02-08,23.51,24.37,23.28,23.74,4278500.0,0.0280317498796112,11.36,0.23,0.0202
2018-02-09,23.18,23.37,22.49,22.73,4844200.0,0.031738086424404,11.59,-0.49,-0.0423
2018-02-12,23.04,23.43,22.94,23.22,2519000.0,0.0165039097690173,11.1,0.24,0.0216
2018-02-13,23.16,23.88,22.9,22.94,5001300.0,0.03276736956244,11.34,-0.14,-0.0123
2018-02-14,22.53,23.3,22.53,23.1,3205454.0,0.0210013988029915,11.2,0.08,0.0071
2018-02-22,23.14,24.29,23.14,24.08,7306217.0,0.0478686566577453,11.28,0.48,0.0426
2018-02-23,25.17,25.8,24.23,24.49,10457880.0,0.0685176291763441,11.76,0.2,0.017
2018-02-26,24.57,25.07,23.94,25.0,9271934.0,0.0607475832156744,11.96,0.25,0.0209
2018-02-27,24.78,25.11,24.43,24.9,7383000.0,0.0184575,12.21,-0.05,-0.0041
2018-02-28,24.59,27.4,24.51,27.4,22967686.0,0.057419215,12.16,1.22,0.1003
2018-03-01,27.24,28.04,26.97,27.61,21996792.0,0.05499198,13.38,0.1,0.0075
2018-03-02,26.85,27.58,26.85,27.03,10475590.0,0.026188975,13.48,-0.28,-0.0208
2018-03-05,26.87,27.24,26.46,26.64,8707219.0,0.0217680475,13.2,-0.19,-0.0144
2018-03-06,26.7,27.54,26.21,27.44,12809066.0,0.032022665,13.01,0.39,0.03
2018-03-07,27.14,27.52,26.95,27.07,9162738.0,0.022906845,13.4,-0.18,-0.0134
2018-03-08,26.66,29.45,26.66,28.77,22158425.0,0.0553960625,13.22,0.83,0.0628
2018-03-09,28.51,29.39,27.96,28.39,18235260.0,0.04558815,14.05,-0.19,-0.0135
2018-03-12,28.14,28.61,27.91,28.49,10636800.0,0.026592,13.86,0.05,0.0036
2018-03-13,28.38,28.55,27.73,27.99,7799500.0,0.01949875,13.91,-0.24,-0.0173
2018-03-14,28.22,28.22,27.24,27.4,6713700.0,0.01678425,13.67,-0.29,-0.0212
2018-03-15,27.03,27.54,26.46,27.03,5486201.0,0.0137155025,13.38,-0.18,-0.0135
2018-03-16,26.93,27.46,26.79,27.05,4586066.0,0.011465165,13.2,0.01,0.0008
2018-03-19,27.24,27.48,27.11,27.44,4937607.0,0.0123440175,13.21,0.19,0.0144
2018-03-20,27.3,28.26,27.14,28.18,10506639.0,0.0262665975,13.4,0.36,0.0269
2018-03-21,28.51,28.79,27.01,27.22,9632227.0,0.0240805675,13.76,-0.47,-0.0342
2018-03-22,27.22,27.54,26.54,26.68,6287259.0,0.0157181475,13.29,-0.26,-0.0196
2018-03-23,25.6,25.7,24.02,24.06,9648000.0,0.02412,13.03,-1.28,-0.0982
2018-03-26,23.37,25.13,22.98,24.82,5632229.0,0.0140805725,11.75,0.37,0.0315
2018-03-27,25.31,25.6,24.98,25.31,5108561.0,0.0127714025,12.12,0.24,0.0198
2018-03-28,24.84,27.2,24.68,25.91,8568327.0,0.0214208175,12.36,0.29,0.0235
2018-03-29,27.73,28.51,26.62,28.02,22640114.0,0.056600285,12.65,1.03,0.0814
2018-03-30,27.51,28.63,27.44,27.94,17619842.0,0.044049605,13.68,-0.04,-0.0029
2018-04-02,27.53,28.16,27.28,27.44,10304354.0,0.025760885,13.64,-0.24,-0.0176
2018-04-03,26.99,27.3,26.67,27.14,6156389.0,0.0153909725,13.4,-0.15,-0.0112
2018-04-04,27.01,27.94,27.01,27.2,6950040.0,0.0173751,13.25,0.03,0.0023
2018-04-09,27.1,27.65,26.64,27.4,5428406.0,0.013571015,13.28,0.1,0.0075
2018-04-10,27.26,27.96,27.16,27.91,7284500.0,0.01821125,13.38,0.25,0.0187
2018-04-11,28.04,28.16,27.57,27.85,6551040.0,0.0163776,13.63,-0.03,-0.0022
2018-04-12,28.08,28.47,27.48,27.59,8663200.0,0.021658,13.6,-0.13,-0.0096
2018-04-13,27.65,27.79,26.95,27.01,5657600.0,0.014144,13.47,-0.28,-0.0208
2018-04-16,27.01,27.15,26.44,26.85,4404897.0,0.0110122425,13.19,-0.08,-0.0061
2018-04-17,26.89,27.13,25.6,25.78,5015900.0,0.01253975,13.11,-0.52,-0.0397
2018-04-18,26.07,26.29,24.84,26.01,5387500.0,0.01346875,12.59,0.11,0.0087
2018-04-19,25.6,26.76,25.6,26.48,5087900.0,0.01271975,12.7,0.23,0.0181
2018-04-20,26.33,26.82,25.86,26.56,6169045.0,0.0154226125,12.93,0.04,0.0031
2018-04-23,27.03,27.11,25.49,25.95,6395245.0,0.0159881125,12.97,-0.3,-0.0231
2018-04-24,25.6,26.13,25.45,25.99,3931600.0,0.009829,12.67,0.02,0.0016
2018-04-25,25.8,25.95,25.64,25.68,2785400.0,0.0069635,12.69,-0.15,-0.0118
2018-04-26,25.39,25.39,24.12,24.21,7163051.0,0.0179076275,12.54,-0.72,-0.0574
2018-04-27,24.21,24.64,24.08,24.51,2707497.0,0.0067687425,11.82,0.15,0.0127
2018-05-02,24.68,24.72,24.19,24.43,1847797.0,0.0046194925,11.97,-0.04,-0.0033
2018-05-03,24.57,25.07,24.43,25.05,2758997.0,0.0068974925,11.93,0.3,0.0251
2018-05-04,25.05,25.15,24.86,24.9,1569200.0,0.003923,12.23,-0.07,-0.0057
2018-05-07,25.03,25.31,24.9,25.25,2481600.0,0.006204,12.16,0.17,0.014
2018-05-08,25.29,26.36,25.15,26.17,4431645.0,0.0110791125,12.33,0.45,0.0365
2018-05-09,26.25,26.44,25.87,26.13,4280449.0,0.0107011225,12.78,-0.02,-0.0016
2018-05-10,26.59,27.52,26.14,27.07,6734977.0,0.0168374425,8.7,0.31,0.036
2018-05-11,26.56,26.77,25.87,26.02,5945672.0,0.0102511586206896,9.01,-0.35,-0.0388
2018-05-14,26.2,26.41,25.06,25.12,4402215.0,0.0075900258620689,8.66,-0.3,-0.0346
2018-05-15,25.39,25.45,25.12,25.39,2631695.0,0.0045374051724137,8.36,0.09,0.0108
2018-05-16,25.42,25.48,24.97,25.06,2624233.0,0.0045245396551724,8.45,-0.11,-0.013
2018-05-17,25.18,25.21,24.58,24.61,2972115.0,0.0051243362068965,8.34,-0.15,-0.018
2018-05-18,24.85,25.06,24.55,24.88,2384555.0,0.0041113017241379,8.19,0.09,0.011
2018-05-21,24.97,26.44,24.97,26.08,7536697.0,0.0129943051724137,8.28,0.4,0.0483
2018-05-22,26.08,26.99,25.72,26.36,9338062.0,0.0161001068965517,8.68,0.09,0.0104
2018-05-23,25.99,26.15,25.54,25.6,4172755.0,0.0071944051724137,8.77,-0.25,-0.0285
2018-05-24,25.63,26.08,25.57,25.69,3009162.0,0.0051882103448275,8.52,0.03,0.0035
2018-05-25,26.02,26.62,25.75,25.84,5398675.0,0.0093080603448275,8.55,0.05,0.0058
2018-05-28,25.9,26.23,25.18,25.99,4729445.0,0.0081542155172413,8.6,0.05,0.0058
2018-05-29,26.14,26.26,24.85,24.88,5274270.0,0.0090935689655172,8.65,-0.37,-0.0428
2018-05-30,24.88,24.88,23.44,23.65,5030565.0,0.0086733879310344,8.28,-0.41,-0.0495
2018-05-31,24.16,24.19,23.56,23.83,2275349.0,0.0039230155172413,7.87,0.06,0.0076
2018-06-01,23.74,23.89,23.32,23.41,2333101.0,0.0040225879310344,7.93,-0.14,-0.0177
2018-06-04,23.65,23.65,23.47,23.5,1495351.0,0.0025781913793103,7.79,0.03,0.0039
2018-06-05,23.71,23.8,23.32,23.74,2823670.0,0.0048683965517241,7.82,0.08,0.0102
2018-06-06,23.95,23.95,23.56,23.71,1942631.0,0.0033493637931034,7.9,-0.01,-0.0013
2018-06-07,23.92,23.92,23.32,23.38,2430735.0,0.0041909224137931,7.89,-0.11,-0.0139
2018-06-08,23.29,23.38,22.45,22.75,3350877.0,0.005777374137931,7.78,-0.21,-0.027
2018-06-11,22.9,22.93,22.48,22.57,2010315.0,0.0034660603448275,7.57,-0.06,-0.0079
2018-06-12,22.66,22.66,21.72,22.39,2797325.0,0.004822974137931,7.51,-0.06,-0.008
2018-06-13,22.39,22.39,21.18,21.33,4193211.0,0.007229674137931,7.45,-0.35,-0.047
2018-06-14,21.18,21.72,20.94,21.33,2174465.0,0.0037490775862068,7.1,0.0,0.0
2018-06-15,21.33,21.73,20.43,20.52,3419945.0,0.0058964568965517,7.1,-0.27,-0.038
2018-06-19,20.1,20.1,18.48,18.48,5699313.0,0.0098264017241379,6.83,-0.68,-0.0996
2018-06-20,18.33,18.78,17.13,18.51,3994570.0,0.0068871896551724,6.15,0.01,0.0016
2018-06-21,18.63,18.9,17.91,17.91,3471715.0,0.0059857155172413,6.16,-0.2,-0.0325
2018-06-22,17.73,18.39,17.43,18.27,2635910.0,0.0045446724137931,5.96,0.12,0.0201
2018-06-25,18.06,18.63,18.06,18.3,2745845.0,0.0047342155172413,6.08,0.01,0.0016
2018-06-26,17.54,18.45,17.54,18.33,2761180.0,0.0047606551724137,6.09,0.01,0.0016
2018-06-27,18.6,18.84,18.33,18.45,3482860.0,0.0060049310344827,6.1,0.04,0.0066
2018-06-28,18.57,18.63,18.03,18.09,2481295.0,0.0042780948275862,6.14,-0.12,-0.0195
2018-06-29,18.12,18.6,17.73,18.57,3765980.0,0.0064930689655172,6.02,0.16,0.0266
2018-07-02,18.66,18.78,18.21,18.45,2673225.0,0.0046090086206896,6.18,-0.04,-0.0065
2018-07-03,18.48,18.87,18.3,18.78,4336610.0,0.0074769137931034,6.14,0.11,0.0179
2018-07-04,18.84,18.93,18.15,18.33,3164555.0,0.0054561293103448,6.25,-0.15,-0.024
2018-07-05,18.12,18.57,17.61,17.7,2707130.0,0.0046674655172413,6.1,-0.21,-0.0344
2018-07-06,17.76,18.03,17.22,17.88,3298115.0,0.0056864051724137,5.89,0.06,0.0102
2018-07-09,18.03,18.27,17.91,18.21,2089485.0,0.0036025603448275,5.95,0.11,0.0185
2018-07-10,18.24,18.51,18.15,18.45,2589125.0,0.0044640086206896,6.06,0.08,0.0132
2018-07-11,18.24,18.24,17.49,17.82,2969345.0,0.0051195603448275,6.14,-0.21,-0.0342
2018-07-12,17.97,18.45,17.97,18.33,2936445.0,0.0050628362068965,5.93,0.17,0.0287
2018-07-13,18.39,18.66,18.18,18.39,2612500.0,0.0045043103448275,6.1,0.02,0.0033
2018-07-16,18.33,18.54,18.18,18.36,2005760.0,0.0034582068965517,6.12,-0.01,-0.0016
2018-07-17,18.45,18.48,18.21,18.42,1826980.0,0.0031499655172413,6.11,0.02,0.0033
2018-07-18,18.48,18.51,18.24,18.3,2305345.0,0.0039747327586206,6.13,-0.04,-0.0065
2018-07-19,18.24,18.39,17.79,17.85,2608068.0,0.0044966689655172,6.09,-0.15,-0.0246
2018-07-20,17.91,18.12,17.28,18.0,2837935.0,0.0048929913793103,5.94,0.05,0.0084
2018-07-23,17.97,18.57,17.85,18.42,4200444.0,0.0072421448275862,5.99,0.14,0.0234
2018-07-24,18.57,20.25,18.45,20.25,7091510.0,0.0122267413793103,6.13,0.61,0.0995
2018-07-25,21.0,21.46,19.77,19.8,16995348.0,0.029302324137931,6.74,-0.15,-0.0223
2018-07-26,19.59,20.88,19.29,20.04,11060013.0,0.0190689879310344,6.59,0.08,0.0121
2018-07-27,19.83,20.16,19.68,19.68,5572635.0,0.0096079913793103,6.67,-0.12,-0.018
2018-07-30,19.71,20.43,19.68,19.86,6300491.0,0.0108629155172413,6.55,0.06,0.0092
2018-07-31,19.74,19.74,19.32,19.5,3788453.0,0.0065318155172413,6.61,-0.12,-0.0182
2018-08-01,19.74,20.31,19.32,19.56,5036672.0,0.0086839172413793,6.49,0.02,0.0031
2018-08-02,19.38,20.13,18.33,19.95,7556500.0,0.013028448275862,6.51,0.13,0.02
2018-08-03,20.37,20.67,19.95,20.01,8041880.0,0.0138653103448275,6.64,0.02,0.003
2018-08-06,19.47,19.68,18.87,19.08,4741235.0,0.0081745431034482,6.66,-0.31,-0.0465
2018-08-07,18.96,20.46,18.81,20.4,8907427.0,0.0153576327586206,6.35,0.44,0.0693
2018-08-08,20.25,20.49,19.74,20.07,7312191.0,0.0126072258620689,6.79,-0.11,-0.0162
2018-08-09,19.89,20.28,19.77,20.13,5965935.0,0.0102860948275862,6.68,0.02,0.003
2018-08-10,20.13,20.22,19.74,19.89,4135826.0,0.0071307344827586,6.7,-0.08,-0.0119
2018-08-13,19.62,19.8,19.29,19.77,2839560.0,0.0048957931034482,6.62,-0.04,-0.006
2018-08-14,19.62,19.89,19.53,19.62,2103700.0,0.0036270689655172,6.58,-0.05,-0.0076
2018-08-15,19.53,20.59,19.5,19.6,4504325.0,0.0077660775862068,6.53,-0.01,-0.0015
2018-08-16,21.55,21.55,21.1,21.55,22525794.0,0.0388375758620689,6.52,0.65,0.0997
2018-08-17,21.64,22.21,20.29,20.59,28167605.0,0.0485648362068965,7.17,-0.32,-0.0446
2018-08-20,19.84,20.29,19.42,20.02,12743780.0,0.0219720344827586,6.85,-0.19,-0.0277
2018-08-21,19.72,20.23,19.54,19.87,9548500.0,0.0164629310344827,6.66,-0.05,-0.0075
2018-08-22,19.63,20.02,19.06,19.09,7717717.0,0.0133064086206896,6.61,-0.26,-0.0393
2018-08-23,20.14,21.01,19.9,21.01,10305938.0,0.0177688586206896,6.35,0.64,0.1008
2018-08-24,22.36,22.39,21.13,21.25,36231706.0,0.0624684586206896,6.99,0.08,0.0114
2018-08-27,20.71,21.64,20.59,21.37,22618778.0,0.0389978931034482,7.07,0.04,0.0057
2018-08-28,21.13,21.4,20.92,21.1,13774286.0,0.0237487689655172,7.11,-0.09,-0.0127
2018-08-29,21.25,21.94,20.98,21.76,18751000.0,0.0323293103448275,7.02,0.22,0.0313
2018-08-30,21.49,21.64,20.86,20.89,11860225.0,0.0204486637931034,7.24,-0.29,-0.0401
2018-08-31,20.86,20.86,20.29,20.56,7024059.0,0.0121104465517241,6.95,-0.11,-0.0158
2018-09-03,20.59,21.04,20.29,21.04,7091877.0,0.012227374137931,6.84,0.16,0.0234
2018-09-04,20.89,21.31,20.53,21.22,7780991.0,0.0134155017241379,7.0,0.06,0.0086
2018-09-05,21.07,21.34,20.74,20.83,6107320.0,0.0105298620689655,7.06,-0.13,-0.0184
2018-09-06,20.62,20.98,20.47,20.65,5018543.0,0.0086526603448275,6.93,-0.06,-0.0087
2018-09-07,20.59,21.13,20.44,20.8,6380023.0,0.0110000396551724,6.87,0.05,0.0073
2018-09-10,20.77,20.92,19.63,19.78,6754020.0,0.0116448620689655,6.92,-0.34,-0.0491
2018-09-11,19.69,19.96,19.6,19.84,4203251.0,0.0072469844827586,6.58,0.02,0.003
2018-09-12,19.75,19.9,19.57,19.6,3061245.0,0.0052780086206896,6.6,-0.08,-0.0121
2018-09-13,19.27,20.26,19.27,20.11,5244081.0,0.0090415189655172,6.52,0.17,0.0261
2018-09-14,20.14,20.44,19.69,20.02,4329825.0,0.0074652155172413,6.69,-0.03,-0.0045
2018-09-17,19.78,19.87,19.45,19.84,2662420.0,0.0045903793103448,6.66,-0.06,-0.009
2018-09-18,19.72,20.8,19.54,20.53,6352270.0,0.0109521896551724,6.6,0.23,0.0348
2018-09-19,20.56,21.22,20.32,20.77,8649325.0,0.0149126293103448,6.83,0.08,0.0117
2018-09-20,20.2,20.98,20.02,20.71,8369640.0,0.0144304137931034,6.91,-0.02,-0.0029
2018-09-21,20.74,20.83,20.35,20.74,5460746.0,0.0094150793103448,6.89,0.01,0.0015
2018-09-25,20.74,22.39,20.53,21.28,10740269.0,0.0185177051724137,6.9,0.18,0.0261
2018-09-26,21.31,22.18,21.04,21.82,14438456.0,0.0248938896551724,7.08,0.18,0.0254
2018-09-27,21.88,21.88,20.7,20.79,8631819.0,0.0148824465517241,5.01,-0.24,-0.0473
2018-09-28,20.74,22.88,20.74,22.88,25320899.0,0.0301080844233055,4.77,0.48,0.1006
2018-10-08,23.97,24.75,22.23,22.23,47659935.0,0.0566705529131985,5.25,-0.15,-0.0286
2018-10-09,22.14,22.49,21.31,21.75,25641275.0,0.0304890309155766,5.1,-0.11,-0.0216
2018-10-10,21.74,21.88,21.09,21.09,16175567.0,0.0192337300832342,4.99,-0.15,-0.0301
2018-10-11,19.78,20.26,19.0,19.0,16201358.0,0.0192643971462544,4.84,-0.48,-0.0992
2018-10-12,18.52,19.56,17.34,18.91,12848364.0,0.0152774839476813,4.36,-0.02,-0.0046
2018-10-15,18.52,19.22,18.43,18.48,6894402.0,0.0081978620689655,4.34,-0.1,-0.023
2018-10-16,18.56,18.74,17.69,17.82,6869373.0,0.0081681010701545,4.24,-0.15,-0.0354
2018-10-17,18.17,18.21,17.3,17.91,5088857.0,0.0060509595719381,4.09,0.02,0.0049
2018-10-18,17.95,18.35,17.6,17.78,4992911.0,0.0059368739595719,4.11,-0.03,-0.0073
2018-10-19,16.91,18.04,16.91,17.95,5346612.0,0.0063574458977407,4.08,0.04,0.0098
2018-10-22,18.08,19.09,18.0,18.74,8066831.0,0.0095919512485136,4.12,0.18,0.0437
2018-10-23,18.74,19.26,18.43,18.61,6698771.0,0.0079652449464922,4.3,-0.03,-0.007
2018-10-24,18.74,19.0,18.39,18.61,4376820.0,0.0052043043995243,4.27,0.0,0.0
2018-10-25,17.69,18.34,17.43,18.13,6197614.0,0.0073693388822829,4.27,-0.11,-0.0258
2018-10-26,18.26,18.61,17.95,18.21,3802317.0,0.0045211854934601,4.16,0.02,0.0048
2018-10-29,18.21,18.26,17.91,18.13,2796207.0,0.0033248596908442,4.18,-0.02,-0.0048
2018-10-30,18.21,18.21,17.6,18.17,4608844.0,0.0054801950059453,4.16,0.01,0.0024
2018-10-31,18.04,18.61,18.04,18.34,5115952.0,0.0060831771700356,4.17,0.04,0.0096
2018-11-01,18.34,19.0,18.34,18.47,8021851.0,0.0095384673008323,4.21,0.03,0.0071
2018-11-02,18.69,18.87,18.47,18.87,6805237.0,0.0080918394768133,4.24,0.09,0.0212
2018-11-05,18.86,19.13,18.69,19.04,7434409.0,0.00883996313912,4.33,0.04,0.0092
2018-11-06,19.0,19.08,18.6,18.91,5882606.0,0.0069947752675386,4.37,-0.03,-0.0069
2018-11-07,18.82,19.21,18.78,18.99,5969838.0,0.0070984994054696,4.34,0.02,0.0046
2018-11-08,19.08,19.21,18.95,19.08,5433103.0,0.006460288941736,4.36,0.02,0.0046
2018-11-09,19.04,19.26,18.78,18.91,4314619.0,0.0051303436385255,4.38,-0.04,-0.0091
2018-11-12,18.82,19.47,18.82,19.43,6901628.0,0.0082064542211652,4.34,0.12,0.0276
2018-11-13,19.08,19.91,18.99,19.78,11432609.0,0.0135940653983353,4.46,0.08,0.0179
2018-11-14,19.6,20.21,19.56,19.82,9780105.0,0.0116291379310344,4.54,0.01,0.0022
2018-11-15,19.73,20.08,19.69,20.04,8213309.0,0.0097661224732461,4.55,0.05,0.011
2018-11-16,20.04,20.39,19.87,20.17,8203695.0,0.009754690844233,4.6,0.03,0.0065
2018-11-19,20.3,22.18,20.13,22.18,26996114.0,0.0321000166468489,4.63,0.46,0.0994
2018-11-20,22.44,23.22,21.0,21.0,35234020.0,0.0418953864447086,5.09,-0.27,-0.053
2018-11-21,20.3,21.13,19.87,20.7,16212249.0,0.0192773472057074,4.82,-0.07,-0.0145
2018-11-22,20.87,21.0,20.22,20.35,8387134.0,0.0099728109393579,4.75,-0.08,-0.0168
2018-11-23,20.48,21.39,20.17,20.17,17286616.0,0.0205548347205707,4.67,-0.04,-0.0086
2018-11-26,20.0,21.13,19.69,20.96,14131689.0,0.016803435196195,4.63,0.18,0.0389
2018-11-27,20.87,21.22,20.26,20.48,10072536.0,0.0119768561236623,4.81,-0.11,-0.0229
2018-11-28,20.39,20.61,19.91,20.61,6523475.0,0.0077568073721759,4.7,0.03,0.0064
2018-11-29,20.74,20.83,19.91,19.96,6460647.0,0.0076821010701545,4.73,-0.15,-0.0317
2018-11-30,19.95,20.17,18.87,19.65,7531494.0,0.0089554030915576,4.58,-0.07,-0.0153
2018-12-03,20.17,20.39,19.91,20.22,6757323.0,0.008034866825208,4.51,0.13,0.0288
2018-12-04,20.22,21.04,20.17,20.74,9980768.0,0.0118677384066587,4.64,0.12,0.0259
2018-12-05,20.22,21.31,20.0,21.17,15689656.0,0.0186559524375743,4.76,0.1,0.021
2018-12-06,21.09,21.48,20.61,21.04,11876785.0,0.0141222175980975,4.86,-0.03,-0.0062
2018-12-07,21.0,22.52,20.96,22.05,25734484.0,0.0305998620689655,4.83,0.23,0.0476
2018-12-10,21.61,22.0,21.22,21.26,13385548.0,0.0159162282996432,5.06,-0.18,-0.0356
2018-12-11,21.22,21.48,20.96,21.26,7533186.0,0.008957414982164,4.88,0.0,0.0
2018-12-12,21.35,21.65,21.17,21.26,7751679.0,0.0092172164090368,4.88,0.0,0.0
2018-12-13,21.22,22.22,20.87,21.83,15564423.0,0.0185070428061831,4.88,0.13,0.0266
2018-12-14,21.7,22.39,21.13,21.17,11876718.0,0.0141221379310344,5.01,-0.15,-0.0299
2018-12-17,21.13,21.87,20.61,21.7,12473672.0,0.0148319524375743,4.86,0.12,0.0247
2018-12-18,21.39,21.61,20.22,20.56,12759520.0,0.0151718430439952,4.98,-0.26,-0.0522
2018-12-19,20.65,20.78,20.17,20.17,5890721.0,0.0070044244946492,4.72,-0.09,-0.0191
2018-12-20,20.21,20.61,20.17,20.34,4471178.0,0.0053165017835909,4.63,0.04,0.0086
2018-12-21,20.34,20.43,20.04,20.43,3527721.0,0.004194674197384,4.67,0.02,0.0043
2018-12-24,20.39,20.78,20.26,20.78,5463680.0,0.0064966468489892,4.69,0.08,0.0171
2018-12-25,20.65,20.65,20.04,20.61,5862276.0,0.0069706016646848,4.77,-0.04,-0.0084
2018-12-26,20.78,21.26,20.56,20.96,7105477.0,0.0084488430439952,4.73,0.08,0.0169
2018-12-27,21.22,21.39,20.39,20.48,5672285.0,0.006744690844233,4.81,-0.11,-0.0229
2018-12-28,20.48,20.61,20.04,20.3,4237981.0,0.0050392164090368,4.7,-0.04,-0.0085
2019-01-02,22.35,22.35,21.0,21.08,32237761.0,0.0383326527942925,4.66,0.18,0.0386
2019-01-03,21.26,21.74,20.52,20.69,20014530.0,0.0237984898929845,4.84,-0.09,-0.0186
2019-01-04,19.95,20.87,19.73,20.65,17649831.0,0.0209867193816884,4.75,-0.01,-0.0021
2019-01-07,20.65,21.56,20.61,21.21,16298663.0,0.0193800986920332,4.74,0.13,0.0274
2019-01-08,21.39,21.65,21.09,21.26,11692534.0,0.0139031319857312,4.87,0.01,0.0021
2019-01-09,21.17,21.52,20.91,21.13,14188095.0,0.0168705053507728,4.88,-0.03,-0.0061
2019-01-10,21.17,22.35,21.0,21.57,17429736.0,0.020725013079667,4.85,0.1,0.0206
2019-01-11,21.48,22.44,21.3,22.35,23903250.0,0.0284224137931034,4.95,0.18,0.0364
2019-01-14,22.05,22.22,21.7,21.87,13930831.0,0.0165646028537455,5.13,-0.11,-0.0214
2019-01-15,21.7,22.44,21.65,22.22,14329304.0,0.0170384114149821,5.02,0.08,0.0159
2019-01-16,22.13,23.09,21.61,21.87,23571616.0,0.0280280808561236,5.1,-0.08,-0.0157
2019-01-17,21.78,21.87,21.17,21.3,12583792.0,0.0149628917954815,5.02,-0.13,-0.0259
2019-01-18,21.04,21.65,21.0,21.61,8574600.0,0.0101957193816884,4.89,0.07,0.0143
2019-01-21,21.61,21.7,21.17,21.35,7068250.0,0.008404577883472,4.96,-0.06,-0.0121
2019-01-22,21.35,21.35,20.56,20.65,9522082.0,0.0113223329369797,4.9,-0.16,-0.0327
2019-01-23,20.65,20.87,20.56,20.74,4699339.0,0.0055877990487514,4.74,0.02,0.0042
2019-01-24,20.87,20.87,20.47,20.65,6409369.0,0.0076211284185493,4.76,-0.02,-0.0042
2019-01-25,21.08,21.3,20.56,20.56,6442158.0,0.0076601165279429,4.74,-0.02,-0.0042
2019-01-28,20.78,20.82,19.78,19.82,9676344.0,0.0115057598097502,4.72,-0.17,-0.036
2019-01-29,19.91,20.0,19.17,19.47,5966871.0,0.0070949714625445,4.55,-0.08,-0.0176
2019-01-30,19.34,19.69,19.26,19.3,4147017.0,0.0049310546967895,4.47,-0.04,-0.0089
2019-01-31,19.3,19.47,18.73,18.99,4817911.0,0.0057287883472057,4.43,-0.07,-0.0158
2019-02-01,19.39,19.56,19.04,19.52,3602151.0,0.004283175980975,4.36,0.12,0.0275
2019-02-11,19.74,20.13,19.56,20.04,4248500.0,0.005051724137931,4.48,0.12,0.0268
2019-02-12,20.0,20.26,19.95,20.08,4909842.0,0.0058380998810939,4.6,0.01,0.0022
2019-02-13,20.13,20.39,19.78,20.35,8300653.0,0.009869979785969,4.61,0.06,0.013
2019-02-14,20.3,20.43,20.13,20.3,4571843.0,0.0054361985731272,4.67,-0.01,-0.0021
2019-02-15,20.35,20.65,20.35,20.35,5506469.0,0.0065475255648038,4.66,0.01,0.0021
2019-02-18,20.43,20.87,20.43,20.87,7468234.0,0.0088801831153388,4.67,0.12,0.0257
2019-02-19,20.91,21.09,20.69,20.91,8962857.0,0.0106573804994054,4.79,0.01,0.0021
2019-02-20,20.87,21.09,20.78,20.96,6461433.0,0.0076830356718192,4.8,0.01,0.0021
2019-02-21,20.96,21.3,20.78,20.87,9493587.0,0.0112884506539833,4.81,-0.02,-0.0042
2019-02-22,20.87,21.17,20.65,21.17,8222148.0,0.0097766325802615,4.79,0.07,0.0146
2019-02-25,21.48,22.44,21.26,22.13,25912161.0,0.0308111307966706,4.86,0.22,0.0453
2019-02-26,21.78,22.13,21.35,21.96,25762030.0,0.0306326159334126,5.08,-0.04,-0.0079
2019-02-27,22.31,22.83,21.83,22.09,24998273.0,0.0297244625445897,5.04,0.03,0.006
2019-02-28,21.83,22.09,21.7,21.87,12677500.0,0.0150743162901307,5.07,-0.05,-0.0099
2019-03-01,21.91,22.92,21.7,22.48,20551138.0,0.0244365493460166,5.02,0.14,0.0279
2019-03-04,22.31,22.96,22.22,22.66,25348798.0,0.0301412580261593,5.16,0.04,0.0078
2019-03-05,22.66,23.48,22.61,23.05,21508405.0,0.0255747978596908,5.2,0.09,0.0173
2019-03-06,23.05,23.74,22.74,23.57,23782743.0,0.0282791236623067,5.29,0.12,0.0227
2019-03-07,23.48,23.92,23.14,23.66,21995457.0,0.0261539322235434,5.41,0.02,0.0037
2019-03-08,23.27,23.27,21.74,22.0,21970649.0,0.0261244340071343,5.43,-0.38,-0.07
2019-03-11,22.0,22.92,22.0,22.92,15288539.0,0.018179,5.05,0.21,0.0416
2019-03-12,22.92,23.61,22.79,23.22,21455859.0,0.0255123174791914,5.26,0.07,0.0133
2019-03-13,23.61,24.18,22.87,23.0,27916966.0,0.0331949655172413,5.33,-0.05,-0.0094
2019-03-14,23.18,23.48,22.22,22.96,16137933.0,0.0191889809750297,5.28,-0.01,-0.0019
2019-03-15,23.75,24.27,23.31,23.66,23130880.0,0.0275040190249702,5.27,0.16,0.0304
2019-03-18,23.88,25.1,23.4,24.79,30457549.0,0.0362158727705113,5.43,0.26,0.0479
2019-03-19,25.4,25.92,24.18,24.44,29359144.0,0.0349098026159334,5.69,-0.08,-0.0141
2019-03-20,24.22,24.62,23.53,24.31,19245008.0,0.02288348156956,5.61,-0.03,-0.0053
2019-03-21,24.49,24.92,24.18,24.66,26624441.0,0.0316580749108204,5.58,0.08,0.0143
2019-03-22,24.75,26.53,24.66,25.71,42514999.0,0.0505529120095124,5.66,0.24,0.0424
2019-03-25,25.05,25.49,24.83,24.88,24020334.0,0.0285616337693222,5.9,-0.19,-0.0322
2019-03-26,24.97,25.23,23.75,23.92,18153444.0,0.0215855457788347,5.71,-0.22,-0.0385
2019-03-27,24.22,24.66,23.57,24.62,13135644.0,0.0156190772889417,5.49,0.16,0.0291
2019-03-28,24.4,25.53,24.09,25.23,26282247.0,0.0312511854934601,5.65,0.14,0.0248
2019-03-29,25.01,27.75,24.7,27.75,37259882.0,0.0443042592152199,5.79,0.58,0.1002
2019-04-01,28.15,28.8,27.67,28.63,79067811.0,0.0940164221165279,6.37,0.2,0.0314
2019-04-02,27.88,28.32,27.32,27.84,43136739.0,0.0512921985731272,6.57,-0.18,-0.0274
2019-04-03,27.49,27.8,27.01,27.36,27494091.0,0.0326921414982164,6.39,-0.11,-0.0172
2019-04-04,27.49,28.32,27.23,27.8,32151605.0,0.0382302080856123,6.28,0.1,0.0159
2019-04-08,27.8,27.97,26.27,26.79,26928170.0,0.0320192271105826,6.38,-0.23,-0.0361
2019-04-09,26.66,27.23,26.27,27.1,15616799.0,0.0185693210463733,6.15,0.07,0.0114
2019-04-10,26.88,26.97,26.45,26.62,13290392.0,0.0158030820451843,6.22,-0.11,-0.0177
2019-04-11,26.53,26.79,25.79,25.83,16220262.0,0.0192868751486325,6.11,-0.18,-0.0295
2019-04-12,25.79,26.01,25.09,25.53,13423710.0,0.0159616052318668,5.93,-0.07,-0.0118
2019-04-15,25.75,26.14,24.92,25.01,13383889.0,0.015914255648038,5.86,-0.12,-0.0205
2019-04-16,24.96,25.75,24.61,25.7,11519725.0,0.0136976516052318,5.74,0.16,0.0279
2019-04-17,25.7,26.31,25.53,25.7,13446095.0,0.01598822235434,5.9,0.0,0.0
2019-04-18,25.92,25.97,25.18,25.18,11063716.0,0.0131554292508917,5.9,-0.12,-0.0203
2019-04-19,25.27,25.66,24.83,25.66,10152235.0,0.0120716230677764,5.78,0.11,0.019
2019-04-22,25.97,26.1,25.62,25.7,12325822.0,0.0146561498216409,5.89,0.01,0.0017
2019-04-23,25.7,25.75,24.66,24.83,11202837.0,0.0133208525564803,5.9,-0.2,-0.0339
2019-04-24,25.09,25.09,24.44,25.09,8013382.0,0.0095283971462544,5.7,0.06,0.0105
2019-04-25,25.05,25.27,23.83,24.0,10370177.0,0.0123307693222354,5.76,-0.25,-0.0434
2019-04-26,23.96,24.27,23.61,23.87,7726400.0,0.0091871581450653,5.51,-0.03,-0.0054
2019-04-29,24.01,24.18,22.65,23.35,9490014.0,0.0112842021403091,5.48,-0.12,-0.0219
2019-04-30,23.66,24.05,23.31,23.61,5903946.0,0.0070201498216409,5.36,0.06,0.0112
2019-05-06,23.13,23.13,21.52,21.7,12724253.0,0.0151299084423305,5.42,-0.44,-0.0812
2019-05-07,22.09,22.09,21.52,21.91,6367870.0,0.0075717835909631,4.98,0.05,0.01
2019-05-08,21.52,22.09,21.3,21.83,5178068.0,0.0061570368608799,5.03,-0.02,-0.004
2019-05-09,21.78,21.91,21.56,21.65,4075084.0,0.0048455219976218,5.01,-0.04,-0.008
2019-05-10,21.82,22.26,21.48,22.13,7414992.0,0.0088168751486325,4.97,0.11,0.0221
2019-05-13,21.95,24.35,21.78,23.87,13438492.0,0.0159791819262782,5.08,0.4,0.0787
2019-05-14,23.22,23.83,23.0,23.04,12305331.0,0.0146317847800237,5.48,-0.19,-0.0347
2019-05-15,23.22,23.48,22.87,23.3,8903734.0,0.010587079667063,5.29,0.06,0.0113
2019-05-16,22.65,22.82,21.95,22.17,15666115.0,0.0186279607609988,5.35,-0.26,-0.0486
2019-05-17,22.13,22.13,21.34,21.43,9677643.0,0.0115073043995243,5.09,-0.17,-0.0334
2019-05-20,21.43,21.47,20.34,20.99,6116934.0,0.0072734054696789,4.92,-0.1,-0.0203
2019-05-21,20.99,21.34,20.78,21.26,4670689.0,0.0055537324613555,4.82,0.06,0.0124
2019-05-22,21.3,21.3,20.86,20.99,4293840.0,0.0051056361474435,4.88,-0.06,-0.0123
2019-05-23,21.08,21.17,20.47,20.69,4113779.0,0.0048915326991676,4.82,-0.07,-0.0145
2019-05-24,20.52,20.91,20.25,20.47,4185711.0,0.0049770642092746,4.75,-0.05,-0.0105
2019-05-27,20.52,21.47,20.39,21.34,5855704.0,0.006962787158145,4.7,0.2,0.0426
2019-05-28,21.35,21.35,20.91,21.08,5003407.0,0.0059493543400713,4.9,-0.06,-0.0122
2019-05-29,21.13,21.53,20.95,21.22,4712104.0,0.0056029774078478,4.74,0.03,0.0063
2019-05-30,20.99,21.22,20.77,21.04,4107419.0,0.0048839702734839,4.77,-0.04,-0.0084
2019-05-31,21.17,21.31,20.99,21.04,3536099.0,0.0042046361474435,4.73,0.0,0.0
2019-06-03,21.04,21.48,20.73,20.77,5255560.0,0.0062491795481569,4.73,-0.06,-0.0127
2019-06-04,20.95,21.04,20.06,20.15,3976483.0,0.0047282794292508,4.67,-0.14,-0.03
2019-06-05,20.42,20.46,20.02,20.02,2926272.0,0.003479514863258,4.53,-0.03,-0.0066
2019-06-06,20.1,20.24,19.84,20.1,3179673.0,0.0037808240190249,4.5,0.02,0.0044
2019-06-10,20.15,20.37,19.97,20.24,3117477.0,0.0037068692033293,4.52,0.03,0.0066
2019-06-11,20.55,21.04,20.55,21.04,5699420.0,0.0067769560047562,4.55,0.18,0.0396
2019-06-12,20.86,21.17,20.73,20.81,4025599.0,0.0047866813317479,4.73,-0.05,-0.0106
2019-06-13,20.81,21.04,20.64,20.9,3176764.0,0.0037773650416171,4.68,0.02,0.0043
2019-06-14,21.08,21.08,20.46,20.5,3425468.0,0.0040730891795481,4.7,-0.09,-0.0191
2019-06-17,20.37,20.73,20.37,20.5,2221103.0,0.0026410261593341,4.61,0.0,0.0
2019-06-18,20.59,22.02,20.37,21.08,7916940.0,0.0094137217598097,4.61,0.13,0.0282
2019-06-19,21.17,21.48,20.99,21.08,6640584.0,0.0078960570749108,4.74,0.0,0.0
2019-06-20,21.04,21.3,20.82,21.22,6153433.0,0.0073168049940546,4.74,0.03,0.0063
2019-06-21,21.35,21.48,21.22,21.35,6718410.0,0.0079885969084423,4.77,0.03,0.0063
2019-06-24,21.35,21.48,21.17,21.3,3976435.0,0.00472822235434,4.8,-0.01,-0.0021
2019-06-25,21.35,21.35,20.73,20.95,4159993.0,0.0049464839476813,4.79,-0.08,-0.0167
2019-06-26,21.08,21.13,20.86,21.04,3069284.0,0.0036495648038049,4.71,0.02,0.0042
2019-06-27,21.13,21.26,20.86,20.99,3339733.0,0.0039711450653983,4.73,-0.01,-0.0021
2019-06-28,20.99,21.04,20.41,20.55,3770360.0,0.0044831866825208,4.72,-0.1,-0.0212
2019-07-01,20.86,21.08,20.81,21.08,4871811.0,0.0057928787158145,4.62,0.12,0.026
2019-07-02,21.13,21.13,20.86,21.04,4125458.0,0.0049054197384066,4.74,-0.01,-0.0021
2019-07-03,21.04,21.08,20.82,20.9,3536268.0,0.004204837098692,4.73,-0.03,-0.0063
2019-07-04,20.95,21.26,20.9,21.08,4442612.0,0.0052825350772889,4.7,0.04,0.0085
2019-07-05,21.13,21.22,20.86,20.95,3078437.0,0.003660448275862,4.74,-0.03,-0.0063
2019-07-08,20.9,20.9,20.15,20.24,5001770.0,0.0059474078478002,4.71,-0.16,-0.034
2019-07-09,20.19,20.33,19.97,20.15,3088068.0,0.003671900118906,4.55,-0.02,-0.0044
2019-07-10,20.15,20.33,19.75,19.79,4703958.0,0.0055932913198573,4.53,-0.08,-0.0177
2019-07-11,19.84,20.01,19.79,19.88,2982898.0,0.0035468466111771,4.45,0.02,0.0045
2019-07-12,19.84,20.06,19.84,20.01,2328659.0,0.002768916765755,4.47,0.03,0.0067
2019-07-15,20.01,20.15,19.75,20.1,3147562.0,0.0037426420927467,4.5,0.02,0.0044
2019-07-16,20.1,20.19,20.01,20.15,1931113.0,0.0022962104637336,4.52,0.01,0.0022
2019-07-17,20.1,20.28,20.01,20.19,2731188.0,0.003247548156956,4.53,0.01,0.0022
2019-07-18,20.15,20.15,19.79,19.84,2849692.0,0.0033884565992865,4.54,-0.08,-0.0176
2019-07-19,19.97,20.1,19.84,19.92,2812217.0,0.0033438965517241,4.46,0.02,0.0045
2019-07-22,19.92,20.15,19.44,19.48,3491704.0,0.0041518478002378,4.48,-0.1,-0.0223
2019-07-23,19.48,19.66,19.43,19.61,2250889.0,0.0026764435196195,4.38,0.03,0.0068
2019-07-24,19.79,19.83,19.66,19.7,2360978.0,0.0028073460166468,4.41,0.02,0.0045
2019-07-25,19.7,19.79,19.57,19.7,1941622.0,0.0023087063020214,4.43,0.0,0.0
2019-07-26,19.7,19.75,19.57,19.7,1563874.0,0.0018595410225921,4.43,0.0,0.0
2019-07-29,19.7,19.79,19.57,19.66,2122645.0,0.0025239536266349,4.43,-0.01,-0.0023
2019-07-30,19.61,19.88,19.61,19.7,2346923.0,0.0027906337693222,4.42,0.01,0.0023
2019-07-31,19.66,19.7,19.48,19.57,2555110.0,0.0030381807372175,4.43,-0.03,-0.0068
2019-08-01,19.48,19.61,19.35,19.48,2331135.0,0.0027718608799048,4.4,-0.02,-0.0045
2019-08-02,19.17,19.17,18.72,18.72,4884096.0,0.0058074863258026,4.38,-0.17,-0.0388
2019-08-05,18.68,18.68,18.37,18.5,3323749.0,0.0039521391200951,4.21,-0.05,-0.0119
2019-08-06,18.5,18.5,17.12,17.61,6920017.0,0.0082283198573127,4.16,-0.2,-0.0481
2019-08-07,17.61,17.79,17.43,17.43,3692764.0,0.0043909203329369,3.96,-0.04,-0.0101
2019-08-08,17.43,17.79,17.43,17.66,3061522.0,0.003640335315101,3.92,0.05,0.0128
2019-08-09,17.66,17.92,17.52,17.57,2896667.0,0.0034443127229488,3.97,-0.02,-0.005
2019-08-12,17.57,17.75,17.52,17.7,2647958.0,0.0031485826397146,3.95,0.03,0.0076
2019-08-13,17.66,17.7,17.39,17.52,2110094.0,0.002509029726516,3.98,-0.04,-0.0101
2019-08-14,17.61,17.79,17.48,17.57,2356169.0,0.002801627824019,3.94,0.01,0.0025
2019-08-15,17.17,17.48,16.9,17.43,3299463.0,0.0039232615933412,3.95,-0.03,-0.0076
2019-08-16,17.39,17.79,17.39,17.61,3323317.0,0.0039516254458977,3.92,0.04,0.0102
2019-08-19,17.79,18.05,17.74,18.01,4729776.0,0.0056239904875148,3.96,0.09,0.0227
2019-08-20,18.05,18.19,17.96,18.1,3932741.0,0.0046762675386444,4.05,0.02,0.0049
2019-08-21,17.96,18.14,17.92,18.1,3582249.0,0.0042595112960761,4.07,0.0,0.0
2019-08-22,18.1,18.14,17.88,18.01,2965079.0,0.0035256587395957,4.07,-0.02,-0.0049
2019-08-23,18.01,18.45,17.92,18.19,5411040.0,0.0064340546967895,4.05,0.04,0.0099
2019-08-26,17.74,17.97,17.57,17.74,3236219.0,0.0038480606420927,4.09,-0.1,-0.0244
2019-08-27,18.01,18.19,17.88,18.1,3440823.0,0.0040913472057074,3.99,0.08,0.0201
2019-08-28,18.01,18.28,18.01,18.23,3411629.0,0.0040566337693222,4.07,0.03,0.0074
2019-08-29,18.23,18.72,18.1,18.46,6663719.0,0.0079235659928656,4.1,0.05,0.0122
2019-08-30,18.59,18.86,18.1,18.19,6468048.0,0.0076909013079667,4.15,-0.06,-0.0145
2019-09-02,18.1,18.72,18.1,18.63,5529570.0,0.0065749940546967,4.09,0.1,0.0244
2019-09-03,18.54,18.94,18.37,18.54,4625807.0,0.0055003650416171,4.19,-0.02,-0.0048
2019-09-04,18.37,18.94,18.37,18.72,5285966.0,0.0062853341260404,4.17,0.04,0.0096
2019-09-05,18.77,19.03,18.72,18.81,7830892.0,0.0093114054696789,4.21,0.02,0.0048
2019-09-06,18.81,18.9,18.72,18.86,4108518.0,0.0048852770511296,4.23,0.01,0.0024
2019-09-09,18.95,19.17,18.86,19.03,5208075.0,0.0061927170035671,4.24,0.04,0.0094
2019-09-10,19.03,19.08,18.77,18.9,5377477.0,0.0063941462544589,4.28,-0.03,-0.007
2019-09-11,18.99,19.3,18.9,19.21,8702848.0,0.0103482140309155,4.25,0.07,0.0165
2019-09-12,19.48,19.66,19.12,19.21,8063158.0,0.0095875838287752,4.32,0.0,0.0
2019-09-16,19.21,19.3,19.08,19.12,3557125.0,0.0042296373365041,4.32,-0.02,-0.0046
2019-09-17,19.04,19.12,18.59,18.72,4924456.0,0.0058554768133174,4.3,-0.09,-0.0209
2019-09-18,18.68,19.04,18.59,18.77,4081215.0,0.0048528121284185,4.21,0.01,0.0024
2019-09-19,18.72,19.88,18.5,19.35,9772842.0,0.0116205017835909,4.22,0.13,0.0308
2019-09-20,19.57,20.68,19.17,19.88,16326689.0,0.0194134233055885,4.35,0.12,0.0276
2019-09-23,19.3,20.82,19.17,20.1,14787018.0,0.017582661117717,4.47,0.05,0.0112
2019-09-24,19.88,20.02,19.44,19.57,11750097.0,0.013971577883472,4.52,-0.12,-0.0265
2019-09-25,19.44,19.44,18.68,18.82,8127920.0,0.0096645897740784,4.4,-0.17,-0.0386
2019-09-26,18.95,18.99,18.19,18.19,5639447.0,0.006705644470868,4.23,-0.14,-0.0331
2019-09-27,18.15,18.46,18.1,18.24,3632188.0,0.0043188917954815,4.09,0.01,0.0024
2019-09-30,18.19,18.37,17.79,17.88,4464776.0,0.0053088894173602,4.1,-0.08,-0.0195
2019-10-08,17.79,18.15,17.79,17.88,4089509.0,0.004862674197384,4.02,0.0,0.0
2019-10-09,17.79,18.02,17.7,18.02,2784093.0,0.0033104554102259,4.02,0.03,0.0075
2019-10-10,17.97,18.24,17.93,18.24,3632110.0,0.0043187990487514,4.05,0.05,0.0123
2019-10-11,18.46,19.53,18.28,19.04,9921685.0,0.0117974851367419,4.1,0.18,0.0439
2019-10-14,19.13,19.22,18.9,19.04,6729346.0,0.0080016004756242,4.28,0.0,0.0
2019-10-15,18.9,19.3,18.73,19.17,5894979.0,0.0070094875148632,4.28,0.03,0.007
2019-10-16,19.17,19.17,18.68,18.77,3544685.0,0.0042148454221165,4.31,-0.09,-0.0209
2019-10-17,18.77,18.9,18.55,18.64,2317002.0,0.0027550558858501,4.22,-0.03,-0.0071
2019-10-18,18.55,18.77,18.19,18.28,4046519.0,0.0048115564803804,4.19,-0.08,-0.0191
2019-10-21,18.15,18.32,18.01,18.19,2495287.0,0.0029670475624256,4.11,-0.02,-0.0049
2019-10-22,18.28,18.37,18.15,18.28,2083872.0,0.002477850178359,4.09,0.02,0.0049
2019-10-23,18.28,18.37,18.1,18.1,1858706.0,0.0022101141498216,4.11,-0.04,-0.0097
2019-10-24,18.19,18.24,18.01,18.06,1817917.0,0.0021616135552913,4.07,-0.01,-0.0025
2019-10-25,18.19,18.32,18.06,18.28,2568269.0,0.0030538275862068,4.06,0.05,0.0123
2019-10-28,18.24,18.77,18.19,18.68,3300245.0,0.0039241914387633,4.11,0.09,0.0219
2019-10-29,18.68,18.77,18.59,18.77,3834783.0,0.0045597895362663,4.2,0.02,0.0048
2019-10-30,18.64,18.64,18.01,18.19,5554358.0,0.0066044684898929,4.22,-0.13,-0.0308
2019-10-31,18.24,18.24,17.61,17.75,5070524.0,0.0060291605231866,4.09,-0.1,-0.0244
2019-11-01,17.75,17.97,17.57,17.84,3247965.0,0.0038620273483947,3.99,0.02,0.005
2019-11-04,17.84,18.06,17.84,17.93,2420123.0,0.0028776730083234,4.01,0.02,0.005
2019-11-05,17.93,18.02,17.75,17.97,2293466.0,0.0027270701545778,4.03,0.01,0.0025
2019-11-06,17.93,18.06,17.75,17.84,2191121.0,0.0026053757431629,4.04,-0.03,-0.0074
2019-11-07,17.84,17.93,17.75,17.88,2009892.0,0.002389883472057,4.01,0.01,0.0025
2019-11-08,17.88,17.97,17.75,17.79,1988688.0,0.0023646706302021,4.02,-0.02,-0.005
2019-11-11,17.7,17.75,17.26,17.3,3671109.0,0.0043651712247324,4.0,-0.11,-0.0275
2019-11-12,17.35,17.44,17.17,17.39,1996701.0,0.0023741985731272,3.89,0.02,0.0051
2019-11-13,17.35,17.39,17.21,17.3,1202116.0,0.0014293888228299,3.91,-0.02,-0.0051
2019-11-14,17.3,17.57,17.3,17.48,1699420.0,0.0020207134363852,3.89,0.04,0.0103
2019-11-15,17.48,17.48,17.21,17.21,1548831.0,0.0018416539833531,3.93,-0.06,-0.0153
2019-11-18,17.3,17.35,17.17,17.3,1704422.0,0.002026661117717,3.87,0.02,0.0052
2019-11-19,17.3,17.57,17.21,17.57,2663865.0,0.0031674970273483,3.89,0.06,0.0154
2019-11-20,17.57,17.57,17.35,17.39,1980000.0,0.0023543400713436,3.95,-0.04,-0.0101
2019-11-21,17.35,17.44,17.21,17.39,1845817.0,0.0021947883472057,3.91,0.0,0.0
2019-11-22,17.39,17.53,17.26,17.48,2503282.0,0.0029765541022592,3.91,0.02,0.0051
2019-11-25,17.39,17.93,17.39,17.88,5456547.0,0.0064881652794292,3.93,0.09,0.0229
2019-11-26,17.84,18.01,17.61,17.75,3200965.0,0.0038061414982164,4.02,-0.03,-0.0075
2019-11-27,17.75,17.75,17.35,17.61,2822625.0,0.003356272294887,3.99,-0.03,-0.0075
2019-11-28,18.01,19.39,18.01,19.39,13350973.0,0.0158751165279429,3.96,0.4,0.101
2019-11-29,19.39,19.39,18.37,18.5,27075543.0,0.0321944625445897,4.36,-0.2,-0.0459
2019-12-02,18.24,18.68,18.01,18.64,14799401.0,0.017597385255648,4.16,0.03,0.0072
2019-12-03,18.37,18.59,18.24,18.46,8590678.0,0.010214837098692,4.19,-0.04,-0.0095
2019-12-04,18.28,18.5,18.15,18.46,7149095.0,0.008500707491082,4.15,0.0,0.0
2019-12-05,18.59,18.59,18.28,18.42,6771623.0,0.00805187039239,4.15,-0.01,-0.0024
2019-12-06,18.37,18.81,18.33,18.5,8971891.0,0.0106681224732461,4.14,0.02,0.0048
2019-12-09,18.33,18.55,18.28,18.5,6901247.0,0.0082060011890606,4.16,0.0,0.0
2019-12-10,18.46,18.5,18.33,18.5,5333902.0,0.0063423329369797,4.16,0.0,0.0
2019-12-11,18.68,19.39,18.55,18.73,12313651.0,0.0146416777645659,4.16,0.05,0.012
2019-12-12,18.55,18.72,18.32,18.46,6492517.0,0.007719996432818,4.21,-0.06,-0.0143
2019-12-13,18.46,18.64,18.41,18.59,5964486.0,0.0070921355529131,4.15,0.03,0.0072
2019-12-16,18.64,18.72,18.46,18.72,6433372.0,0.0076496694411414,4.18,0.03,0.0072
2019-12-17,18.59,19.04,18.59,18.9,9807977.0,0.0116622794292508,4.21,0.04,0.0095
2019-12-18,18.9,18.99,18.68,18.86,8175693.0,0.0097213947681331,4.25,-0.01,-0.0024
2019-12-19,18.9,18.99,18.81,18.99,5890070.0,0.0070036504161712,4.24,0.03,0.0071
2019-12-20,18.99,19.3,18.63,18.72,7942783.0,0.0094444506539833,4.27,-0.06,-0.0141
2019-12-23,18.68,19.3,18.41,18.63,9414179.0,0.011194029726516,4.21,-0.02,-0.0048
2019-12-24,18.46,18.68,18.32,18.59,6709830.0,0.0079783947681331,4.19,-0.01,-0.0024
2019-12-25,18.63,18.63,18.41,18.45,4195198.0,0.0049883448275862,4.18,-0.03,-0.0072
2019-12-26,18.46,18.9,18.37,18.72,5250245.0,0.0062428596908442,4.15,0.06,0.0145
2019-12-27,18.72,18.86,18.5,18.54,5310928.0,0.0063150154577883,4.21,-0.04,-0.0095
2019-12-30,18.46,18.63,18.23,18.63,5415811.0,0.0064397277051129,4.17,0.02,0.0048
2019-12-31,18.68,19.26,18.59,18.99,10371379.0,0.0123321985731272,4.19,0.08,0.0191
2020-01-02,19.17,19.48,19.03,19.03,10575920.0,0.0125754102259215,4.27,0.01,0.0023
2020-01-03,19.12,19.3,18.94,19.3,8720219.0,0.0103688692033293,4.28,0.06,0.014
2020-01-06,19.12,19.74,18.94,19.61,14950290.0,0.0177768014268727,4.34,0.07,0.0161
2020-01-07,19.7,19.7,19.34,19.57,10539759.0,0.0125324126040428,4.41,-0.01,-0.0023
2020-01-08,19.43,19.48,19.03,19.03,9750567.0,0.0115940154577883,4.4,-0.12,-0.0273
2020-01-09,19.25,19.39,19.08,19.3,7121931.0,0.0084684078478002,4.28,0.06,0.014
2020-01-10,19.43,19.43,19.03,19.03,5923145.0,0.0070429785969084,4.34,-0.06,-0.0138
2020-01-13,19.08,19.21,18.81,19.16,5484651.0,0.0065215826397146,4.28,0.03,0.007
2020-01-14,19.16,19.34,19.12,19.21,6028491.0,0.0071682413793103,4.31,0.01,0.0023
2020-01-15,19.21,19.21,18.85,19.21,5790679.0,0.0068854684898929,4.32,0.0,0.0
2020-01-16,19.39,19.52,18.94,18.94,5098104.0,0.0060619548156956,4.32,-0.06,-0.0139
2020-01-17,18.85,19.03,18.85,18.9,2996228.0,0.0035626967895362,4.26,-0.01,-0.0023
2020-01-20,18.9,18.99,18.68,18.9,4340468.0,0.005161079667063,4.25,0.0,0.0
2020-01-21,18.9,18.99,18.59,18.59,5115482.0,0.0060826183115338,4.25,-0.07,-0.0165
2020-01-22,18.59,18.72,18.41,18.59,4007911.0,0.0047656492271105,4.18,0.0,0.0
2020-01-23,18.5,18.54,17.79,17.92,7618419.0,0.0090587621878715,4.18,-0.15,-0.0359
2020-02-03,16.14,16.14,16.14,16.14,2188300.0,0.0026020214030915,4.03,-0.4,-0.0993
2020-02-04,14.54,15.83,14.54,15.7,10476811.0,0.0124575636147443,3.63,-0.1,-0.0275
2020-02-05,15.7,16.14,15.65,15.79,5995613.0,0.0071291474435196,3.53,0.02,0.0057
2020-02-06,15.87,16.01,15.56,15.87,6820453.0,0.0081099322235434,3.55,0.02,0.0056
2020-02-07,15.7,15.87,15.61,15.83,5237868.0,0.006228142687277,3.57,-0.01,-0.0028
2020-02-10,15.65,16.27,15.61,16.27,6855452.0,0.008151548156956,3.56,0.1,0.0281
2020-02-11,16.32,16.59,16.23,16.36,6584144.0,0.0078289464922711,3.66,0.02,0.0055
2020-02-12,16.32,16.54,16.27,16.54,4694119.0,0.0055815921521997,3.68,0.04,0.0109
2020-02-13,16.54,16.63,16.14,16.19,5884342.0,0.0069968394768133,3.72,-0.08,-0.0215
2020-02-14,16.19,16.36,16.05,16.28,3341526.0,0.0039732770511296,3.64,0.02,0.0055
2020-02-17,16.32,16.76,16.28,16.76,5683224.0,0.0067576979785969,3.66,0.11,0.0301
2020-02-18,16.72,17.25,16.63,17.17,8128283.0,0.0096650214030915,3.77,0.09,0.0239
2020-02-19,17.21,17.7,17.03,17.39,8601454.0,0.0102276504161712,3.86,0.05,0.013
2020-02-20,17.57,17.57,17.03,17.39,7412646.0,0.0088140856123662,3.91,0.0,0.0
2020-02-21,17.34,17.97,17.3,17.7,9086136.0,0.010803966706302,3.91,0.07,0.0179
2020-02-24,17.74,17.79,17.34,17.66,7353890.0,0.0087442211652794,3.98,-0.01,-0.0025
2020-02-25,17.17,17.34,16.63,17.25,11274169.0,0.0134056706302021,3.97,-0.09,-0.0227
2020-02-26,17.03,17.74,16.81,17.39,11506206.0,0.0136815766944114,3.88,0.03,0.0077
2020-02-27,17.17,17.61,17.08,17.12,9428712.0,0.0112113103448275,3.91,-0.06,-0.0153
2020-02-28,16.63,17.57,16.54,16.63,11394320.0,0.0135485374554102,3.85,-0.11,-0.0286
2020-03-02,16.68,17.7,16.63,17.52,11073701.0,0.013167302021403,3.74,0.2,0.0535
2020-03-03,17.79,17.92,17.21,17.43,11164117.0,0.0132748121284185,3.94,-0.02,-0.0051
2020-03-04,17.43,18.1,17.21,17.92,12776725.0,0.0151923008323424,3.92,0.11,0.0281
2020-03-05,18.1,18.59,17.79,18.41,17737328.0,0.0210907586206896,4.03,0.11,0.0273
2020-03-06,18.1,18.77,17.88,18.46,15729132.0,0.0187028917954815,4.14,0.01,0.0024
2020-03-09,18.32,19.26,17.97,17.97,17162113.0,0.0204067931034482,4.15,-0.11,-0.0265
2020-03-10,17.43,18.28,17.34,18.1,11092339.0,0.0131894637336504,4.04,0.03,0.0074
2020-03-11,18.1,19.03,17.92,18.5,21258916.0,0.0252781403091557,4.07,0.09,0.0221
2020-03-12,18.28,18.68,17.79,17.97,10334724.0,0.0122886135552913,4.16,-0.12,-0.0288
2020-03-13,17.17,18.77,16.81,18.63,17436100.0,0.0207325802615933,4.04,0.15,0.0371
2020-03-16,18.72,19.21,18.06,18.23,23413430.0,0.0278399881093935,4.19,-0.09,-0.0215
2020-03-17,18.19,20.06,17.79,19.66,38735871.0,0.0460592996432818,4.1,0.32,0.078
2020-03-18,19.21,19.79,18.72,18.86,39492357.0,0.0469588073721759,4.42,-0.18,-0.0407
2020-03-19,18.77,19.65,18.45,19.57,25797717.0,0.0306750499405469,4.24,0.16,0.0377
2020-03-20,19.61,20.46,19.26,19.61,32283266.0,0.0383867609988109,4.4,0.01,0.0023
2020-03-23,18.94,19.39,18.28,18.54,21077700.0,0.0250626634958382,4.41,-0.24,-0.0544
2020-03-24,18.72,18.99,17.61,18.32,17645594.0,0.0209816813317479,4.17,-0.05,-0.012
2020-03-25,18.54,19.03,18.06,18.59,16521467.0,0.0196450261593341,4.12,0.06,0.0146
2020-03-26,18.32,18.77,17.97,17.97,14174935.0,0.0168548573127229,4.18,-0.14,-0.0335
2020-03-27,18.23,18.9,17.92,18.37,15633968.0,0.0185897360285374,4.04,0.09,0.0223
2020-03-30,18.1,18.9,17.43,18.72,21200335.0,0.0252084839476813,4.13,0.08,0.0194
2020-03-31,19.08,19.08,17.7,17.74,19795694.0,0.0235382806183115,4.21,-0.22,-0.0523
2020-04-01,17.74,17.92,16.9,16.9,13947798.0,0.0165847776456599,3.99,-0.19,-0.0476
2020-04-02,16.68,17.08,16.45,17.08,6301328.0,0.007492661117717,3.8,0.04,0.0105
2020-04-03,17.08,17.21,16.81,16.85,4432528.0,0.005270544589774,3.84,-0.05,-0.013
2020-04-07,17.12,17.43,16.99,17.34,6823728.0,0.0081138263971462,3.79,0.11,0.029
2020-04-08,17.34,17.61,17.17,17.43,4986028.0,0.0059286896551724,3.9,0.02,0.0051
2020-04-09,17.43,17.7,17.43,17.61,5302584.0,0.0063050939357907,3.92,0.04,0.0102
2020-04-10,17.61,17.61,17.03,17.12,4927867.0,0.0058595326991676,3.96,-0.11,-0.0278
2020-04-13,17.03,17.25,16.85,17.08,2972790.0,0.0035348275862068,3.85,-0.01,-0.0026
2020-04-14,17.08,17.34,17.03,17.3,3040111.0,0.0036148763376932,3.84,0.05,0.013
2020-04-15,17.34,17.39,16.99,16.99,3640466.0,0.0043287348394768,3.89,-0.07,-0.018
2020-04-16,16.99,17.3,16.85,17.21,4516949.0,0.0053709262782401,3.82,0.05,0.0131
2020-04-17,17.3,18.1,17.12,17.57,12586633.0,0.0149662699167657,3.87,0.08,0.0207
2020-04-20,17.48,17.83,17.34,17.57,7834131.0,0.0093152568370986,3.95,0.0,0.0
2020-04-21,17.39,17.43,17.03,17.21,6456126.0,0.0076767253269916,3.95,-0.08,-0.0203
2020-04-22,17.08,17.34,17.03,17.34,3050113.0,0.0036267693222354,3.87,0.03,0.0078
2020-04-23,17.39,18.01,17.25,17.79,9783254.0,0.0116328822829964,3.9,0.1,0.0256
2020-04-24,17.65,17.7,17.34,17.34,5547408.0,0.0065962045184304,4.0,-0.1,-0.025
2020-04-27,17.34,17.61,16.9,17.08,4400669.0,0.0052326623067776,3.9,-0.06,-0.0154
2020-04-28,17.12,17.25,15.7,16.5,6866495.0,0.0081646789536266,3.84,-0.13,-0.0339
2020-04-29,16.5,16.67,16.36,16.45,2463986.0,0.0029298287752675,3.71,-0.01,-0.0027
2020-04-30,16.41,16.85,16.41,16.76,4885684.0,0.0058093745541022,3.7,0.07,0.0189
2020-05-06,16.67,16.85,16.54,16.85,3663499.0,0.0043561224732461,3.77,0.02,0.0053
2020-05-07,16.85,17.52,16.67,17.16,7332711.0,0.0087190380499405,3.79,0.07,0.0185
2020-05-08,17.07,17.21,16.9,16.98,5043259.0,0.00599674078478,3.86,-0.04,-0.0104
2020-05-11,17.03,17.16,16.98,17.07,2456504.0,0.0029209322235434,3.82,0.02,0.0052
2020-05-12,17.03,17.07,16.72,16.81,3620401.0,0.0043048763376932,3.84,-0.06,-0.0156
2020-05-13,16.81,16.81,16.67,16.72,2584094.0,0.003072644470868,3.78,-0.02,-0.0053
2020-05-14,16.67,16.72,16.41,16.41,3521575.0,0.0041873662306777,3.76,-0.07,-0.0186
2020-05-15,16.58,16.58,16.27,16.36,2901536.0,0.0034501022592152,3.69,-0.01,-0.0027
2020-05-18,16.45,16.54,16.32,16.5,2441122.0,0.0029026420927467,3.68,0.03,0.0082
2020-05-19,16.54,16.67,16.5,16.59,2323856.0,0.002763205707491,3.71,0.02,0.0054
2020-05-20,16.5,16.59,16.32,16.36,2056494.0,0.0024452960760998,3.73,-0.05,-0.0134
2020-05-21,16.5,16.76,16.36,16.45,3567638.0,0.0042421379310344,3.68,0.02,0.0054
2020-05-22,16.5,16.54,16.14,16.19,2762778.0,0.0032851105826397,3.7,-0.06,-0.0162
2020-05-25,16.23,16.41,15.96,16.01,1462394.0,0.0017388751486325,3.64,-0.04,-0.011
2020-05-26,16.05,16.27,16.05,16.23,2066040.0,0.0024566468489892,3.6,0.05,0.0139
2020-05-27,17.88,17.88,17.61,17.88,25338249.0,0.0301287146254458,3.65,0.37,0.1014
2020-05-28,18.68,19.65,18.45,19.65,32191314.0,0.0382774244946492,4.02,0.4,0.0995
2020-05-29,20.63,21.61,20.36,21.61,48185140.0,0.0572950535077288,4.42,0.44,0.0995
2020-06-01,23.79,23.79,23.74,23.79,24177037.0,0.02874796313912,4.86,0.49,0.1008
2020-06-02,26.19,26.19,26.19,26.19,6212864.0,0.0073874720570749,5.35,0.54,0.1009
2020-06-03,26.23,27.03,23.57,24.9,148861620.0,0.1770054934601664,5.89,-0.29,-0.0492
2020-06-04,23.34,24.19,22.41,22.68,114602303.0,0.1362690879904875,5.6,-0.5,-0.0893
2020-06-05,22.01,22.68,21.25,21.65,75138906.0,0.0893447158145065,5.1,-0.23,-0.0451
2020-06-08,21.39,22.19,20.72,22.1,69608242.0,0.0827684209274673,4.87,0.1,0.0205
2020-06-09,21.56,22.01,20.94,21.43,51951366.0,0.0617733246135552,4.97,-0.15,-0.0302
2020-06-10,21.12,21.79,20.76,21.16,39122956.0,0.0465195671819262,4.82,-0.06,-0.0124
2020-06-11,20.99,21.79,20.94,21.65,44134063.0,0.0524780772889417,4.76,0.11,0.0231
2020-06-12,20.9,21.52,20.81,21.03,37459784.0,0.0445419548156956,4.87,-0.14,-0.0287
2020-06-15,20.94,20.94,19.92,20.14,43088252.0,0.051234544589774,4.73,-0.2,-0.0423
2020-06-16,20.28,20.54,20.05,20.23,25802150.0,0.0306803210463733,4.53,0.02,0.0044
2020-06-17,20.36,20.5,19.61,19.87,29147974.0,0.0346587086801426,4.55,-0.08,-0.0176
2020-06-18,20.05,20.1,19.48,19.48,22696893.0,0.0269879821640903,4.47,-0.09,-0.0201
2020-06-19,19.52,19.79,19.43,19.52,23750675.0,0.0282409928656361,4.38,0.01,0.0023
2020-06-22,19.52,20.01,19.52,19.65,22715482.0,0.0270100856123662,4.39,0.03,0.0068
2020-06-23,19.7,19.74,19.03,19.21,23410635.0,0.0278366646848989,4.42,-0.1,-0.0226
2020-06-24,19.16,19.39,18.85,19.3,16688631.0,0.0198437942925089,4.26,0.02,0.0047
2020-06-29,19.12,19.88,19.03,19.57,21835832.0,0.0259641284185493,4.28,0.06,0.014
2020-06-30,19.48,19.79,19.39,19.61,18804206.0,0.0223593412604042,4.34,0.01,0.0023
2020-07-01,19.88,20.02,19.12,19.48,19107947.0,0.0227205077288941,4.35,-0.03,-0.0069
2020-07-02,19.43,19.57,19.21,19.57,20424877.0,0.0242864173602853,4.32,0.02,0.0046
2020-07-03,19.43,19.93,19.39,19.79,27038117.0,0.0321499607609988,4.34,0.05,0.0115
2020-07-06,19.79,20.6,19.66,20.38,44320911.0,0.0527002508917954,4.39,0.13,0.0296
2020-07-07,20.6,20.79,20.06,20.38,44257264.0,0.0526245707491082,4.52,0.0,0.0
2020-07-08,20.42,20.74,20.11,20.7,31471438.0,0.037421448275862,4.52,0.07,0.0155
2020-07-09,20.69,21.51,20.51,21.46,46053091.0,0.0547599179548157,4.59,0.17,0.037
2020-07-10,21.28,21.78,20.78,20.83,34968416.0,0.0415795671819262,4.76,-0.14,-0.0294
2020-07-13,21.15,21.64,21.1,21.51,33956929.0,0.0403768478002378,4.62,0.15,0.0325
2020-07-14,21.42,21.73,20.56,20.96,30257382.0,0.0359778620689655,4.77,-0.12,-0.0252
2020-07-15,21.01,21.14,20.06,20.11,21618634.0,0.025705866825208,4.65,-0.19,-0.0409
2020-07-16,20.06,20.2,18.84,18.94,23969746.0,0.02850148156956,4.46,-0.26,-0.0583
2020-07-17,17.99,18.03,17.04,17.72,32436259.0,0.0385686789536266,4.2,-0.27,-0.0643
2020-07-20,17.9,18.89,17.85,18.89,24116452.0,0.0286759239001189,3.93,0.26,0.0662
2020-07-21,18.98,19.16,18.62,18.8,13411716.0,0.0159473436385255,4.19,-0.02,-0.0048
2020-07-22,18.93,18.93,18.48,18.48,13637406.0,0.0162157027348394,4.17,-0.07,-0.0168
2020-07-23,18.39,18.48,17.9,18.48,13395863.0,0.0159284934601664,4.1,0.0,0.0
2020-07-24,18.62,18.62,17.63,17.76,14483396.0,0.0172216361474435,4.1,-0.16,-0.039
2020-07-27,17.76,17.99,17.49,17.81,7555414.0,0.0089838454221165,3.94,0.01,0.0025
2020-07-28,18.12,18.26,17.99,18.21,8051206.0,0.0095733721759809,3.95,0.09,0.0228
2020-07-29,18.17,18.53,17.94,18.48,10409021.0,0.0123769571938168,4.04,0.06,0.0149
2020-07-30,18.48,18.8,18.35,18.48,10334696.0,0.0122885802615933,4.1,0.0,0.0
2020-07-31,18.44,19.48,18.3,19.3,24174821.0,0.0287453281807372,4.1,0.18,0.0439
2020-08-03,19.25,19.61,19.12,19.61,19558411.0,0.0232561367419738,4.28,0.07,0.0164
2020-08-04,19.61,19.61,19.16,19.21,13896014.0,0.0165232033293698,4.35,-0.09,-0.0207
2020-08-05,19.25,19.39,18.85,19.25,10361565.0,0.0123205291319857,4.26,0.01,0.0023
2020-08-06,19.34,19.43,18.8,19.39,13157641.0,0.0156452330558858,4.27,0.03,0.007
2020-08-07,19.39,19.43,18.85,18.98,9033804.0,0.01074174078478,4.3,-0.09,-0.0209
2020-08-10,18.94,20.87,18.85,20.87,29971810.0,0.0356382996432818,4.21,0.42,0.0998
2020-08-11,21.37,21.37,20.02,20.15,55773507.0,0.0663180820451843,4.63,-0.16,-0.0346
2020-08-12,19.97,21.01,19.61,20.83,32282194.0,0.0383854863258026,4.47,0.15,0.0336
2020-08-13,20.56,21.78,20.42,20.65,36497171.0,0.0433973495838287,4.62,-0.04,-0.0087
2020-08-14,20.29,21.73,19.93,21.37,36396531.0,0.0432776825208085,4.58,0.16,0.0349
2020-08-17,21.19,21.37,20.74,21.23,27643679.0,0.0328700107015457,4.74,-0.03,-0.0063
2020-08-18,21.1,21.46,20.78,20.83,21775927.0,0.0258928977407847,4.71,-0.09,-0.0191
2020-08-19,20.87,21.05,20.47,20.65,18051064.0,0.0214638097502972,4.62,-0.04,-0.0087
2020-08-20,20.51,20.51,19.79,19.84,16230940.0,0.0192995719381688,4.58,-0.18,-0.0393
2020-08-21,19.97,20.11,19.84,20.06,8965633.0,0.0106606813317479,4.4,0.05,0.0114
2020-08-24,20.06,20.2,19.84,20.11,7750944.0,0.0092163424494649,4.45,0.01,0.0022
2020-08-25,19.93,20.15,19.39,19.48,13925714.0,0.0165585184304399,4.46,-0.14,-0.0314
2020-08-26,19.52,19.88,19.25,19.48,9202072.0,0.0109418216409036,4.32,0.0,0.0
2020-08-27,19.39,20.11,19.34,20.02,10844173.0,0.0128943793103448,4.32,0.12,0.0278
2020-08-28,20.15,20.15,19.57,19.84,8620697.0,0.010250531510107,4.44,-0.04,-0.009
2020-08-31,20.02,20.6,19.97,20.24,14297594.0,0.0170007063020214,4.4,0.09,0.0205
2020-09-01,20.33,20.56,20.06,20.29,8277423.0,0.0098423579072532,4.49,0.01,0.0022
2020-09-02,20.38,20.42,19.88,20.06,9533181.0,0.0113355303210463,4.5,-0.05,-0.0111
2020-09-03,20.06,20.15,19.48,19.48,9255487.0,0.011005335315101,4.45,-0.13,-0.0292
2020-09-04,19.3,20.02,19.07,19.97,10093966.0,0.0120023376932223,4.32,0.11,0.0255
2020-09-07,20.15,20.87,20.02,20.38,25762496.0,0.0306331700356718,4.43,0.09,0.0203
2020-09-08,20.69,20.74,20.15,20.51,14644680.0,0.0174134126040428,4.52,0.03,0.0066
2020-09-09,20.24,20.65,19.97,20.02,16589756.0,0.0197262259215219,4.55,-0.11,-0.0242
2020-09-10,20.2,20.33,19.21,19.25,16779256.0,0.0199515529131985,4.44,-0.17,-0.0383
2020-09-11,19.84,21.19,19.79,21.19,16081319.0,0.0191216634958382,4.27,0.43,0.1007
2020-09-14,22.22,22.9,20.92,21.73,72918795.0,0.0867048692033293,4.7,0.12,0.0255
2020-09-15,21.23,21.46,20.74,21.19,30890157.0,0.0367302699167657,4.82,-0.12,-0.0249
2020-09-16,20.96,21.73,20.65,20.74,27680193.0,0.0329134280618311,4.7,-0.1,-0.0213
2020-09-17,20.65,21.37,20.38,21.1,23173388.0,0.0275545636147443,4.6,0.08,0.0174
2020-09-18,21.1,21.19,20.38,20.92,20452714.0,0.0243195172413793,4.68,-0.04,-0.0085
2020-09-21,20.65,20.74,20.15,20.29,17167738.0,0.02041348156956,4.64,-0.14,-0.0302
2020-09-22,19.97,20.15,19.48,19.61,15054954.0,0.0179012532699167,4.5,-0.15,-0.0333
2020-09-23,19.57,19.97,19.48,19.93,10033106.0,0.0119299714625445,4.35,0.07,0.0161
2020-09-24,19.75,20.15,19.38,19.88,13817939.0,0.0164303674197384,4.42,-0.01,-0.0023
2020-09-25,19.97,20.11,19.39,19.39,10759369.0,0.0127935422116527,4.41,-0.11,-0.0249
2020-09-28,19.43,19.57,18.84,18.84,8355800.0,0.0099355529131985,4.3,-0.12,-0.0279
2020-09-29,18.98,19.39,18.75,19.16,7211621.0,0.0085750546967895,4.18,0.07,0.0167
2020-09-30,19.2,19.29,18.84,18.93,4800600.0,0.0057082045184304,4.25,-0.05,-0.0118
2020-10-09,19.16,19.61,19.07,19.56,7587955.0,0.0090225386444708,4.2,0.14,0.0333
2020-10-12,19.7,19.88,19.52,19.79,10580319.0,0.012580640903686,4.34,0.05,0.0115
2020-10-13,19.79,19.92,19.61,19.74,7122474.0,0.0084690535077288,4.39,-0.01,-0.0023
2020-10-14,19.7,19.7,19.11,19.25,10435486.0,0.0124084256837098,4.38,-0.11,-0.0251
2020-10-15,19.11,19.25,18.98,19.02,5276949.0,0.0062746123662306,4.27,-0.05,-0.0117
2020-10-16,18.93,19.25,18.93,19.11,4598659.0,0.0054680844233055,4.22,0.02,0.0047
2020-10-19,19.2,19.25,18.84,18.89,6606702.0,0.0078557693222354,4.24,-0.05,-0.0118
2020-10-20,18.84,18.89,18.48,18.84,7454725.0,0.0088641200951248,4.19,-0.01,-0.0024
2020-10-21,18.93,19.34,18.57,19.29,10137519.0,0.0120541248513674,4.18,0.1,0.0239
2020-10-22,19.29,19.56,19.07,19.07,9396800.0,0.0111733650416171,4.28,-0.05,-0.0117
2020-10-23,19.11,19.11,18.53,18.57,7199951.0,0.0085611783590963,4.23,-0.11,-0.026
2020-10-26,18.48,18.48,18.17,18.35,5045853.0,0.0059998252080856,4.12,-0.05,-0.0121
2020-10-27,18.26,18.39,18.08,18.17,4298324.0,0.0051109678953626,4.07,-0.04,-0.0098
2020-10-28,18.12,18.3,17.9,18.26,5179348.0,0.0061585588585017,4.03,0.02,0.005
2020-10-29,18.03,18.26,17.9,18.12,3732493.0,0.0044381605231866,4.05,-0.03,-0.0074
2020-10-30,18.12,18.26,17.4,17.45,7563761.0,0.008993770511296,4.02,-0.15,-0.0373
2020-11-02,17.36,17.67,17.27,17.49,4349514.0,0.0051718359096313,3.87,0.01,0.0026
2020-11-03,17.49,17.9,17.49,17.9,4255453.0,0.0050599916765755,3.88,0.09,0.0232
2020-11-04,18.21,18.21,17.67,17.9,4083023.0,0.0048549619500594,3.97,0.0,0.0
2020-11-05,17.94,18.26,17.85,18.26,6616028.0,0.0078668585017835,3.97,0.08,0.0202
2020-11-06,18.08,18.39,17.94,18.3,7169339.0,0.0085247788347205,4.05,0.01,0.0025
2020-11-09,18.3,18.53,18.26,18.39,8775660.0,0.0104347919143876,4.06,0.02,0.0049
2020-11-10,18.35,18.39,18.03,18.12,4997872.0,0.0059427728894173,4.08,-0.06,-0.0147
2020-11-11,18.17,18.17,17.85,17.94,3900911.0,0.0046384197384066,4.02,-0.04,-0.01
2020-11-12,17.85,18.26,17.85,18.17,4206352.0,0.0050016076099881,3.98,0.05,0.0126
2020-11-13,18.12,18.26,17.9,18.21,3619426.0,0.0043037170035671,4.03,0.01,0.0025
2020-11-16,18.26,18.3,18.03,18.3,5293230.0,0.0062939714625445,4.04,0.02,0.005
2020-11-17,18.3,18.3,18.08,18.17,3100904.0,0.0036871629013079,4.06,-0.03,-0.0074
2020-11-18,18.17,18.3,18.08,18.21,4754429.0,0.0056533043995243,4.03,0.01,0.0025
2020-11-19,18.21,18.44,18.08,18.39,6504515.0,0.0077342627824019,4.04,0.04,0.0099
2020-11-20,18.35,18.39,18.17,18.35,3391795.0,0.0040330499405469,4.08,-0.01,-0.0025
2020-11-23,18.3,18.53,18.26,18.44,6159131.0,0.0073235802615933,4.07,0.02,0.0049
2020-11-24,18.44,18.62,18.35,18.57,5245146.0,0.0062367966706302,4.09,0.03,0.0073
2020-11-25,18.57,19.21,18.53,18.66,12156906.0,0.0144552984542211,4.12,0.02,0.0049
2020-11-26,18.62,18.98,18.57,18.66,6535298.0,0.0077708656361474,4.14,0.0,0.0
2020-11-27,18.66,18.8,18.3,18.39,5561972.0,0.0066135219976218,4.14,-0.06,-0.0145
2020-11-30,18.44,18.75,18.26,18.48,5552144.0,0.0066018359096313,4.08,0.02,0.0049
2020-12-01,18.48,18.94,18.35,18.8,6340178.0,0.0075388561236623,4.1,0.07,0.0171
2020-12-02,18.85,19.93,18.67,19.61,16676754.0,0.0198296718192627,4.17,0.18,0.0432
2020-12-03,19.48,19.57,19.03,19.12,12209911.0,0.0145183246135552,4.35,-0.11,-0.0253
2020-12-04,19.16,19.43,19.03,19.34,6394703.0,0.0076036896551724,4.24,0.05,0.0118
2020-12-07,19.34,19.61,19.12,19.12,6675783.0,0.0079379108204518,4.29,-0.05,-0.0117
2020-12-08,19.07,19.2,18.93,19.07,4554958.0,0.0054161212841854,4.24,-0.01,-0.0024
2020-12-09,19.07,19.43,18.71,18.71,8023347.0,0.0095402461355529,4.23,-0.08,-0.0189
2020-12-10,18.71,18.71,18.21,18.57,6608893.0,0.0078583745541022,4.15,-0.03,-0.0072
2020-12-11,18.62,18.8,18.21,18.57,6679979.0,0.007942900118906,4.12,0.0,0.0
2020-12-14,18.57,19.2,18.35,19.11,6277004.0,0.0074637384066587,4.12,0.12,0.0291
2020-12-15,19.07,19.39,18.84,19.02,5966653.0,0.0070947122473246,4.24,-0.02,-0.0047
2020-12-16,18.98,19.16,18.57,18.57,5142208.0,0.0061143971462544,4.22,-0.1,-0.0237
2020-12-17,18.57,18.76,18.26,18.66,4656522.0,0.005536887039239,4.12,0.02,0.0049
2020-12-18,18.66,18.93,18.48,18.48,3469710.0,0.0041256956004756,4.14,-0.04,-0.0097
2020-12-21,18.66,18.66,18.35,18.44,4152139.0,0.0049371450653983,4.1,-0.01,-0.0024
2020-12-22,18.35,18.44,17.99,18.03,7132623.0,0.0084811212841854,4.09,-0.09,-0.022
2020-12-23,18.03,18.21,18.03,18.17,2954224.0,0.0035127514863258,4.0,0.03,0.0075
2020-12-24,18.12,18.12,17.67,17.76,5776221.0,0.0068682770511296,4.03,-0.09,-0.0223
2020-12-25,17.72,18.26,17.72,18.17,4438920.0,0.0052781450653983,3.94,0.09,0.0228
2020-12-28,18.17,18.26,17.58,17.63,12660513.0,0.0150541177170035,4.03,-0.12,-0.0298
2020-12-29,17.54,18.03,17.22,17.85,11127413.0,0.0132311688466111,3.91,0.05,0.0128
2020-12-30,17.81,17.85,17.49,17.72,4464448.0,0.0053084994054696,3.96,-0.03,-0.0076
2020-12-31,17.67,17.99,17.63,17.9,3757868.0,0.0044683329369797,3.93,0.04,0.0102
2021-01-04,17.85,18.35,17.85,18.12,5007771.0,0.0059545434007134,3.97,0.05,0.0126
2021-01-05,18.03,18.35,17.99,18.12,4268315.0,0.0050752853745541,4.02,0.0,0.0
2021-01-06,18.12,18.17,17.76,17.9,4828604.0,0.0057415029726516,4.02,-0.05,-0.0124
2021-01-07,17.81,17.81,17.22,17.36,6151576.0,0.0073145969084423,3.97,-0.12,-0.0302
2021-01-08,17.27,17.45,16.95,17.31,3240549.0,0.003853209274673,3.85,-0.01,-0.0026
2021-01-11,17.31,17.4,17.04,17.13,4317061.0,0.0051332473246135,3.84,-0.04,-0.0104
2021-01-12,17.13,17.31,17.0,17.09,3312818.0,0.0039391414982164,3.8,-0.01,-0.0026
2021-01-13,17.04,18.31,16.86,17.67,10628434.0,0.0126378525564803,3.79,0.13,0.0343
2021-01-14,17.67,18.17,17.54,17.76,5956011.0,0.0070820582639714,3.92,0.02,0.0051
2021-01-15,17.72,17.99,17.54,17.9,4049069.0,0.0048145885850178,3.94,0.03,0.0076
2021-01-18,17.72,18.08,17.72,17.94,4747575.0,0.0056451545778834,3.97,0.01,0.0025
2021-01-19,17.94,18.03,17.67,17.76,4123492.0,0.0049030820451843,3.98,-0.04,-0.0101
2021-01-20,17.67,18.03,17.67,17.99,5560467.0,0.0066117324613555,3.94,0.05,0.0127
2021-01-21,17.9,19.21,17.76,19.07,24412403.0,0.0290278275862068,3.99,0.24,0.0602
2021-01-22,18.8,19.66,18.71,19.66,30173262.0,0.0358778382877526,4.23,0.13,0.0307
2021-01-25,19.21,20.06,19.16,19.66,20842082.0,0.0247824994054696,4.36,0.0,0.0
2021-01-26,19.66,19.79,19.34,19.66,14645247.0,0.0174140868014268,4.36,0.0,0.0
2021-01-27,19.7,19.75,19.25,19.57,13151667.0,0.0156381296076099,4.36,-0.02,-0.0046
2021-01-28,19.57,19.93,18.98,19.57,14986250.0,0.0178195600475624,4.34,0.0,0.0
2021-01-29,19.75,20.11,18.85,19.21,11945358.0,0.0142037550535077,4.34,-0.08,-0.0184
2021-02-01,19.3,19.43,18.94,19.03,6289231.0,0.0074782770511296,4.26,-0.04,-0.0094
2021-02-02,19.34,19.61,18.94,19.07,9555807.0,0.0113624340071343,4.22,0.01,0.0024
2021-02-03,18.94,19.52,18.71,19.3,11184691.0,0.0132992758620689,4.23,0.05,0.0118
2021-02-04,19.16,19.48,18.85,19.3,11675418.0,0.0138827800237812,4.28,0.0,0.0
2021-02-05,19.34,19.93,18.67,19.52,22656108.0,0.0269394863258026,4.28,0.05,0.0117
2021-02-08,19.39,19.43,18.76,18.98,11033338.0,0.0131193079667063,4.33,-0.12,-0.0277
2021-02-09,18.76,18.98,17.9,18.35,14165318.0,0.0168434221165279,4.21,-0.14,-0.0333
2021-02-10,18.57,18.85,18.17,18.62,4436202.0,0.0052749131985731,4.07,0.06,0.0147
2021-02-18,18.8,19.48,18.67,19.43,10280275.0,0.01222387039239,4.13,0.18,0.0436
2021-02-19,19.43,19.79,19.25,19.79,11351106.0,0.0134971533888228,4.31,0.08,0.0186
2021-02-22,19.88,20.2,19.52,19.57,12422691.0,0.0147713329369797,4.39,-0.05,-0.0114
2021-02-23,19.61,20.6,19.39,20.6,20753616.0,0.0246773079667063,4.34,0.23,0.053
2021-02-24,20.65,20.88,19.97,20.33,14238172.0,0.0169300499405469,4.57,-0.06,-0.0131
2021-02-25,20.38,20.51,19.84,20.15,10202862.0,0.0121318216409036,4.51,-0.04,-0.0089
2021-02-26,19.88,20.2,19.84,19.97,8397065.0,0.0099846195005945,4.47,-0.04,-0.0089
2021-03-01,19.97,20.51,19.79,20.38,10023976.0,0.0119191153388822,4.43,0.09,0.0203
2021-03-02,20.38,21.1,19.52,20.79,24687345.0,0.0293547502972651,4.52,0.09,0.0199
2021-03-03,20.61,20.88,20.38,20.56,10710810.0,0.0127358026159334,4.61,-0.05,-0.0108
2021-03-04,20.65,21.06,20.43,20.74,11904525.0,0.0141552021403091,4.56,0.04,0.0088
2021-03-05,20.65,20.79,20.34,20.52,9141226.0,0.0108694720570749,4.6,-0.05,-0.0109
2021-03-08,20.43,20.65,19.93,20.34,9401965.0,0.0111795065398335,4.55,-0.04,-0.0088
2021-03-09,20.38,20.74,19.79,20.34,12148222.0,0.0144449726516052,4.51,0.0,0.0
2021-03-10,20.15,20.52,19.97,20.06,5392495.0,0.0064120035671819,4.51,-0.06,-0.0133
2021-03-11,20.07,20.52,20.07,20.43,7053088.0,0.0083865493460166,4.45,0.08,0.018
2021-03-12,20.61,20.61,20.2,20.43,5250157.0,0.0062427550535077,4.53,0.0,0.0
2021-03-15,20.38,20.74,20.02,20.16,10156788.0,0.0120770368608799,4.53,-0.06,-0.0132
2021-03-16,20.11,20.56,19.84,20.43,9056507.0,0.0107687360285374,4.47,0.06,0.0134
2021-03-17,20.61,21.01,20.2,20.74,13334680.0,0.0158557431629013,4.53,0.07,0.0155
2021-03-18,20.79,20.92,20.11,20.29,8955783.0,0.0106489690844233,4.6,-0.1,-0.0217
2021-03-19,20.2,20.43,19.98,20.34,4551987.0,0.0054125885850178,4.5,0.01,0.0022
2021-03-22,20.29,20.52,20.07,20.11,5564199.0,0.0066161700356718,4.51,-0.05,-0.0111
2021-03-23,20.16,20.2,19.3,19.44,10695134.0,0.0127171629013079,4.46,-0.15,-0.0336
2021-03-24,19.48,19.62,19.26,19.48,5113053.0,0.0060797300832342,4.31,0.01,0.0023
2021-03-25,19.62,20.02,19.53,19.75,6525378.0,0.0077590701545778,4.32,0.06,0.0139
2021-03-26,19.75,20.34,19.57,20.2,7578884.0,0.0090117526753864,4.38,0.1,0.0228
2021-03-29,20.07,20.16,19.75,19.89,3756183.0,0.0044663293697978,4.48,-0.07,-0.0156
2021-03-30,20.07,20.25,19.75,19.98,4916582.0,0.0058461141498216,4.41,0.02,0.0045
2021-03-31,20.02,20.88,19.7,20.47,12063066.0,0.0143437170035671,4.43,0.11,0.0248
2021-04-01,20.29,20.56,19.93,20.2,9220440.0,0.0109636623067776,4.54,-0.06,-0.0132
2021-04-02,20.11,20.29,19.8,20.02,9046654.0,0.0107570202140309,4.48,-0.04,-0.0089
2021-04-06,20.16,20.16,19.71,19.93,6966444.0,0.0082835243757431,4.44,-0.02,-0.0045
2021-04-07,20.07,20.11,19.8,19.89,4714452.0,0.0056057693222354,4.42,-0.01,-0.0023
2021-04-08,19.89,20.52,18.94,20.29,22344359.0,0.0265687978596908,4.41,0.09,0.0204
2021-04-09,20.06,20.65,19.7,20.38,18367940.0,0.021840594530321,4.5,0.02,0.0044
2021-04-12,20.65,21.06,20.47,20.61,15969617.0,0.0189888430439952,4.52,0.05,0.0111
2021-04-13,20.47,21.1,20.38,20.7,10719046.0,0.0127455957193816,4.57,0.02,0.0044
2021-04-14,20.65,20.97,20.25,20.92,13602252.0,0.0161739024970273,4.59,0.05,0.0109
2021-04-15,21.15,21.6,20.61,20.65,19416958.0,0.0230879405469678,4.64,-0.06,-0.0129
2021-04-16,20.65,21.24,20.47,21.01,22803446.0,0.0271146801426872,4.58,0.08,0.0175
2021-04-19,20.97,21.51,20.92,21.01,21563945.0,0.0256408382877526,4.66,0.0,0.0
2021-04-20,21.06,21.24,20.61,20.79,18212994.0,0.0216563543400713,4.66,-0.05,-0.0107
2021-04-21,21.2,21.29,20.25,20.47,18625729.0,0.0221471212841854,4.61,-0.07,-0.0152
2021-04-22,20.38,21.15,20.25,20.34,17254098.0,0.0205161688466111,4.54,-0.03,-0.0066
2021-04-23,20.29,21.2,20.02,20.88,27293328.0,0.0324534221165279,4.51,0.12,0.0266
2021-04-26,20.92,20.97,20.25,20.52,21028049.0,0.0250036254458977,4.63,-0.08,-0.0173
2021-04-27,20.38,20.47,19.71,19.89,16123078.0,0.0191713174791914,4.55,-0.14,-0.0308
2021-04-28,19.89,20.16,19.66,20.02,6231069.0,0.0074091189060642,4.41,0.03,0.0068
2021-04-29,20.02,20.16,19.52,19.62,10939046.0,0.013007189060642,4.44,-0.09,-0.0203
2021-04-30,19.52,19.75,19.12,19.66,14429122.0,0.0171571010701545,4.35,0.01,0.0023
2021-05-06,19.57,19.93,19.43,19.71,8381706.0,0.0099663567181926,4.36,0.01,0.0023
2021-05-07,19.71,19.8,19.44,19.48,8853267.0,0.0105270713436385,4.37,-0.05,-0.0114
2021-05-10,19.53,19.53,18.81,19.03,8807646.0,0.0104728252080856,4.32,-0.1,-0.0231
2021-05-11,19.08,19.39,18.94,19.3,4716704.0,0.0056084470868014,4.22,0.06,0.0142
2021-05-12,19.26,19.35,18.9,19.26,7074054.0,0.0084114791914387,4.28,-0.01,-0.0023
2021-05-13,19.03,19.26,18.94,19.08,5972973.0,0.0071022271105826,4.27,-0.04,-0.0094
2021-05-14,19.3,19.48,19.12,19.35,5413622.0,0.0064371248513674,4.23,0.06,0.0142
2021-05-17,19.35,19.44,18.99,19.03,5627957.0,0.0066919821640903,4.29,-0.07,-0.0163
2021-05-18,19.03,19.12,18.58,18.99,10207392.0,0.0121372080856123,4.22,-0.01,-0.0024
2021-05-19,18.8,18.94,18.67,18.76,3253675.0,0.0038688168846611,4.21,-0.05,-0.0119
2021-05-20,18.71,19.03,18.62,18.94,4776462.0,0.0056795029726516,4.16,0.04,0.0096
2021-05-21,18.85,19.35,18.85,19.03,4820584.0,0.005731966706302,4.2,0.02,0.0048
2021-05-24,18.99,19.21,18.9,19.08,3812682.0,0.0045335101070154,4.22,0.01,0.0024
2021-05-25,19.17,19.26,18.94,19.12,3768741.0,0.0044812615933412,4.23,0.01,0.0024
2021-05-26,19.08,19.17,18.76,18.94,6594200.0,0.0078409036860879,4.24,-0.04,-0.0094
2021-05-27,18.85,19.03,18.85,18.85,3497206.0,0.0041583900118906,4.2,-0.02,-0.0048
2021-05-28,18.94,19.12,18.67,18.76,7149836.0,0.0085015885850178,4.18,-0.02,-0.0048
2021-05-31,18.76,18.81,18.58,18.63,5739474.0,0.0068245826397146,4.16,-0.03,-0.0072
2021-06-01,18.58,18.81,18.54,18.81,4061571.0,0.0048294542211652,4.13,0.04,0.0097
2021-06-02,18.76,18.76,18.63,18.72,3026637.0,0.0035988549346016,4.17,-0.02,-0.0048
2021-06-03,18.76,18.81,18.67,18.76,3515632.0,0.0041802996432818,4.15,0.01,0.0024
2021-06-04,18.67,18.85,18.63,18.76,3851796.0,0.0045800190249702,4.16,0.0,0.0
2021-06-07,18.76,19.17,18.76,19.17,6076024.0,0.0072247609988109,4.16,0.09,0.0216
2021-06-08,19.21,19.3,18.67,18.9,8483939.0,0.0100879179548156,4.25,-0.06,-0.0141
2021-06-09,18.85,18.99,18.67,18.76,4852564.0,0.0057699928656361,4.19,-0.03,-0.0072
2021-06-10,18.71,18.94,18.49,18.81,6973172.0,0.0082915243757431,4.16,0.01,0.0024
2021-06-11,18.81,19.12,18.67,19.12,10553310.0,0.0125485255648038,4.17,0.07,0.0168
2021-06-15,19.08,19.08,18.76,18.76,4728354.0,0.0056222996432818,4.24,-0.08,-0.0189
2021-06-16,18.72,18.81,18.31,18.4,9324959.0,0.0110879417360285,4.16,-0.08,-0.0192
2021-06-17,18.4,18.44,18.22,18.4,4713954.0,0.0056051771700356,4.08,0.0,0.0
2021-06-18,18.4,18.94,18.26,18.81,8089412.0,0.0096188014268727,4.08,0.09,0.0221
2021-06-21,19.03,19.03,18.67,18.81,5782437.0,0.0068756682520808,4.17,0.0,0.0
2021-06-22,18.9,19.03,18.76,18.94,5798898.0,0.0068952413793103,4.17,0.03,0.0072
2021-06-23,19.08,19.08,18.76,18.76,5516425.0,0.0065593638525564,4.2,-0.04,-0.0095
2021-06-24,18.81,19.17,18.67,19.17,13064527.0,0.015534514863258,4.16,0.09,0.0216
2021-06-25,19.12,19.3,19.03,19.3,11348025.0,0.0134934898929845,4.25,0.03,0.0071
2021-06-28,19.21,19.48,18.99,19.21,8211601.0,0.0097640915576694,4.28,-0.02,-0.0047
2021-06-29,19.17,19.35,18.99,19.17,4882261.0,0.0058053043995243,4.26,-0.01,-0.0023
2021-06-30,19.3,19.3,18.94,19.08,7850123.0,0.009334272294887,4.25,-0.02,-0.0047
2021-07-01,19.17,19.17,18.67,18.76,6219881.0,0.0073958156956004,4.23,-0.07,-0.0165
2021-07-02,18.76,19.03,18.72,18.9,5550536.0,0.0065999239001189,4.16,0.03,0.0072
2021-07-05,18.9,19.08,18.76,19.03,5814332.0,0.0069135933412604,4.19,0.03,0.0072
2021-07-06,19.13,19.13,18.85,18.94,4226400.0,0.0050254458977407,4.22,-0.02,-0.0047
2021-07-07,18.94,19.04,18.72,18.72,4913720.0,0.0058427110582639,4.2,-0.05,-0.0119
2021-07-08,18.81,18.86,18.49,18.63,7260163.0,0.008632774078478,4.15,-0.02,-0.0048
2021-07-09,18.49,18.67,18.31,18.58,6734785.0,0.0080080677764566,4.13,-0.01,-0.0024
2021-07-12,18.72,19.17,18.63,18.72,10650779.0,0.0126644221165279,4.12,0.03,0.0073
2021-07-13,18.68,18.81,18.49,18.77,5380093.0,0.0063972568370986,4.15,0.01,0.0024
2021-07-14,18.81,18.95,18.58,18.67,5720133.0,0.0068015850178359,4.09,-0.02,-0.005
2021-07-15,18.67,18.76,18.44,18.67,6646569.0,0.0079031736028537,4.07,0.0,0.0
2021-07-16,18.67,18.81,18.58,18.67,4568842.0,0.0054326302021403,4.07,0.0,0.0
2021-07-19,18.72,18.72,18.44,18.49,4572463.0,0.0054369357907253,4.07,-0.04,-0.0098
2021-07-20,18.53,18.63,18.31,18.49,5117875.0,0.0060854637336504,4.03,0.0,0.0
2021-07-21,18.44,18.58,18.4,18.49,5700687.0,0.0067784625445897,4.03,0.0,0.0
2021-07-22,18.53,18.63,18.4,18.53,5467828.0,0.0065015790725326,4.03,0.01,0.0025
2021-07-23,18.53,18.67,18.35,18.44,4537484.0,0.0053953436385255,4.04,-0.02,-0.005
2021-07-26,18.53,18.53,18.21,18.3,5009210.0,0.0059562544589774,4.02,-0.03,-0.0075
2021-07-27,18.35,18.44,17.98,18.12,5179591.0,0.0061588478002378,3.99,-0.04,-0.01
2021-07-28,17.98,18.03,16.33,16.65,20051491.0,0.0238424387633769,3.95,-0.32,-0.081
2021-07-29,16.79,17.2,16.38,16.93,20261006.0,0.0240915648038049,3.63,0.06,0.0165
2021-07-30,16.79,17.02,16.52,16.79,13852826.0,0.016471850178359,3.69,-0.03,-0.0081
2021-08-02,16.74,16.97,16.51,16.97,10780005.0,0.012818079667063,3.66,0.04,0.0109
2021-08-03,16.88,17.07,16.79,16.88,8897233.0,0.0105793495838287,3.7,-0.02,-0.0054
2021-08-04,16.88,16.97,16.74,16.88,6860958.0,0.0081580951248513,3.68,0.0,0.0
2021-08-05,16.84,16.84,16.56,16.61,6421372.0,0.0076354007134363,3.68,-0.06,-0.0163
2021-08-06,16.65,16.93,16.56,16.88,6294215.0,0.0074842033293697,3.62,0.06,0.0166
2021-08-09,16.79,17.07,16.65,16.97,6144555.0,0.0073062485136741,3.68,0.02,0.0054
2021-08-10,16.93,17.2,16.93,17.11,6375718.0,0.0075811153388822,3.7,0.03,0.0081
2021-08-11,17.06,17.29,17.02,17.06,6677034.0,0.0079393983353151,3.73,-0.01,-0.0027
2021-08-12,17.11,17.2,17.02,17.06,6381570.0,0.0075880737217598,3.72,0.0,0.0
2021-08-13,17.11,17.3,16.93,17.25,8537024.0,0.0101510392390011,3.72,0.04,0.0108
2021-08-16,17.25,17.34,17.11,17.25,6632125.0,0.0078859988109393,3.76,0.0,0.0
2021-08-17,17.25,17.29,16.93,16.97,7234826.0,0.0086026468489893,3.76,-0.06,-0.016
2021-08-18,16.97,17.16,16.88,17.06,4835143.0,0.0057492782401902,3.7,0.02,0.0054
2021-08-19,17.11,17.2,16.93,17.16,4518839.0,0.0053731736028537,3.72,0.02,0.0054
2021-08-20,17.11,17.16,16.88,17.07,4453277.0,0.0052952164090368,3.74,-0.02,-0.0053
2021-08-23,16.97,17.71,16.97,17.57,10924136.0,0.0129894601664684,3.72,0.11,0.0296
2021-08-24,18.35,19.31,17.85,19.31,42668377.0,0.0507352877526753,3.83,0.38,0.0992
2021-08-25,21.24,21.24,20.6,21.24,50769822.0,0.0603683971462544,4.21,0.42,0.0998
2021-08-26,21.33,22.34,20.42,21.52,122982407.0,0.1462335398335315,4.63,0.06,0.013
2021-08-27,20.65,21.7,20.42,20.83,72894858.0,0.0866764066587396,4.69,-0.15,-0.032
2021-08-30,20.74,22.89,20.33,22.34,108639990.0,0.1291795362663496,4.54,0.33,0.0727
2021-08-31,21.93,22.21,20.69,21.24,70513755.0,0.0838451307966706,4.87,-0.24,-0.0493
2021-09-01,21.15,21.47,20.19,20.78,53597159.0,0.063730272294887,4.63,-0.1,-0.0216
2021-09-02,20.92,21.15,20.46,20.97,42773257.0,0.050859996432818,4.53,0.04,0.0088
2021-09-03,20.78,21.38,20.6,20.78,37972608.0,0.0451517336504161,4.57,-0.04,-0.0088
2021-09-06,21.01,21.52,20.32,20.92,28712067.0,0.0341403888228299,4.53,0.03,0.0066
2021-09-07,20.92,21.24,20.64,20.96,29735010.0,0.0353567300832342,4.56,0.01,0.0022
2021-09-08,20.92,21.42,20.69,21.24,31185903.0,0.0370819298454221,4.57,0.06,0.0131
2021-09-09,21.24,21.42,20.6,20.87,27672059.0,0.0329037562425683,4.63,-0.08,-0.0173
2021-09-10,20.83,21.88,20.69,20.87,36558011.0,0.0434696920332937,4.55,0.0,0.0
2021-09-13,20.64,21.74,20.41,21.38,39180407.0,0.0465878799048751,4.55,0.11,0.0242
2021-09-14,21.19,21.65,20.69,21.06,28851946.0,0.0343067134363852,4.66,-0.07,-0.015
2021-09-15,20.83,21.84,20.83,21.7,36686232.0,0.0436221545778834,4.59,0.14,0.0305
2021-09-16,21.61,21.93,20.97,21.29,34567598.0,0.0411029702734839,4.73,-0.09,-0.019
2021-09-17,21.1,21.29,20.0,20.32,32966773.0,0.0391994922711058,4.64,-0.21,-0.0453
2021-09-22,19.91,22.34,19.91,21.84,58091650.0,0.0690744946492271,4.43,0.33,0.0745
2021-09-23,21.7,22.85,21.52,22.29,50637724.0,0.0602113246135552,4.76,0.1,0.021
2021-09-24,22.02,22.25,21.42,21.61,30247686.0,0.0359663329369797,4.86,-0.15,-0.0309
2021-09-27,21.56,21.65,20.0,20.14,29236279.0,0.0347637086801426,4.71,-0.32,-0.0679
2021-09-28,20.05,20.46,19.63,20.19,15700946.0,0.0186693769322235,4.39,0.01,0.0023
2021-09-29,20.0,20.0,18.21,18.3,31254406.0,0.0371633840665873,4.4,-0.41,-0.0932
2021-09-30,18.3,20.14,18.26,20.05,31141937.0,0.0370296516052318,3.99,0.38,0.0952
2021-10-08,20.05,21.01,19.96,20.96,26213631.0,0.0311695969084423,4.37,0.2,0.0458
2021-10-11,21.19,21.24,20.28,21.1,20408705.0,0.0242671878715814,4.57,0.03,0.0066
2021-10-12,21.01,21.29,20.32,20.6,13249389.0,0.0157543269916765,4.6,-0.11,-0.0239
2021-10-13,20.37,20.74,20.05,20.46,11073113.0,0.0131666028537455,4.49,-0.03,-0.0067
2021-10-14,20.46,20.74,20.32,20.46,8932552.0,0.0106213460166468,4.46,0.0,0.0
2021-10-15,20.46,20.6,19.91,19.91,11119451.0,0.0132217015457788,4.46,-0.12,-0.0269
2021-10-18,19.91,21.1,19.82,20.97,15391561.0,0.0183014994054696,4.34,0.23,0.053
2021-10-19,21.01,21.19,20.64,20.92,10807810.0,0.0128511414982164,4.57,-0.01,-0.0022
2021-10-20,20.92,21.47,20.69,21.29,15695465.0,0.0186628596908442,4.56,0.08,0.0175
2021-10-21,21.24,21.24,20.78,20.83,9148199.0,0.0108777633769322,4.64,-0.1,-0.0216
2021-10-22,20.69,20.78,20.09,20.09,9684633.0,0.0115156159334126,4.54,-0.16,-0.0352
2021-10-25,20.18,20.69,19.91,20.69,8607051.0,0.010234305588585,4.38,0.13,0.0297
2021-10-26,20.64,20.69,19.59,19.86,16979051.0,0.0201891212841854,4.51,-0.18,-0.0399
2021-10-27,19.91,19.96,18.99,18.99,16025192.0,0.0190549250891795,4.33,-0.19,-0.0439
2021-10-28,19.08,19.27,18.3,18.35,13145672.0,0.0156310011890606,4.14,-0.14,-0.0338
2021-10-29,18.49,18.67,18.12,18.49,7932009.0,0.0094316397146254,4.0,0.03,0.0075
2021-11-01,18.53,18.76,18.26,18.58,7014152.0,0.0083402520808561,4.03,0.02,0.005
2021-11-02,18.76,19.31,17.94,18.12,13721950.0,0.0163162306777645,4.05,-0.1,-0.0247
2021-11-03,17.98,18.44,17.98,18.21,5946531.0,0.0070707859690844,3.95,0.02,0.0051
2021-11-04,18.31,18.49,18.12,18.35,5794580.0,0.0068901070154577,3.97,0.03,0.0076
2021-11-05,18.31,18.35,17.94,17.94,7904000.0,0.009398335315101,4.0,-0.09,-0.0225
2021-11-08,17.98,18.26,17.8,18.12,5887242.0,0.0070002877526753,3.91,0.04,0.0102
2021-11-09,18.17,18.63,17.99,18.49,8892846.0,0.0105741331747919,3.95,0.08,0.0203
2021-11-10,18.49,18.58,18.21,18.49,7683309.0,0.0091359203329369,4.03,0.0,0.0
2021-11-11,18.4,18.72,18.35,18.54,8748869.0,0.0104029357907253,4.03,0.01,0.0025
2021-11-12,18.58,18.63,18.4,18.54,5575636.0,0.0066297693222354,4.04,0.0,0.0
2021-11-15,18.54,18.81,18.44,18.77,5977977.0,0.0071081771700356,4.04,0.05,0.0124
2021-11-16,18.9,18.9,18.54,18.58,5224997.0,0.0062128382877526,4.09,-0.04,-0.0098
2021-11-17,18.54,18.72,18.49,18.72,4914306.0,0.0058434078478002,4.05,0.03,0.0074
2021-11-18,18.67,18.86,18.54,18.54,6752443.0,0.0080290642092746,4.08,-0.04,-0.0098
2021-11-19,18.54,18.67,18.26,18.58,6980587.0,0.0083003412604042,4.04,0.01,0.0025
2021-11-22,18.58,18.72,18.44,18.67,7171247.0,0.0085270475624256,4.05,0.02,0.0049
2021-11-23,18.67,19.0,18.58,18.81,7282799.0,0.0086596896551724,4.07,0.03,0.0074
2021-11-24,18.86,18.9,18.67,18.72,5865336.0,0.0069742401902497,4.1,-0.02,-0.0049
2021-11-25,18.72,18.81,18.58,18.63,6004417.0,0.0071396159334126,4.08,-0.02,-0.0049
2021-11-26,18.63,18.67,18.4,18.49,6445664.0,0.0076642853745541,4.06,-0.03,-0.0074
2021-11-29,18.31,18.44,18.12,18.31,8838803.0,0.0105098727705112,4.03,-0.04,-0.0099
2021-11-30,18.21,18.67,18.21,18.54,6809897.0,0.0080973804994054,3.99,0.05,0.0125
2021-12-01,18.4,18.95,18.4,18.9,9309334.0,0.0110693626634958,4.04,0.08,0.0198
2021-12-02,18.86,19.04,18.49,18.72,7820493.0,0.0092990404280618,4.12,-0.04,-0.0097
2021-12-03,18.77,18.99,18.72,18.9,6511864.0,0.0077430011890606,4.08,0.04,0.0098
2021-12-06,18.9,18.99,18.49,18.54,9243180.0,0.0109907015457788,4.12,-0.08,-0.0194
2021-12-07,18.63,18.76,18.35,18.67,6623656.0,0.0078759286563614,4.04,0.03,0.0074
2021-12-08,18.63,18.67,18.53,18.63,4623517.0,0.0054976420927467,4.07,-0.01,-0.0025
2021-12-09,18.58,18.81,18.53,18.72,6535589.0,0.0077712116527942,4.06,0.02,0.0049
2021-12-10,18.63,18.86,18.63,18.86,6712812.0,0.0079819405469678,4.08,0.03,0.0074
2021-12-13,18.81,19.18,18.67,19.13,10672894.0,0.0126907181926278,4.11,0.06,0.0146
2021-12-14,19.13,19.36,18.95,19.13,9460231.0,0.0112487883472057,4.17,0.0,0.0
2021-12-15,19.18,19.68,19.13,19.64,13822036.0,0.016435239001189,4.17,0.11,0.0264
2021-12-16,19.91,20.32,19.41,19.82,19391537.0,0.0230577134363852,4.28,0.04,0.0093
2021-12-17,19.86,20.28,19.63,19.96,16495134.0,0.0196137146254458,4.32,0.03,0.0069
2021-12-20,19.86,19.96,19.54,19.73,12027381.0,0.0143012853745541,4.35,-0.05,-0.0115
2021-12-21,19.82,20.37,19.73,20.32,16420570.0,0.0195250535077288,4.3,0.13,0.0302
2021-12-22,20.42,20.55,19.73,19.73,12715868.0,0.0151199381688466,4.43,-0.13,-0.0293
2021-12-23,19.68,19.87,19.5,19.5,11815723.0,0.01404961117717,4.3,-0.05,-0.0116
2021-12-24,19.5,19.96,19.31,19.31,9540757.0,0.0113445386444708,4.25,-0.04,-0.0094
2021-12-27,19.32,20.0,19.27,19.77,11533963.0,0.0137145814506539,4.21,0.1,0.0238
2021-12-28,19.77,21.01,19.5,20.55,24846352.0,0.0295438192627824,4.31,0.17,0.0394
2021-12-29,20.37,20.87,20.05,20.55,20351571.0,0.0241992520808561,4.48,0.0,0.0
2021-12-30,20.55,20.64,20.19,20.46,15213819.0,0.0180901533888228,4.48,-0.02,-0.0045
2021-12-31,20.51,20.51,20.28,20.32,10002888.0,0.0118940404280618,4.46,-0.03,-0.0067
2022-01-04,20.32,20.69,20.19,20.65,14572523.0,0.0173276135552913,4.43,0.07,0.0158
2022-01-05,20.65,20.69,20.09,20.23,13771040.0,0.0163746016646849,4.5,-0.09,-0.02
2022-01-06,20.32,20.46,20.1,20.42,8654097.0,0.0102902461355529,4.41,0.04,0.0091
2022-01-07,20.32,20.65,20.05,20.05,14876435.0,0.017688983353151,4.45,-0.08,-0.018
2022-01-10,19.87,20.65,19.82,20.46,11396475.0,0.0135510998810939,4.37,0.09,0.0206
2022-01-11,20.42,20.83,20.32,20.37,11904281.0,0.0141549120095124,4.46,-0.02,-0.0045
2022-01-12,20.46,20.65,20.32,20.42,12669443.0,0.0150647360285374,4.44,0.01,0.0023
2022-01-13,20.37,20.55,20.32,20.32,9250987.0,0.0109999845422116,4.45,-0.02,-0.0045
2022-01-14,20.33,20.37,19.68,19.73,16450895.0,0.0195611117717003,4.43,-0.13,-0.0293
2022-01-17,20.05,21.06,20.01,20.74,28361772.0,0.033723866825208,4.3,0.22,0.0512
2022-01-18,20.65,20.74,20.05,20.19,16144791.0,0.0191971355529132,4.52,-0.12,-0.0265
2022-01-19,20.19,20.56,20.1,20.24,9375007.0,0.0111474518430439,4.4,0.01,0.0023
2022-01-20,20.14,20.28,19.64,19.82,12110988.0,0.0144006991676575,4.41,-0.09,-0.0204
2022-01-21,19.73,20.83,19.55,20.51,20186597.0,0.0240030879904875,4.32,0.15,0.0347
2022-01-24,20.65,20.74,20.1,20.24,12721573.0,0.0151267217598097,4.47,-0.06,-0.0134
2022-01-25,20.19,20.19,18.77,18.81,18886609.0,0.0224573234244946,4.41,-0.31,-0.0703
2022-01-26,18.91,20.7,18.91,20.7,40583230.0,0.0482559215219976,4.1,0.41,0.1
2022-01-27,20.56,21.06,20.05,20.37,53973251.0,0.0641774684898929,4.51,-0.07,-0.0155
2022-01-28,20.38,20.97,19.82,20.6,34166071.0,0.0406255303210463,4.44,0.05,0.0113
2022-02-07,20.79,22.67,20.65,22.07,63855099.0,0.0759275850178359,4.49,0.32,0.0713
2022-02-08,21.84,22.3,21.52,22.3,42447383.0,0.0504725124851367,4.81,0.05,0.0104
2022-02-09,22.07,22.16,21.66,21.94,32438368.0,0.0385711866825208,4.86,-0.08,-0.0165
2022-02-10,21.98,22.3,21.66,22.03,24207164.0,0.0287837859690844,4.78,0.02,0.0042
2022-02-11,22.03,23.86,21.2,23.13,53816918.0,0.0639915790725327,4.8,0.24,0.05
2022-02-14,22.72,24.46,22.58,22.95,53188974.0,0.0632449155766944,5.04,-0.04,-0.0079
2022-02-15,22.72,25.24,22.53,24.19,87834809.0,0.1044409143876337,5.0,0.27,0.054
2022-02-16,23.86,25.1,23.54,24.0,64988023.0,0.0772747003567182,5.27,-0.04,-0.0076
2022-02-17,23.86,24.09,22.76,22.85,47485212.0,0.0564627966706302,5.23,-0.25,-0.0478
2022-02-18,22.58,23.17,22.44,22.99,26656873.0,0.0316966385255648,4.98,0.03,0.006
2022-02-21,22.72,24.09,22.62,23.86,35283830.0,0.0419546135552913,5.01,0.19,0.0379
2022-02-22,23.4,23.86,22.9,23.13,26538862.0,0.0315563162901307,5.2,-0.16,-0.0308
2022-02-23,23.22,23.54,22.76,22.85,22199136.0,0.0263961189060642,5.04,-0.06,-0.0119
2022-02-24,22.62,22.94,21.02,21.66,38461211.0,0.0457327122473246,4.98,-0.26,-0.0522
2022-02-25,22.03,22.53,21.43,21.66,21175908.0,0.0251794387633769,4.72,0.0,0.0
2022-02-28,21.61,21.94,21.06,21.8,20755132.0,0.0246791105826397,4.72,0.03,0.0064
2022-03-01,21.89,22.12,21.43,21.89,19010523.0,0.0226046646848989,4.75,0.02,0.0042
2022-03-02,21.75,22.12,21.66,22.12,15809160.0,0.0187980499405469,4.77,0.05,0.0105
2022-03-03,22.12,22.85,21.89,22.62,23914233.0,0.0284354732461355,4.82,0.11,0.0228
2022-03-04,22.62,24.83,22.07,23.54,47140391.0,0.0560527835909631,4.93,0.2,0.0406
2022-03-07,22.99,23.86,22.72,22.99,27225630.0,0.0323729250891795,5.13,-0.12,-0.0234
2022-03-08,22.95,24.05,22.12,23.54,42371959.0,0.0503828287752675,5.01,0.12,0.024
2022-03-09,23.59,25.88,23.22,25.88,101029999.0,0.1201307954815695,5.13,0.51,0.0994
2022-03-10,26.16,28.45,25.61,28.45,85506134.0,0.1016719785969084,5.64,0.56,0.0993
2022-03-11,28.96,31.3,27.72,28.5,220867341.0,0.2626246623067776,6.2,0.01,0.0016
2022-03-14,25.65,26.34,25.65,25.65,44558400.0,0.0529826397146254,6.21,-0.62,-0.0998
2022-03-15,23.13,24.19,23.08,23.08,118372015.0,0.1407515041617122,5.59,-0.56,-0.1002
2022-03-16,22.95,23.18,21.16,22.21,95523077.0,0.1135827312722948,5.03,-0.19,-0.0378
2022-03-17,21.84,24.41,21.84,23.45,116069431.0,0.1380135921521997,4.84,0.27,0.0558
2022-03-18,22.76,24.19,22.58,23.5,76407733.0,0.0908534280618311,5.11,0.01,0.002
2022-03-21,23.45,24.1,22.72,23.82,76413071.0,0.0908597752675386,5.12,0.07,0.0137
2022-03-22,23.73,24.42,23.64,24.14,63345194.0,0.0753212770511296,5.19,0.07,0.0135
2022-03-23,24.69,25.38,23.55,23.73,63394474.0,0.0753798739595719,5.26,-0.09,-0.0171
2022-03-24,23.55,24.01,22.86,23.0,47621677.0,0.0566250618311533,5.17,-0.16,-0.0309
2022-03-25,23.13,23.36,22.77,22.9,30719470.0,0.0365273127229488,5.01,-0.02,-0.004
2022-03-28,22.9,23.96,22.31,23.78,44507053.0,0.0529215850178359,4.99,0.19,0.0381
