,dt,Open,Close,High,Low,Vol
0,2002-06-18,18.0,18.62,19.58,17.88,314305840.0
1,2002-06-19,18.55,18.77,19.15,18.38,107770227.0
2,2002-06-20,18.7,18.78,19.08,18.66,59443527.0
3,2002-06-21,18.83,19.25,19.43,18.7,103518675.0
4,2002-06-24,21.18,21.18,21.18,20.98,115942794.0
5,2002-06-25,21.9,21.45,22.3,20.91,175208295.0
6,2002-06-26,21.29,21.33,21.64,21.0,49303724.0
7,2002-06-27,21.35,21.09,21.45,20.8,40817000.0
8,2002-06-28,21.09,20.46,21.2,20.38,52018229.0
9,2002-07-01,20.48,20.45,20.71,20.36,17500953.0
10,2002-07-02,20.4,20.7,20.7,20.17,15329951.0
11,2002-07-03,20.75,20.6,20.84,20.53,10279469.0
12,2002-07-04,20.61,20.88,21.09,20.61,29596072.0
13,2002-07-05,20.71,21.2,21.78,20.7,44399637.0
14,2002-07-08,21.3,21.23,21.58,21.1,12470978.0
15,2002-07-09,21.25,20.94,21.44,20.92,11726557.0
16,2002-07-10,20.92,20.7,21.14,20.6,15425161.0
17,2002-07-11,20.65,20.65,20.8,20.5,10483654.0
18,2002-07-12,20.65,20.7,20.85,20.55,6387736.0
19,2002-07-15,20.68,20.26,20.69,20.23,9351169.0
20,2002-07-16,20.25,20.17,20.42,19.99,13020097.0
21,2002-07-17,20.2,20.03,20.21,19.7,14280646.0
22,2002-07-18,20.05,20.01,20.17,19.82,5757732.0
23,2002-07-19,20.05,20.19,20.27,20.0,5841988.0
24,2002-07-22,20.23,19.77,20.23,19.7,7187673.0
25,2002-07-23,19.71,19.79,19.9,19.7,5817604.0
26,2002-07-24,19.9,19.91,20.08,19.76,3767031.0
27,2002-07-25,19.81,19.87,20.1,19.72,3261929.0
28,2002-07-26,19.88,20.32,20.55,19.88,21168123.0
29,2002-07-29,20.2,20.38,20.39,20.2,6599494.0
30,2002-07-30,20.25,20.3,20.39,20.2,4497767.0
31,2002-07-31,20.18,20.14,20.38,19.88,5099113.0
32,2002-08-01,20.06,20.06,20.16,19.78,6389758.0
33,2002-08-02,20.05,20.22,20.29,20.05,3028826.0
34,2002-08-05,20.12,20.63,20.66,20.0,14906000.0
35,2002-08-06,20.52,20.56,20.65,20.45,5518483.0
36,2002-08-07,20.52,20.58,20.67,20.46,3876259.0
37,2002-08-08,20.59,20.65,20.76,20.58,12338865.0
38,2002-08-09,20.65,20.46,20.65,20.4,7127091.0
39,2002-08-12,20.2,20.3,20.39,20.19,5176302.0
40,2002-08-13,20.45,20.31,20.5,20.3,3031765.0
41,2002-08-14,20.3,20.42,20.45,20.28,2432180.0
42,2002-08-15,20.42,19.97,20.42,19.89,5631282.0
43,2002-08-16,19.9,20.02,20.16,19.9,3834292.0
44,2002-08-19,20.05,20.0,20.07,19.97,2834700.0
45,2002-08-20,20.0,20.29,20.35,20.0,2878972.0
46,2002-08-21,20.1,20.4,20.41,20.1,3388877.0
47,2002-08-22,20.47,20.69,20.9,20.35,19419280.0
48,2002-08-23,20.75,20.59,20.75,20.49,4915943.0
49,2002-08-26,20.49,20.96,21.06,20.33,21317185.0
50,2002-08-27,20.85,21.0,21.16,20.85,31122546.0
51,2002-08-28,20.9,20.87,21.25,20.8,15378000.0
52,2002-08-29,20.9,20.68,21.04,20.62,8255832.0
53,2002-08-30,20.68,20.8,20.85,20.64,3392152.0
54,2002-09-02,20.99,20.91,20.99,20.7,1825511.0
55,2002-09-03,20.91,21.28,21.48,20.91,12500020.0
56,2002-09-04,21.3,21.23,21.52,21.09,12656854.0
57,2002-09-05,21.1,20.65,21.21,20.63,22592969.0
58,2002-09-06,20.58,20.62,20.8,20.56,10854873.0
59,2002-09-09,20.49,20.72,20.72,20.48,9198633.0
60,2002-09-10,20.6,20.71,20.76,20.6,2970048.0
61,2002-09-11,20.66,20.79,20.8,20.6,6995212.0
62,2002-09-12,20.79,20.86,20.98,20.7,2904962.0
63,2002-09-13,20.82,20.91,20.98,20.78,3825223.0
64,2002-09-16,20.88,20.57,20.88,20.53,11259488.0
65,2002-09-17,20.5,20.6,20.7,20.5,4230262.0
66,2002-09-18,20.5,20.6,20.69,20.46,3315317.0
67,2002-09-19,20.5,20.58,20.75,20.25,8451960.0
68,2002-09-20,20.5,20.35,20.65,20.3,9389516.0
69,2002-09-23,20.1,20.29,20.5,20.1,2273330.0
70,2002-09-24,20.25,20.2,20.29,20.11,4517318.0
71,2002-09-25,20.15,20.28,20.36,20.15,2411095.0
72,2002-09-26,20.28,20.13,20.31,20.11,5369745.0
73,2002-09-27,20.18,19.85,20.25,19.68,7735736.0
74,2002-10-08,19.8,19.44,19.98,19.36,8421988.0
75,2002-10-09,19.44,19.45,19.69,19.4,6250321.0
76,2002-10-10,19.4,19.4,19.55,19.4,3092875.0
77,2002-10-11,19.4,18.86,19.45,18.68,5092545.0
78,2002-10-14,18.7,18.99,19.01,18.7,3079916.0
79,2002-10-15,18.72,18.78,19.04,18.68,2660263.0
80,2002-10-16,18.72,18.9,19.15,18.72,1925892.0
81,2002-10-17,18.98,18.85,18.98,18.78,2667181.0
82,2002-10-18,18.8,18.79,18.94,18.7,2423492.0
83,2002-10-21,18.76,19.05,19.06,18.61,3231887.0
84,2002-10-22,19.05,19.41,19.48,18.95,4255868.0
85,2002-10-23,19.21,19.47,19.48,19.2,1556523.0
86,2002-10-24,19.98,19.75,20.1,19.7,15206940.0
87,2002-10-25,19.76,19.69,19.95,19.66,6355885.0
88,2002-10-28,19.5,19.52,19.72,19.48,3599780.0
89,2002-10-29,19.5,19.73,19.77,19.25,2843036.0
90,2002-10-30,19.7,19.9,19.99,19.6,3115409.0
91,2002-10-31,19.91,19.76,19.96,19.75,3255318.0
92,2002-11-01,19.78,19.84,19.89,19.65,1672876.0
93,2002-11-04,19.9,19.97,20.0,19.75,4123486.0
94,2002-11-05,19.97,20.27,20.6,19.95,14292914.0
95,2002-11-06,20.27,20.04,20.3,20.0,4986203.0
96,2002-11-07,20.01,19.97,20.16,19.88,5943043.0
97,2002-11-08,20.17,19.47,20.18,19.4,7062428.0
98,2002-11-11,19.42,19.25,19.64,19.2,2925010.0
99,2002-11-12,19.22,19.1,19.55,19.02,9368628.0
100,2002-11-13,19.12,19.28,19.34,19.0,4124658.0
101,2002-11-14,19.26,19.31,19.6,19.15,5703347.0
102,2002-11-15,19.4,19.28,19.57,19.15,3502751.0
103,2002-11-18,19.3,19.23,19.35,19.09,4133787.0
104,2002-11-19,19.2,19.32,19.37,19.12,2791002.0
105,2002-11-20,19.3,19.21,19.32,19.01,4690152.0
106,2002-11-21,19.2,19.0,19.2,19.0,6070273.0
107,2002-11-22,18.98,18.96,19.25,18.79,3762179.0
108,2002-11-26,19.16,18.77,19.16,18.76,7316503.0
109,2002-11-27,18.74,18.84,18.85,18.65,3984410.0
110,2002-11-28,18.75,19.3,19.34,18.75,3810892.0
111,2002-11-29,19.35,19.4,19.64,19.11,6538695.0
112,2002-12-02,19.3,18.91,19.5,18.9,2701203.0
113,2002-12-03,18.78,19.13,19.45,18.72,1324949.0
114,2002-12-04,19.16,19.1,19.45,19.0,3244694.0
115,2002-12-05,19.1,19.0,19.1,18.9,1501416.0
116,2002-12-06,19.1,19.04,19.1,18.9,1822789.0
117,2002-12-09,19.0,19.05,19.1,18.91,946352.0
118,2002-12-10,18.9,18.81,19.09,18.81,1807744.0
119,2002-12-11,18.8,18.79,18.9,18.65,2296887.0
120,2002-12-12,18.71,18.97,19.0,18.7,855234.0
121,2002-12-13,18.72,19.14,19.2,18.6,2143758.0
122,2002-12-16,19.04,19.05,19.2,18.83,901213.0
123,2002-12-17,19.15,19.0,19.15,18.9,2856363.0
124,2002-12-18,18.98,18.94,19.04,18.91,2143553.0
125,2002-12-19,18.94,18.79,19.01,18.75,1313174.0
126,2002-12-20,18.8,19.0,19.1,18.8,1380162.0
127,2002-12-23,19.0,18.98,19.15,18.92,1378441.0
128,2002-12-24,18.9,18.98,19.07,18.82,2146795.0
129,2002-12-25,19.58,19.12,19.58,18.98,5322528.0
130,2002-12-26,19.05,18.92,19.12,18.63,2183774.0
131,2002-12-27,19.11,18.92,19.11,18.71,2745390.0
132,2002-12-30,18.73,18.48,18.96,18.33,2290531.0
133,2002-12-31,18.8,18.18,18.8,18.1,2598592.0
134,2003-01-02,18.1,17.88,18.34,17.8,2360948.0
135,2003-01-03,17.83,17.64,18.09,17.45,2977550.0
136,2003-01-06,17.5,17.53,17.7,17.0,9881553.0
137,2003-01-07,17.45,17.28,17.58,17.2,4997192.0
138,2003-01-08,17.28,17.77,17.8,17.2,3165665.0
139,2003-01-09,17.8,17.95,18.0,17.61,4917623.0
140,2003-01-10,17.88,17.77,17.98,17.77,5600406.0
141,2003-01-13,17.65,17.8,17.8,17.6,1997638.0
142,2003-01-14,17.75,18.39,18.8,17.71,8105269.0
143,2003-01-15,18.5,18.36,18.74,18.3,7859362.0
144,2003-01-16,18.36,18.72,19.0,18.2,9888129.0
145,2003-01-17,18.75,18.52,18.8,18.5,4212538.0
146,2003-01-20,18.5,18.57,18.59,18.33,9034076.0
147,2003-01-21,18.65,18.35,18.68,18.34,2554888.0
148,2003-01-22,18.25,18.04,18.3,17.92,3259154.0
149,2003-01-23,18.0,17.78,18.2,17.78,2297139.0
150,2003-01-24,17.8,18.0,18.1,17.68,4573973.0
151,2003-01-27,18.06,18.18,18.2,17.9,3915961.0
152,2003-01-28,18.24,18.54,18.6,18.1,5369622.0
153,2003-01-29,18.55,18.48,18.71,18.41,5038644.0
154,2003-02-10,18.49,18.54,18.69,18.46,4065180.0
155,2003-02-11,18.54,19.03,19.1,18.52,9243476.0
156,2003-02-12,19.03,19.03,19.15,18.92,5352053.0
157,2003-02-13,19.03,18.91,19.15,18.8,4991782.0
158,2003-02-14,18.92,19.08,19.15,18.92,7715609.0
159,2003-02-17,19.2,19.23,19.36,19.07,9734497.0
160,2003-02-18,19.2,19.05,19.24,19.02,4400761.0
161,2003-02-19,19.1,19.22,19.24,19.03,2457435.0
162,2003-02-20,19.2,19.4,19.5,19.2,6230394.0
163,2003-02-21,19.13,19.11,19.4,19.1,6384508.0
164,2003-02-24,19.05,19.35,19.6,19.05,5274600.0
165,2003-02-25,19.33,19.8,19.88,19.33,9023470.0
166,2003-02-26,19.68,19.84,19.94,19.68,6982476.0
167,2003-02-27,19.84,20.21,20.28,19.84,12720786.0
168,2003-02-28,20.1,20.53,20.74,20.07,29982152.0
169,2003-03-03,20.67,20.99,21.64,20.44,56622320.0
170,2003-03-04,20.89,21.18,21.26,20.67,34299719.0
171,2003-03-05,21.18,20.89,21.2,20.8,16406929.0
172,2003-03-06,20.88,20.98,21.26,20.81,25463832.0
173,2003-03-07,21.0,21.4,21.67,20.98,60677557.0
174,2003-03-10,21.4,20.65,21.5,20.41,44024890.0
175,2003-03-11,20.65,19.87,20.7,19.72,45905163.0
176,2003-03-12,19.85,19.91,20.08,19.74,19834457.0
177,2003-03-13,19.85,19.68,20.06,19.67,16067434.0
178,2003-03-14,19.65,19.49,19.76,19.4,12831144.0
179,2003-03-17,19.48,19.33,19.5,19.19,11629763.0
180,2003-03-18,19.35,19.34,19.6,19.3,6287778.0
181,2003-03-19,19.4,19.21,19.4,19.09,7723684.0
182,2003-03-20,19.1,19.23,19.48,19.1,13801849.0
183,2003-03-21,19.24,19.51,19.58,19.21,3403817.0
184,2003-03-24,19.68,19.66,19.94,19.52,13121557.0
185,2003-03-25,19.61,19.38,19.61,19.38,4982655.0
186,2003-03-26,19.33,19.35,19.47,19.21,3802001.0
187,2003-03-27,19.35,19.73,19.9,19.18,5667476.0
188,2003-03-28,19.8,19.6,19.85,19.5,6131373.0
189,2003-03-31,19.6,19.77,19.78,19.49,9882164.0
190,2003-04-01,19.74,19.56,19.88,19.48,9164380.0
191,2003-04-02,19.57,19.53,19.76,19.48,5670890.0
192,2003-04-03,19.51,19.45,19.52,19.32,3978050.0
193,2003-04-04,19.34,19.55,19.65,19.34,1604054.0
194,2003-04-07,19.45,18.88,19.5,18.85,6537175.0
195,2003-04-08,18.8,18.69,19.3,18.6,8364148.0
196,2003-04-09,18.69,18.65,18.88,18.41,8801295.0
197,2003-04-10,18.66,19.03,19.2,18.65,10648973.0
198,2003-04-11,19.18,19.08,19.18,18.89,4814336.0
199,2003-04-14,19.16,19.43,19.6,18.96,17144140.0
200,2003-04-16,19.97,19.17,20.19,19.1,34809762.0
201,2003-04-17,19.1,19.22,19.35,19.01,11336034.0
202,2003-04-18,19.36,19.34,19.42,19.16,9048137.0
203,2003-04-21,19.3,18.8,19.3,18.75,10516942.0
204,2003-04-22,18.79,19.15,19.19,18.71,5584999.0
205,2003-04-23,19.19,19.01,19.3,18.88,5418038.0
206,2003-04-24,18.6,17.63,18.6,17.55,8116387.0
207,2003-04-25,17.61,17.1,17.79,17.0,6018388.0
208,2003-04-28,16.9,16.31,17.0,15.54,15133018.0
209,2003-04-29,16.32,16.04,16.35,15.85,7091993.0
210,2003-04-30,15.87,16.06,16.1,15.8,5641389.0
211,2003-05-12,16.1,16.14,16.44,15.85,4113847.0
212,2003-05-13,16.2,15.82,16.22,15.65,7429417.0
213,2003-05-14,15.78,16.11,16.18,15.2,6804471.0
214,2003-05-15,16.35,16.57,16.73,16.32,7693578.0
215,2003-05-16,16.66,16.75,16.95,16.5,4945314.0
216,2003-05-19,16.75,16.91,17.1,16.75,4757786.0
217,2003-05-20,16.93,16.9,17.05,16.2,5011325.0
218,2003-05-21,16.8,16.83,16.94,16.52,4233705.0
219,2003-05-22,16.8,16.89,16.9,16.51,3967906.0
220,2003-05-23,16.88,17.12,17.15,16.72,8182924.0
221,2003-05-26,17.02,16.89,17.02,16.81,4002838.0
222,2003-05-27,16.8,17.02,17.1,16.8,2839073.0
223,2003-05-28,16.93,16.78,17.0,16.52,5549289.0
224,2003-05-29,16.65,16.92,17.0,16.65,3457870.0
225,2003-05-30,16.9,17.04,17.22,16.7,4253316.0
226,2003-06-02,17.04,17.76,17.77,16.9,4997246.0
227,2003-06-03,17.8,17.86,18.0,17.06,7300683.0
228,2003-06-04,17.76,17.75,17.85,17.35,5665766.0
229,2003-06-05,17.75,17.63,17.75,17.4,3792998.0
230,2003-06-06,17.62,17.28,17.62,17.27,4110843.0
231,2003-06-09,17.18,16.8,17.22,16.65,4351092.0
232,2003-06-10,16.8,16.94,16.95,16.75,990061.0
233,2003-06-11,16.94,17.11,17.14,16.8,851900.0
234,2003-06-12,17.0,16.97,17.1,16.9,1154220.0
235,2003-06-13,17.05,17.72,18.15,16.97,10294536.0
236,2003-06-16,17.73,17.81,18.43,17.73,8057830.0
237,2003-06-17,17.83,17.51,17.9,17.5,3323413.0
238,2003-06-18,17.55,17.85,18.14,17.48,3035037.0
239,2003-06-19,17.52,17.78,18.18,17.52,9268182.0
240,2003-06-20,17.85,17.82,18.15,17.6,5390692.0
241,2003-06-23,17.9,17.56,17.9,17.52,2035478.0
242,2003-06-24,17.54,17.61,17.8,17.54,1447006.0
243,2003-06-25,17.66,17.55,17.73,17.52,2299125.0
244,2003-06-26,17.45,17.35,17.48,17.02,2573699.0
245,2003-06-27,17.35,17.31,17.35,17.2,3873611.0
246,2003-06-30,17.05,17.05,17.15,17.0,1571238.0
247,2003-07-01,17.12,17.2,17.25,17.1,796839.0
248,2003-07-02,17.24,17.0,17.24,16.89,1799030.0
249,2003-07-03,16.96,17.07,17.24,16.92,1301162.0
250,2003-07-04,17.1,16.94,17.1,16.72,1164690.0
251,2003-07-07,17.0,16.87,17.0,16.76,1232376.0
252,2003-07-08,16.8,17.02,17.14,16.8,905785.0
253,2003-07-09,16.93,16.83,16.93,16.8,2125789.0
254,2003-07-10,16.7,16.96,17.16,16.7,1543604.0
255,2003-07-11,17.0,17.0,17.1,16.95,2134950.0
256,2003-07-14,17.0,16.96,17.0,16.8,891813.0
257,2003-07-15,15.8,16.91,17.03,15.8,3279542.0
258,2003-07-16,16.92,16.88,16.92,16.81,1268667.0
259,2003-07-17,16.81,17.06,17.18,16.78,6798555.0
260,2003-07-18,17.06,16.55,17.23,16.52,7931714.0
261,2003-07-21,16.5,16.28,16.5,16.21,4494997.0
262,2003-07-22,16.33,16.58,16.7,16.33,3050714.0
263,2003-07-23,16.6,16.56,16.61,16.36,343456.0
264,2003-07-24,16.51,16.55,16.75,16.41,3789713.0
265,2003-07-25,16.55,16.4,16.55,16.33,1038240.0
266,2003-07-28,16.4,16.35,16.4,16.2,929315.0
267,2003-07-29,16.35,16.25,16.5,15.7,2164471.0
268,2003-07-30,16.25,16.17,16.3,16.02,805785.0
269,2003-07-31,16.17,16.3,16.36,15.93,3108563.0
270,2003-08-01,16.15,16.35,16.38,16.15,627580.0
271,2003-08-04,16.33,16.2,16.33,15.9,6643338.0
272,2003-08-05,16.06,16.1,16.22,16.03,1098491.0
273,2003-08-06,16.1,16.0,16.11,15.97,2963709.0
274,2003-08-07,16.0,16.04,16.11,16.0,838407.0
275,2003-08-08,16.0,15.93,16.01,15.9,939001.0
276,2003-08-11,15.9,15.91,16.0,15.8,674154.0
277,2003-08-12,15.85,15.92,16.16,15.85,1374104.0
278,2003-08-13,15.9,15.97,16.05,15.9,750543.0
279,2003-08-14,15.97,16.02,16.15,15.83,1069701.0
280,2003-08-15,15.99,16.15,16.3,15.99,1329469.0
281,2003-08-18,16.15,15.73,16.15,15.5,4298851.0
282,2003-08-19,15.9,16.14,16.55,15.35,3283997.0
283,2003-08-20,16.06,16.16,16.16,16.04,498887.0
284,2003-08-21,16.06,16.16,16.18,16.06,344052.0
285,2003-08-22,16.16,16.35,16.36,16.02,815901.0
286,2003-08-25,16.35,16.12,16.35,16.05,383640.0
287,2003-08-26,16.05,15.99,16.09,15.04,2682864.0
288,2003-08-27,15.94,15.75,15.94,15.6,835318.0
289,2003-08-28,15.7,15.81,15.85,15.7,422568.0
290,2003-08-29,15.82,15.9,16.0,15.65,925724.0
291,2003-09-01,15.9,16.37,16.6,15.9,2826477.0
292,2003-09-02,16.37,16.78,17.13,16.37,10183455.0
293,2003-09-03,16.95,16.86,17.08,16.62,4352706.0
294,2003-09-04,16.8,16.7,17.42,16.6,8652342.0
295,2003-09-05,16.7,16.53,17.28,16.32,10912507.0
296,2003-09-08,16.52,17.3,17.35,16.36,9783812.0
297,2003-09-09,17.2,17.1,17.2,16.88,1670246.0
298,2003-09-10,17.1,16.88,17.1,16.82,909290.0
299,2003-09-11,16.88,16.96,17.08,16.86,1177907.0
300,2003-09-12,16.96,16.97,17.05,16.66,1925793.0
301,2003-09-15,16.96,17.04,17.11,16.96,2111952.0
302,2003-09-16,17.04,17.02,17.04,16.71,767303.0
303,2003-09-17,17.02,16.78,17.02,16.7,4448917.0
304,2003-09-18,15.6,16.7,16.7,15.6,1442281.0
305,2003-09-19,16.58,17.02,17.02,16.55,2183774.0
306,2003-09-22,17.0,16.66,17.0,16.56,329336.0
307,2003-09-23,16.66,16.6,16.66,16.5,707594.0
308,2003-09-24,16.5,16.58,16.65,16.5,562440.0
309,2003-09-25,16.58,16.21,16.58,16.2,2113968.0
310,2003-09-26,16.03,16.12,16.21,16.03,683019.0
311,2003-09-29,16.05,16.05,16.12,15.91,798119.0
312,2003-09-30,15.95,16.05,16.1,15.95,247458.0
313,2003-10-08,15.96,16.13,16.13,15.9,337759.0
314,2003-10-09,16.13,16.15,16.2,16.1,463316.0
315,2003-10-10,15.9,16.41,16.48,15.6,544811.0
316,2003-10-13,16.35,16.69,16.75,16.2,1707494.0
317,2003-10-14,16.69,16.86,16.92,16.2,3315615.0
318,2003-10-15,16.62,16.65,16.86,16.61,322328.0
319,2003-10-16,16.65,16.55,16.65,16.38,533359.0
320,2003-10-17,16.55,16.5,16.55,16.28,126059.0
321,2003-10-20,16.5,16.4,16.5,16.2,417333.0
322,2003-10-21,16.4,16.27,16.4,16.25,785551.0
323,2003-10-22,16.26,16.8,17.3,16.26,13146048.0
324,2003-10-23,16.83,16.58,16.85,16.55,4382870.0
325,2003-10-24,16.57,16.53,16.6,16.47,1152956.0
326,2003-10-27,16.5,15.9,16.5,15.68,4434768.0
327,2003-10-28,16.0,15.81,16.2,15.8,7385629.0
328,2003-10-29,15.81,15.55,16.05,15.45,4077757.0
329,2003-10-30,15.55,15.58,15.69,15.55,1026904.0
330,2003-10-31,15.58,15.48,15.63,15.25,5018070.0
331,2003-11-03,15.48,15.3,15.48,15.1,5429682.0
332,2003-11-04,15.3,15.25,15.49,15.08,10762149.0
333,2003-11-05,15.25,15.23,15.25,15.08,5791986.0
334,2003-11-06,15.5,14.95,15.5,14.87,4344966.0
335,2003-11-07,14.87,15.1,15.13,14.68,1587026.0
336,2003-11-10,14.7,14.76,14.85,14.7,1021692.0
337,2003-11-11,14.76,14.95,15.0,14.71,9207088.0
338,2003-11-12,14.95,14.75,14.95,14.7,6721481.0
339,2003-11-13,14.8,15.17,15.32,14.8,8089542.0
340,2003-11-14,15.2,15.45,15.55,15.15,5229985.0
341,2003-11-17,15.5,15.48,15.62,14.83,8056610.0
342,2003-11-18,15.45,15.48,15.77,15.1,11366164.0
343,2003-11-19,15.58,16.0,16.12,15.53,9463867.0
344,2003-11-20,16.0,17.1,17.48,15.8,12701771.0
345,2003-11-21,17.2,16.3,17.2,16.18,9099322.0
346,2003-11-24,16.3,17.43,17.93,16.3,21947166.0
347,2003-11-25,17.5,17.28,17.98,16.94,17192897.0
348,2003-11-26,17.3,17.17,17.5,16.89,5884182.0
349,2003-11-27,17.25,17.72,18.18,17.2,24962197.0
350,2003-11-28,17.9,17.68,18.25,17.6,4751369.0
351,2003-12-01,17.75,17.52,18.65,17.5,24304697.0
352,2003-12-02,17.5,18.21,18.4,17.48,18341111.0
353,2003-12-03,18.3,18.18,18.33,17.73,6913428.0
354,2003-12-04,18.1,17.65,18.28,17.46,11463833.0
355,2003-12-05,17.6,17.89,17.96,17.5,7909572.0
356,2003-12-08,18.05,17.79,18.08,17.55,3715967.0
357,2003-12-09,17.75,17.67,17.79,17.6,1828821.0
358,2003-12-10,17.69,18.39,18.47,17.69,18728779.0
359,2003-12-11,18.65,18.38,18.75,18.19,5362657.0
360,2003-12-12,18.38,18.27,18.4,18.16,8111547.0
361,2003-12-15,18.3,18.55,18.68,18.28,11949608.0
362,2003-12-16,18.65,18.51,18.87,18.16,16018357.0
363,2003-12-17,18.45,18.03,18.6,17.9,7992465.0
364,2003-12-18,17.98,18.09,18.68,17.85,5306644.0
365,2003-12-19,18.25,17.88,18.39,17.75,2039749.0
366,2003-12-22,17.9,17.74,18.25,17.58,4463321.0
367,2003-12-23,17.78,17.92,18.2,17.78,12736920.0
368,2003-12-24,18.05,17.68,18.19,17.47,10608185.0
369,2003-12-25,17.8,18.16,18.37,17.78,17532241.0
370,2003-12-26,18.25,18.62,18.65,18.08,29121096.0
371,2003-12-29,18.8,18.71,19.07,18.4,16670091.0
372,2003-12-30,18.78,19.46,19.5,18.75,24225678.0
373,2003-12-31,20.78,19.61,20.78,19.32,17076941.0
374,2004-01-02,19.55,19.31,19.9,19.19,12041821.0
375,2004-01-05,19.35,19.9,20.09,19.31,23551980.0
376,2004-01-06,20.05,19.98,20.28,19.68,7546965.0
377,2004-01-07,20.02,19.68,20.3,19.5,14303762.0
378,2004-01-08,19.75,20.56,20.65,19.72,33563108.0
379,2004-01-09,20.8,20.28,20.8,20.0,13935038.0
380,2004-01-12,20.23,20.47,20.6,20.0,8607036.0
381,2004-01-13,20.4,20.07,20.79,19.93,13018517.0
382,2004-01-14,20.05,19.72,20.38,19.55,8034234.0
383,2004-01-15,19.65,19.88,20.15,19.65,9254520.0
384,2004-01-16,19.88,20.16,20.3,19.0,12932311.0
385,2004-01-29,20.05,20.97,21.33,20.04,16388391.0
386,2004-01-30,20.9,20.73,21.15,20.65,5089249.0
387,2004-02-02,20.8,20.88,21.25,20.55,6961942.0
388,2004-02-03,20.88,20.75,20.99,20.61,6361432.0
389,2004-02-04,20.81,21.47,21.48,20.48,16782782.0
390,2004-02-05,21.42,21.28,21.42,20.98,20264294.0
391,2004-02-06,21.35,21.94,22.16,21.35,49004257.0
392,2004-02-09,21.98,23.38,23.5,21.95,55068950.0
393,2004-02-10,23.45,22.9,23.46,22.83,14527779.0
394,2004-02-11,22.9,22.6,23.67,22.49,32018440.0
395,2004-02-12,22.65,23.26,23.45,22.65,41269031.0
396,2004-02-13,23.35,24.17,24.38,23.35,79841737.0
397,2004-02-16,24.25,23.88,24.4,23.72,21743951.0
398,2004-02-17,24.8,25.48,26.27,24.2,108335611.0
399,2004-02-18,25.5,25.3,26.1,25.01,56146809.0
400,2004-02-19,25.38,25.45,26.1,24.67,61766849.0
401,2004-02-20,25.18,24.78,25.4,24.4,27860328.0
402,2004-02-23,24.73,24.3,25.03,24.2,22675158.0
403,2004-02-24,24.35,24.68,24.89,24.05,33230116.0
404,2004-02-25,24.68,24.4,24.8,24.25,15081481.0
405,2004-02-26,24.4,24.59,24.6,24.2,14955707.0
406,2004-02-27,24.61,24.9,25.0,24.54,32396518.0
407,2004-03-01,25.0,24.75,25.13,24.6,20334603.0
408,2004-03-02,24.75,24.56,24.85,24.38,14711446.0
409,2004-03-03,24.5,23.64,24.56,23.48,23179069.0
410,2004-03-04,23.56,23.8,23.9,23.53,14966222.0
411,2004-03-05,23.8,23.71,23.84,23.55,11434920.0
412,2004-03-08,23.65,23.78,24.2,23.53,16067889.0
413,2004-03-09,23.75,23.9,24.45,23.75,18079932.0
414,2004-03-10,23.85,24.14,24.35,23.85,6926125.0
415,2004-03-11,24.18,24.78,25.08,24.18,24797618.0
416,2004-03-12,24.73,24.78,24.9,24.57,10586557.0
417,2004-03-15,24.9,24.96,25.2,24.61,15322773.0
418,2004-03-16,24.95,24.67,25.1,24.58,13563201.0
419,2004-03-17,24.69,24.63,24.86,24.46,12986082.0
420,2004-03-19,24.55,24.23,24.73,24.17,12678146.0
421,2004-03-22,24.28,24.76,25.2,24.28,19985561.0
422,2004-03-23,24.85,24.58,25.0,24.45,16744145.0
423,2004-03-24,24.6,24.87,25.19,24.5,28438904.0
424,2004-03-25,24.95,25.18,25.25,24.73,25744956.0
425,2004-03-26,25.28,25.6,25.66,25.24,42758880.0
426,2004-03-29,25.8,25.9,26.3,25.31,57961197.0
427,2004-03-30,26.05,26.13,26.77,25.43,60955019.0
428,2004-03-31,26.0,25.71,26.38,25.43,27705520.0
429,2004-04-01,25.78,25.81,26.5,25.3,62621281.0
430,2004-04-02,12.75,13.48,13.93,12.75,58767048.0
431,2004-04-05,13.55,13.43,13.71,13.1,44284119.0
432,2004-04-06,13.48,13.2,13.64,13.1,24395013.0
433,2004-04-07,13.25,13.47,13.6,13.2,42671067.0
434,2004-04-08,13.5,13.68,13.8,13.46,49634359.0
435,2004-04-09,13.8,13.96,14.3,13.8,70096538.0
436,2004-04-12,14.0,13.78,14.3,13.69,31665393.0
437,2004-04-13,13.8,13.46,14.05,13.42,21572844.0
438,2004-04-14,13.5,13.28,13.7,13.1,18096980.0
439,2004-04-15,13.28,13.49,13.6,13.28,28080156.0
440,2004-04-16,13.5,13.4,13.66,13.21,14018642.0
441,2004-04-19,13.42,13.66,13.8,13.4,23471126.0
442,2004-04-20,13.7,13.58,13.88,13.5,14034884.0
443,2004-04-21,13.6,13.74,13.85,13.33,24100983.0
444,2004-04-22,14.22,13.68,14.22,13.6,5701992.0
445,2004-04-23,13.7,13.62,13.85,13.57,4974612.0
446,2004-04-26,13.62,13.41,13.78,13.2,8822655.0
447,2004-04-27,13.5,12.34,13.5,12.18,15825179.0
448,2004-04-28,12.3,12.72,13.5,12.3,8335262.0
449,2004-04-29,12.75,12.48,13.13,12.35,7305501.0
450,2004-04-30,12.83,12.4,12.83,12.3,4197669.0
451,2004-05-10,12.5,12.67,12.99,12.5,13769937.0
452,2004-05-11,12.7,12.9,12.98,12.7,11779013.0
453,2004-05-12,12.97,13.27,13.4,12.96,21985763.0
454,2004-05-13,13.38,13.46,13.7,13.15,23260456.0
455,2004-05-14,13.36,13.42,13.75,13.28,11441723.0
456,2004-05-17,13.5,13.26,13.59,13.08,3748039.0
457,2004-05-18,13.26,13.56,13.65,13.2,10010016.0
458,2004-05-19,13.65,13.69,13.85,13.45,14598611.0
459,2004-05-20,13.9,13.06,14.2,12.6,40434383.0
460,2004-05-21,12.8,12.17,13.4,11.75,36918454.0
461,2004-05-24,11.9,10.95,12.14,10.95,23425049.0
462,2004-05-25,10.87,9.86,10.87,9.86,5807382.0
463,2004-05-26,9.6,9.85,10.18,9.5,25107952.0
464,2004-05-27,9.83,10.05,10.19,9.67,28850872.0
465,2004-05-28,10.1,10.34,10.95,10.1,48026014.0
466,2004-05-31,10.33,10.2,10.4,10.07,11085209.0
467,2004-06-01,10.23,10.46,10.57,10.23,34926526.0
468,2004-06-02,10.5,10.58,10.78,10.3,25813172.0
469,2004-06-03,10.65,10.29,10.73,10.2,12429937.0
470,2004-06-04,10.25,10.21,10.48,10.1,8335513.0
471,2004-06-07,10.25,10.1,10.37,10.05,4504855.0
472,2004-06-08,10.1,9.71,10.24,9.62,7289164.0
473,2004-06-09,9.75,9.07,9.99,9.0,13600106.0
474,2004-06-10,8.82,9.18,9.29,8.81,11937250.0
475,2004-06-11,9.25,9.08,9.5,8.98,15722000.0
476,2004-06-14,9.1,8.81,9.18,8.73,2829768.0
477,2004-06-15,8.85,8.99,8.99,8.73,7281394.0
478,2004-06-16,9.08,8.91,9.15,8.78,4731740.0
479,2004-06-17,9.0,8.69,9.05,8.65,2759870.0
480,2004-06-18,8.7,8.53,8.79,8.45,3628169.0
481,2004-06-21,8.55,8.79,8.8,8.55,3916406.0
482,2004-06-22,8.85,9.4,9.67,8.85,34925178.0
483,2004-06-23,9.5,9.42,9.85,9.15,19984683.0
484,2004-06-24,9.45,9.25,9.66,9.2,15291744.0
485,2004-06-25,9.36,8.96,9.36,8.93,5932094.0
486,2004-06-28,8.9,8.56,8.95,8.49,5567565.0
487,2004-06-29,8.58,9.14,9.42,8.58,18230723.0
488,2004-06-30,9.2,8.94,9.35,8.87,5971169.0
489,2004-07-01,8.98,9.25,9.34,8.98,16527450.0
490,2004-07-02,9.3,9.16,9.33,9.03,5349557.0
491,2004-07-05,9.18,9.2,9.29,9.06,5540964.0
492,2004-07-06,9.35,9.4,9.6,9.3,22568037.0
493,2004-07-07,9.48,9.26,9.53,9.18,4919333.0
494,2004-07-08,9.26,9.24,9.34,9.15,3594667.0
495,2004-07-09,9.25,9.19,9.41,9.15,5524613.0
496,2004-07-12,9.2,8.9,9.24,8.84,2610610.0
497,2004-07-13,8.9,9.02,9.48,8.9,3213348.0
498,2004-07-14,9.05,9.08,9.27,9.0,5506063.0
499,2004-07-15,9.16,9.24,9.34,9.05,8330125.0
500,2004-07-16,9.35,9.52,9.58,9.3,22709354.0
501,2004-07-19,9.55,9.88,10.12,9.55,27147991.0
502,2004-07-20,9.95,9.85,10.2,9.7,16251153.0
503,2004-07-21,9.93,9.8,10.09,9.6,10191387.0
504,2004-07-22,9.75,9.47,9.85,9.43,4459748.0
505,2004-07-23,9.48,9.48,9.6,9.3,4131080.0
506,2004-07-26,9.5,9.59,9.8,9.5,13730556.0
507,2004-07-27,9.63,9.68,9.88,9.5,10253726.0
508,2004-07-28,9.7,9.9,10.1,9.68,14358779.0
509,2004-07-29,9.9,9.95,10.09,9.4,13588874.0
510,2004-07-30,10.2,9.83,10.2,9.75,7423806.0
511,2004-08-02,9.85,9.7,9.94,9.59,4595552.0
512,2004-08-03,9.7,9.7,9.89,9.6,3077210.0
513,2004-08-04,9.7,9.9,9.9,9.55,20827548.0
514,2004-08-05,9.65,9.64,9.96,9.39,19701821.0
515,2004-08-06,9.5,9.42,9.64,9.3,7069401.0
516,2004-08-09,9.35,9.31,9.58,9.25,2924968.0
517,2004-08-10,9.28,9.37,9.4,9.12,5561035.0
518,2004-08-11,9.35,9.18,9.41,9.15,1195074.0
519,2004-08-12,9.18,9.17,9.32,9.05,1706051.0
520,2004-08-13,9.15,9.16,9.19,9.06,1203685.0
521,2004-08-16,9.16,9.18,9.4,9.07,1446010.0
522,2004-08-17,9.15,9.18,9.22,9.08,1386518.0
523,2004-08-18,9.18,9.23,9.29,9.12,2930206.0
524,2004-08-19,9.25,9.18,9.31,9.05,1920641.0
525,2004-08-20,9.15,9.17,9.35,9.0,3909312.0
526,2004-08-23,9.15,9.17,9.2,8.9,2953427.0
527,2004-08-24,8.9,9.22,9.4,8.9,5826325.0
528,2004-08-25,9.25,9.14,9.38,9.06,2391407.0
529,2004-08-26,9.1,8.67,9.19,8.4,3852364.0
530,2004-08-27,8.6,8.13,8.6,8.12,4369172.0
531,2004-08-30,8.1,8.07,8.25,7.95,1636910.0
532,2004-08-31,8.15,8.49,8.82,8.15,11531901.0
533,2004-09-01,8.55,8.22,8.7,8.22,1974374.0
534,2004-09-02,8.25,8.24,8.4,8.21,2667459.0
535,2004-09-03,8.24,8.28,8.38,8.24,1500600.0
536,2004-09-06,8.3,8.23,8.35,8.12,2059510.0
537,2004-09-07,8.23,8.17,8.32,8.13,665532.0
538,2004-09-08,8.15,8.13,8.18,8.12,653497.0
539,2004-09-09,8.13,7.9,8.19,7.9,963425.0
540,2004-09-10,7.9,7.64,7.95,7.58,1865583.0
541,2004-09-13,7.65,7.59,7.88,7.57,1476598.0
542,2004-09-14,7.65,8.08,8.35,7.65,11574031.0
543,2004-09-15,8.12,8.38,8.7,7.8,17147587.0
544,2004-09-16,8.45,8.41,8.69,8.2,14468704.0
545,2004-09-17,8.39,8.63,8.65,8.27,19189168.0
546,2004-09-20,8.72,9.21,9.25,8.7,27269758.0
547,2004-09-21,9.42,9.08,9.5,8.98,24128112.0
548,2004-09-22,9.08,8.89,9.39,8.76,15021464.0
549,2004-09-23,8.88,9.0,9.05,8.7,9923694.0
550,2004-09-24,9.1,9.23,9.7,9.1,40036996.0
551,2004-09-28,9.28,9.22,9.48,9.1,14659097.0
552,2004-09-29,9.25,9.2,9.43,9.18,10439161.0
553,2004-09-30,9.25,9.2,9.45,9.14,10390816.0
554,2004-10-08,9.25,9.4,9.41,9.02,10900586.0
555,2004-10-11,9.45,9.85,9.95,9.37,50307093.0
556,2004-10-12,9.88,9.77,10.1,9.59,37971179.0
557,2004-10-13,9.73,10.33,10.56,9.73,48113338.0
558,2004-10-14,10.35,9.92,10.59,9.62,34514884.0
559,2004-10-15,9.9,9.63,9.97,9.56,13858272.0
560,2004-10-18,9.7,9.89,10.05,9.58,30592666.0
561,2004-10-19,9.95,9.84,10.17,9.7,27513094.0
562,2004-10-20,9.8,9.67,9.93,9.61,8005188.0
563,2004-10-21,9.7,9.76,10.15,9.6,28446177.0
564,2004-10-22,9.7,9.67,9.88,9.4,25917249.0
565,2004-10-25,9.7,9.8,9.96,9.68,29751470.0
566,2004-10-26,9.85,9.76,10.09,9.53,22508538.0
567,2004-10-27,9.7,9.6,9.98,9.55,13335702.0
568,2004-10-28,9.6,9.57,9.78,9.47,12899340.0
569,2004-10-29,9.47,9.64,9.73,9.38,21514840.0
570,2004-11-01,9.68,9.59,9.85,9.45,14610249.0
571,2004-11-02,9.55,9.6,9.76,9.45,15111113.0
572,2004-11-03,9.6,10.1,10.48,9.6,45069599.0
573,2004-11-04,10.18,9.95,10.4,9.8,22255943.0
574,2004-11-05,10.02,9.85,10.15,9.7,11684682.0
575,2004-11-08,9.8,9.77,9.88,9.69,5183795.0
576,2004-11-09,9.8,9.77,10.0,9.6,6286779.0
577,2004-11-10,9.77,10.24,10.25,9.77,31942804.0
578,2004-11-11,10.3,10.26,10.8,10.08,56839595.0
579,2004-11-12,10.1,10.26,10.5,10.04,30340450.0
580,2004-11-15,10.2,10.41,10.44,10.09,24113270.0
581,2004-11-16,10.45,10.28,10.49,10.2,19801340.0
582,2004-11-17,10.3,10.1,10.33,9.9,16808310.0
583,2004-11-18,10.07,9.99,10.17,9.88,11626368.0
584,2004-11-19,9.98,10.99,10.99,9.98,40044520.0
585,2004-11-22,11.39,11.17,11.95,11.0,36928336.0
586,2004-11-23,11.05,11.08,11.23,10.6,42624808.0
587,2004-11-24,10.88,10.63,11.2,10.5,39349365.0
588,2004-11-25,10.58,10.52,10.76,10.4,14602524.0
589,2004-11-26,10.55,10.6,10.74,10.46,15139157.0
590,2004-11-29,10.65,10.6,10.95,10.5,16426055.0
591,2004-11-30,10.62,10.26,10.75,10.0,26507207.0
592,2004-12-01,10.1,9.86,10.21,9.72,15365767.0
593,2004-12-02,9.84,9.78,9.92,9.68,8138079.0
594,2004-12-03,9.8,10.05,10.45,9.8,22346058.0
595,2004-12-06,10.08,10.17,10.35,9.95,18418914.0
596,2004-12-07,10.2,9.92,10.34,9.85,17999671.0
597,2004-12-08,9.92,9.96,10.11,9.5,19868745.0
598,2004-12-09,9.7,9.73,9.87,9.5,23673181.0
599,2004-12-10,9.6,9.48,9.69,9.48,7299440.0
600,2004-12-13,9.45,9.3,9.6,9.27,8036142.0
601,2004-12-14,9.33,9.37,9.59,9.25,9403573.0
602,2004-12-15,9.39,9.5,9.59,9.25,23009556.0
603,2004-12-16,9.35,9.17,9.38,9.16,6789790.0
604,2004-12-17,9.2,8.82,9.24,8.8,9736508.0
605,2004-12-20,8.85,8.73,8.92,8.73,3148683.0
606,2004-12-21,8.75,8.87,8.95,8.75,4376893.0
607,2004-12-22,8.9,9.18,9.3,8.88,12598009.0
608,2004-12-23,9.2,8.97,9.28,8.88,3379226.0
609,2004-12-24,8.97,9.06,9.13,8.9,2183173.0
610,2004-12-27,9.1,9.09,9.16,8.9,2546293.0
611,2004-12-28,9.05,9.12,9.25,8.9,19155842.0
612,2004-12-29,8.98,8.93,9.12,8.88,14884300.0
613,2004-12-30,8.93,8.82,8.95,8.65,2857376.0
614,2004-12-31,8.85,8.93,8.96,8.79,1691143.0
615,2005-01-04,9.05,8.94,9.05,8.82,679570.0
616,2005-01-05,8.94,9.06,9.1,8.88,4328105.0
617,2005-01-06,9.1,8.98,9.16,8.93,1394339.0
618,2005-01-07,8.98,8.96,9.1,8.88,1649442.0
619,2005-01-10,8.96,9.13,9.15,8.95,6270380.0
620,2005-01-11,9.12,9.03,9.17,8.95,3813948.0
621,2005-01-12,9.05,8.98,9.06,8.86,1595205.0
622,2005-01-13,9.0,8.89,9.05,8.76,3457378.0
623,2005-01-14,8.85,8.8,8.95,8.78,1923540.0
624,2005-01-17,8.77,8.76,8.98,8.75,1438841.0
625,2005-01-18,8.78,8.82,8.88,8.77,582082.0
626,2005-01-19,8.82,8.82,9.03,8.75,794718.0
627,2005-01-20,8.8,8.43,8.89,8.35,2785144.0
628,2005-01-21,8.45,8.38,8.55,8.07,5320197.0
629,2005-01-24,8.48,8.82,9.22,8.48,14460878.0
630,2005-01-25,8.77,8.57,8.77,8.36,8092015.0
631,2005-01-26,8.57,8.51,8.66,8.4,4374599.0
632,2005-01-27,8.48,8.44,8.56,8.39,994285.0
633,2005-01-28,8.44,8.38,8.53,8.38,831371.0
634,2005-01-31,8.38,8.14,8.45,8.1,1137133.0
635,2005-02-01,8.15,8.33,8.95,8.15,6285830.0
636,2005-02-02,8.24,8.62,8.66,8.2,7585674.0
637,2005-02-03,8.68,8.44,8.75,8.4,3488862.0
638,2005-02-04,8.44,8.58,8.7,8.44,7319969.0
639,2005-02-16,8.65,8.72,8.98,8.6,8812442.0
640,2005-02-17,8.65,8.75,8.8,8.54,4357967.0
641,2005-02-18,8.78,8.69,8.85,8.55,4717219.0
642,2005-02-21,8.6,8.75,8.78,8.55,7254162.0
643,2005-02-22,8.78,8.92,8.98,8.67,17834494.0
644,2005-02-23,8.95,8.88,9.03,8.8,9575263.0
645,2005-02-24,8.9,9.01,9.18,8.88,12973758.0
646,2005-02-25,9.03,9.04,9.18,8.92,23858343.0
647,2005-02-28,9.05,8.95,9.16,8.89,14626489.0
648,2005-03-01,8.95,8.97,9.04,8.89,16648601.0
649,2005-03-02,8.98,8.91,9.28,8.8,19078986.0
650,2005-03-03,8.85,8.78,8.85,8.6,6547617.0
651,2005-03-04,8.78,8.64,8.82,8.55,4938261.0
652,2005-03-07,8.68,8.79,8.93,8.66,8326987.0
653,2005-03-08,8.83,8.96,9.05,8.73,10531678.0
654,2005-03-09,8.97,8.9,9.08,8.8,6588275.0
655,2005-03-10,8.9,8.73,8.95,8.72,3620247.0
656,2005-03-11,8.75,8.94,9.08,8.72,21134340.0
657,2005-03-14,8.9,9.08,9.14,8.87,20202976.0
658,2005-03-15,9.15,9.2,9.62,9.1,28652806.0
659,2005-03-16,9.2,8.92,9.48,8.78,27247165.0
660,2005-03-17,8.92,9.03,9.14,8.85,10938992.0
661,2005-03-18,9.05,8.97,9.25,8.78,10027605.0
662,2005-03-21,8.95,8.81,9.02,8.75,5479451.0
663,2005-03-22,8.83,8.49,8.98,8.35,5786443.0
664,2005-03-23,8.53,8.04,8.57,8.0,6317474.0
665,2005-03-24,8.04,7.97,8.29,7.67,4933956.0
666,2005-03-25,8.02,8.05,8.18,7.92,1895084.0
667,2005-03-28,8.08,7.99,8.15,7.86,3689338.0
668,2005-03-29,7.99,7.97,8.09,7.9,2275368.0
669,2005-03-30,7.95,7.37,7.95,7.32,1768279.0
670,2005-03-31,7.4,6.96,7.5,6.64,2717499.0
671,2005-04-01,6.88,6.81,7.15,6.78,19044783.0
672,2005-04-04,6.82,6.86,6.92,6.74,8026855.0
673,2005-04-05,6.85,6.65,6.97,6.58,6734688.0
674,2005-04-06,6.7,6.65,6.75,6.48,7144532.0
675,2005-04-07,7.1,7.32,7.32,7.05,26668622.0
676,2005-04-08,7.33,7.35,7.5,7.25,16325487.0
677,2005-04-11,7.35,7.4,7.5,7.3,8754779.0
678,2005-04-12,7.38,7.13,7.38,7.12,4769645.0
679,2005-04-13,7.2,7.31,7.4,7.15,5460917.0
680,2005-04-14,7.3,7.19,7.32,7.16,3627268.0
681,2005-04-15,7.2,6.88,7.2,6.86,4835626.0
682,2005-04-18,6.88,6.84,6.88,6.7,2150898.0
683,2005-04-19,6.85,6.89,6.9,6.79,1518729.0
684,2005-04-20,6.93,7.03,7.15,6.89,13067321.0
685,2005-04-21,7.05,7.21,7.4,7.04,18468123.0
686,2005-04-22,7.23,7.08,7.34,6.86,8238898.0
687,2005-04-25,6.99,6.8,7.06,6.68,4291057.0
688,2005-04-26,6.8,7.06,7.09,6.7,4133355.0
689,2005-04-27,7.34,7.05,7.34,6.92,3068491.0
690,2005-04-28,6.9,7.05,7.07,6.53,6685209.0
691,2005-04-29,6.86,6.79,6.99,6.72,3388160.0
692,2005-05-10,6.5,6.23,6.5,6.11,5275813.0
693,2005-05-11,6.22,6.03,6.25,6.03,2594494.0
694,2005-05-12,6.0,5.72,6.01,5.71,3175960.0
695,2005-05-13,5.71,5.79,5.83,5.6,4462225.0
696,2005-05-16,5.73,5.9,5.92,5.73,5612778.0
697,2005-05-17,5.9,5.99,6.08,5.9,3632072.0
698,2005-05-18,5.97,6.05,6.1,5.9,4191178.0
699,2005-05-19,6.05,6.05,6.12,6.0,4364678.0
700,2005-05-20,3.87,3.77,3.9,3.76,911788.0
701,2005-05-23,3.6,3.39,3.6,3.39,3576559.0
702,2005-05-24,3.31,3.42,3.43,3.2,5765776.0
703,2005-05-25,3.38,3.42,3.46,3.3,3568173.0
704,2005-05-26,3.34,3.35,3.42,3.34,1957471.0
705,2005-05-27,3.3,3.17,3.33,3.14,4716623.0
706,2005-05-30,3.18,3.23,3.25,3.11,3255914.0
707,2005-05-31,3.26,3.24,3.35,3.2,5232044.0
708,2005-06-01,3.26,3.13,3.26,3.12,2495867.0
709,2005-06-02,3.16,3.02,3.17,2.99,6186326.0
710,2005-06-03,2.99,3.08,3.15,2.99,5566613.0
711,2005-06-06,3.08,3.15,3.15,3.02,4561501.0
712,2005-06-07,3.17,3.16,3.25,3.11,6558161.0
713,2005-06-08,3.26,3.4,3.46,3.19,18503576.0
714,2005-06-09,3.49,3.52,3.55,3.4,17606042.0
715,2005-06-10,3.51,3.36,3.51,3.35,6139847.0
716,2005-06-13,3.4,3.45,3.54,3.4,10106310.0
717,2005-06-14,3.45,3.34,3.49,3.34,4907593.0
718,2005-06-15,3.3,3.22,3.33,3.21,3672374.0
719,2005-06-16,3.22,3.23,3.25,3.15,2844112.0
720,2005-06-17,3.25,3.28,3.29,3.2,2904742.0
721,2005-06-20,3.27,3.41,3.42,3.21,5460898.0
722,2005-06-21,3.42,3.39,3.44,3.36,3645328.0
723,2005-06-22,3.39,3.36,3.39,3.3,1979406.0
724,2005-06-23,3.35,3.33,3.38,3.29,1376354.0
725,2005-06-24,3.3,3.31,3.33,3.25,1572215.0
726,2005-06-27,3.39,3.4,3.43,3.32,4270089.0
727,2005-06-28,3.38,3.35,3.39,3.29,2280891.0
728,2005-06-29,3.34,3.39,3.4,3.34,2936654.0
729,2005-06-30,3.39,3.35,3.42,3.32,4055285.0
730,2005-07-01,3.33,3.29,3.37,3.27,4397707.0
731,2005-07-04,3.25,3.25,3.26,3.15,2053446.0
732,2005-07-05,3.25,3.22,3.27,3.22,810145.0
733,2005-07-06,3.2,3.24,3.25,3.18,1003317.0
734,2005-07-07,3.21,3.27,3.29,3.21,1335251.0
735,2005-07-08,3.26,3.23,3.27,3.18,1157210.0
736,2005-07-11,3.23,3.2,3.3,3.2,1053238.0
737,2005-07-12,3.2,3.31,3.37,3.2,3356712.0
738,2005-07-13,3.28,3.28,3.3,3.25,916931.0
739,2005-07-14,3.23,3.24,3.3,3.23,902956.0
740,2005-07-15,3.22,3.1,3.26,3.08,1964590.0
741,2005-07-18,3.1,3.0,3.11,2.91,2935457.0
742,2005-07-19,3.0,3.03,3.08,3.0,810945.0
743,2005-07-20,3.0,3.07,3.08,2.98,1406204.0
744,2005-07-21,3.08,3.05,3.08,3.01,1021058.0
745,2005-07-22,2.96,3.04,3.08,2.95,3389830.0
746,2005-07-25,3.0,2.99,3.0,2.91,1903334.0
747,2005-07-26,2.99,3.11,3.19,2.97,8086515.0
748,2005-07-27,3.1,3.3,3.34,3.1,9741263.0
749,2005-07-28,3.31,3.38,3.46,3.27,8990462.0
750,2005-07-29,3.39,3.33,3.39,3.31,2909294.0
751,2005-08-01,3.3,3.32,3.35,3.28,1984495.0
752,2005-08-02,3.32,3.38,3.39,3.3,2122947.0
753,2005-08-03,3.38,3.41,3.49,3.38,4765772.0
754,2005-08-04,3.43,3.5,3.54,3.38,7059603.0
755,2005-08-05,3.52,3.66,3.67,3.46,9757038.0
756,2005-08-08,3.65,3.79,3.88,3.65,18939786.0
757,2005-08-09,3.79,3.9,3.91,3.76,6467769.0
758,2005-08-10,3.9,3.85,3.92,3.73,4852192.0
759,2005-08-11,3.85,4.14,4.24,3.82,17391133.0
760,2005-08-12,4.1,4.15,4.31,4.08,16809576.0
761,2005-08-15,4.08,4.24,4.26,4.08,5795646.0
762,2005-08-16,4.24,4.07,4.25,3.95,9754368.0
763,2005-08-17,4.04,4.19,4.2,4.0,4298380.0
764,2005-08-18,4.17,4.0,4.2,3.98,7937046.0
765,2005-08-19,3.98,3.93,4.05,3.7,6124784.0
766,2005-08-22,3.92,4.0,4.02,3.85,2834551.0
767,2005-08-23,4.0,4.4,4.4,4.0,31765714.0
768,2005-08-24,4.44,4.68,4.79,4.3,44841434.0
769,2005-08-25,4.68,4.67,4.75,4.51,23766878.0
770,2005-08-26,4.65,4.6,4.66,4.52,8830569.0
771,2005-08-29,4.6,4.67,4.7,4.33,14391117.0
772,2005-08-30,4.65,4.48,4.65,4.48,5686552.0
773,2005-08-31,4.47,4.5,4.54,4.35,5961208.0
774,2005-09-01,4.46,4.57,4.6,4.38,8363165.0
775,2005-09-02,4.58,4.54,4.58,4.45,6827990.0
776,2005-09-05,4.53,4.74,4.78,4.52,16815556.0
777,2005-09-06,4.8,4.5,4.9,4.5,12602779.0
778,2005-09-07,4.48,4.6,4.6,4.43,7174804.0
779,2005-09-08,4.6,4.64,4.71,4.54,8611580.0
780,2005-09-09,4.65,4.69,4.72,4.55,10884841.0
781,2005-09-12,4.65,4.65,4.72,4.6,2309149.0
782,2005-09-13,4.65,4.79,4.8,4.59,14858570.0
783,2005-09-14,4.82,4.98,4.98,4.79,24118137.0
784,2005-09-15,4.94,4.96,5.03,4.87,13691245.0
785,2005-09-16,4.9,4.85,4.95,4.81,9679767.0
786,2005-09-19,4.8,4.88,4.91,4.76,5957968.0
787,2005-09-20,4.83,4.76,4.88,4.71,8119523.0
788,2005-09-21,4.72,4.57,4.75,4.56,7876374.0
789,2005-09-22,4.56,4.59,4.6,4.32,5974077.0
790,2005-09-23,4.58,4.47,4.62,4.45,2019735.0
791,2005-09-26,4.48,4.31,4.48,4.27,3635044.0
792,2005-09-27,4.32,4.15,4.39,4.0,4131617.0
793,2005-09-28,4.15,4.15,4.2,4.1,1924180.0
794,2005-09-29,4.2,4.31,4.31,4.1,2557910.0
795,2005-09-30,4.31,4.41,4.42,4.2,3876371.0
796,2005-10-10,4.34,4.31,4.39,4.26,1657188.0
797,2005-10-11,4.31,4.36,4.37,4.2,1358791.0
798,2005-10-12,4.35,4.4,4.4,4.3,1758466.0
799,2005-10-13,4.35,4.34,4.4,4.3,1857663.0
800,2005-10-14,4.31,4.1,4.31,4.08,4954685.0
801,2005-10-17,4.06,4.07,4.14,4.0,1503414.0
802,2005-10-18,4.08,4.18,4.18,4.08,1304000.0
803,2005-10-19,4.18,4.1,4.2,4.08,1559996.0
804,2005-10-20,4.14,4.09,4.15,4.0,1481654.0
805,2005-10-21,4.03,4.06,4.1,4.0,1625473.0
806,2005-10-24,4.06,4.14,4.14,4.06,1696092.0
807,2005-10-25,4.2,4.1,4.21,4.07,1784756.0
808,2005-10-26,4.07,3.83,4.11,3.78,3592722.0
809,2005-10-27,3.83,3.74,3.88,3.72,1703146.0
810,2005-10-28,3.75,3.63,3.84,3.6,2049688.0
811,2005-10-31,3.65,3.67,3.7,3.63,1082373.0
812,2005-11-01,3.64,3.58,3.68,3.56,1679216.0
813,2005-11-02,3.6,3.7,3.72,3.56,2523224.0
814,2005-11-03,3.69,3.64,3.69,3.59,3683833.0
815,2005-11-04,3.67,3.65,3.68,3.57,2032076.0
816,2005-11-07,3.67,3.86,3.93,3.66,12569385.0
817,2005-11-08,3.9,4.07,4.13,3.78,15630640.0
818,2005-11-09,4.07,4.02,4.18,4.01,9789755.0
819,2005-11-10,4.0,3.8,4.0,3.74,8656069.0
820,2005-11-11,3.73,3.74,3.86,3.66,5900668.0
821,2005-11-14,3.71,3.9,3.92,3.71,4696684.0
822,2005-11-15,3.9,3.84,3.91,3.8,1980533.0
823,2005-11-16,3.84,3.87,3.87,3.67,3816233.0
824,2005-11-17,3.86,3.81,3.88,3.77,2095764.0
825,2005-11-18,3.81,3.9,3.92,3.76,8048543.0
826,2005-11-21,3.91,3.97,4.0,3.88,5781471.0
827,2005-11-22,3.96,3.84,4.02,3.81,3586013.0
828,2005-11-23,3.85,3.87,3.88,3.8,1292116.0
829,2005-11-24,3.87,3.87,3.96,3.85,2948116.0
830,2005-11-28,3.87,3.87,3.92,3.82,1124438.0
831,2005-11-29,3.87,3.82,3.88,3.81,1233153.0
832,2005-11-30,3.81,3.78,3.83,3.73,2165284.0
833,2005-12-01,3.75,3.78,3.85,3.75,1121667.0
834,2005-12-02,3.75,3.78,3.81,3.72,1119052.0
835,2005-12-05,3.74,3.64,3.79,3.62,1457525.0
836,2005-12-06,3.61,3.65,3.67,3.6,968068.0
837,2005-12-07,3.68,3.65,3.7,3.6,1705809.0
838,2005-12-08,3.65,3.58,3.68,3.56,2272634.0
839,2005-12-09,3.54,3.55,3.66,3.41,9595849.0
840,2005-12-12,3.55,3.6,3.61,3.55,7006653.0
841,2005-12-13,3.61,3.59,3.63,3.53,2146783.0
842,2005-12-14,3.62,3.83,3.85,3.62,14180527.0
843,2005-12-15,3.82,3.73,3.85,3.72,5949545.0
844,2005-12-16,3.69,3.84,3.88,3.68,14344096.0
845,2005-12-19,3.85,3.88,3.94,3.81,12186510.0
846,2005-12-20,3.88,3.89,3.93,3.83,4649323.0
847,2005-12-21,3.91,3.84,3.91,3.81,3899890.0
848,2005-12-22,3.84,3.84,3.86,3.77,2844743.0
849,2005-12-23,3.87,3.89,3.94,3.85,7667859.0
850,2005-12-26,3.94,3.87,3.94,3.8,7996860.0
851,2005-12-27,3.85,4.0,4.01,3.81,13345072.0
852,2005-12-28,3.98,3.99,4.02,3.95,7547335.0
853,2005-12-29,4.0,4.08,4.16,3.96,20776867.0
854,2005-12-30,4.1,4.03,4.14,3.99,12619009.0
855,2006-01-04,4.05,4.08,4.11,3.89,17804565.0
856,2006-01-05,4.06,4.12,4.16,4.01,16744854.0
857,2006-01-06,4.13,4.29,4.49,4.11,27389085.0
858,2006-01-09,4.26,4.24,4.32,4.15,15707683.0
859,2006-01-10,4.22,4.26,4.27,4.16,8045933.0
860,2006-01-11,4.25,4.17,4.32,4.16,8342725.0
861,2006-01-12,4.15,4.29,4.33,4.14,15270536.0
862,2006-01-13,4.28,4.29,4.35,4.25,10969754.0
863,2006-01-16,4.28,4.29,4.46,4.25,21113475.0
864,2006-01-17,4.31,4.35,4.39,4.25,14233044.0
865,2006-01-18,4.4,4.58,4.64,4.35,33907441.0
866,2006-01-19,4.58,4.61,4.64,4.52,14950129.0
867,2006-01-20,4.59,4.61,4.61,4.48,13978281.0
868,2006-01-23,4.6,4.51,4.6,4.42,18915204.0
869,2006-01-24,4.55,4.51,4.68,4.47,23069638.0
870,2006-01-25,4.5,4.49,4.57,4.43,12138616.0
871,2006-02-06,4.52,4.65,4.67,4.5,21788620.0
872,2006-02-07,4.68,4.62,4.75,4.53,28559798.0
873,2006-02-08,4.58,4.67,4.67,4.57,14695920.0
874,2006-02-09,4.68,4.5,4.68,4.46,15663659.0
875,2006-02-10,4.5,4.47,4.54,4.36,15691281.0
876,2006-02-13,4.48,4.51,4.54,4.42,9643698.0
877,2006-02-14,4.51,4.55,4.59,4.48,11870858.0
878,2006-02-15,4.55,4.57,4.62,4.5,14488699.0
879,2006-02-16,4.58,4.38,4.58,4.36,14743005.0
880,2006-02-17,4.38,4.41,4.5,4.38,12012781.0
881,2006-03-06,4.58,4.2,4.58,4.17,22204130.0
882,2006-03-07,4.2,4.2,4.49,4.16,14780076.0
883,2006-03-08,4.2,4.18,4.24,4.09,9612672.0
884,2006-03-09,4.38,4.2,4.38,4.14,10271132.0
885,2006-03-10,4.23,4.11,4.24,4.11,7331215.0
886,2006-04-03,3.33,3.46,3.58,3.33,55443729.0
887,2006-04-04,3.46,3.59,3.6,3.42,30510160.0
888,2006-04-05,3.6,3.58,3.62,3.52,20966552.0
889,2006-04-06,3.58,3.53,3.6,3.5,14589192.0
890,2006-04-07,3.49,3.5,3.53,3.46,15374734.0
891,2006-04-10,3.5,3.64,3.64,3.5,28470281.0
892,2006-04-12,3.64,3.75,3.79,3.62,32023602.0
893,2006-04-13,3.75,3.56,3.78,3.55,25596457.0
894,2006-04-14,3.55,3.7,3.71,3.52,21335622.0
895,2006-04-17,3.71,3.73,3.83,3.68,33094507.0
896,2006-04-18,3.73,3.75,3.82,3.68,25403669.0
897,2006-04-19,3.76,3.74,3.8,3.66,13805995.0
898,2006-04-20,3.75,3.65,3.78,3.62,15716546.0
899,2006-04-21,3.64,3.72,3.74,3.62,11947266.0
900,2006-04-24,3.74,3.76,3.77,3.69,18453690.0
901,2006-04-25,3.51,3.37,3.51,3.33,11204476.0
902,2006-04-26,3.37,3.38,3.41,3.26,11304919.0
903,2006-04-27,3.37,3.41,3.44,3.28,13084867.0
904,2006-04-28,3.36,3.39,3.46,3.31,17814425.0
905,2006-05-08,3.39,3.43,3.46,3.33,32865752.0
906,2006-05-09,3.44,3.65,3.72,3.41,43023713.0
907,2006-05-10,3.66,3.59,3.68,3.54,35358985.0
908,2006-05-11,3.59,3.58,3.84,3.53,51972055.0
909,2006-05-12,3.57,3.68,3.71,3.55,34650788.0
910,2006-05-15,3.69,3.84,3.91,3.67,47433073.0
911,2006-05-16,3.82,3.65,3.95,3.6,43824930.0
912,2006-05-17,3.65,3.75,3.79,3.59,30996519.0
913,2006-05-18,3.71,3.9,3.95,3.65,47310870.0
914,2006-05-19,3.92,4.0,4.0,3.83,41944156.0
915,2006-05-22,3.99,4.09,4.19,3.95,40186201.0
916,2006-05-23,4.07,3.76,4.07,3.75,39003035.0
917,2006-05-24,3.75,3.68,3.87,3.62,23346512.0
918,2006-05-25,3.68,3.74,3.77,3.64,12406200.0
919,2006-05-26,3.74,3.81,3.83,3.72,16182461.0
920,2006-05-29,3.83,3.85,3.87,3.77,20546997.0
921,2006-05-30,3.86,4.01,4.09,3.78,35242207.0
922,2006-05-31,4.0,3.86,4.04,3.84,26222503.0
923,2006-06-01,3.93,4.0,4.04,3.84,32526625.0
924,2006-06-02,4.0,4.05,4.19,3.99,50139231.0
925,2006-06-05,4.05,4.2,4.25,4.01,37083948.0
926,2006-06-06,4.18,4.11,4.28,4.07,36948685.0
927,2006-06-07,4.11,3.76,4.14,3.75,30634411.0
928,2006-06-08,3.75,3.82,3.84,3.65,17535814.0
929,2006-06-09,3.82,3.84,3.92,3.77,21892891.0
930,2006-06-12,3.85,3.83,3.86,3.78,11627541.0
931,2006-06-13,3.85,3.88,3.9,3.74,10610490.0
932,2006-06-14,3.9,4.05,4.06,3.88,47878738.0
933,2006-06-15,4.04,4.02,4.07,3.95,22282502.0
934,2006-06-16,4.02,4.06,4.11,4.02,17661529.0
935,2006-06-19,4.05,4.04,4.1,3.95,14948135.0
936,2006-06-20,4.01,4.0,4.03,3.91,14190451.0
937,2006-06-21,4.0,4.07,4.14,3.94,26737027.0
938,2006-06-22,4.04,4.01,4.1,3.97,12732755.0
939,2006-06-23,4.01,4.14,4.15,3.98,29974272.0
940,2006-06-26,4.14,4.18,4.25,4.11,26112309.0
941,2006-06-27,4.2,4.39,4.45,4.11,52214968.0
942,2006-06-28,4.41,4.33,4.43,4.27,30075043.0
943,2006-06-29,4.33,4.35,4.42,4.3,30771974.0
944,2006-06-30,4.36,4.24,4.39,4.17,29513441.0
945,2006-07-03,4.28,4.32,4.35,4.2,18299961.0
946,2006-07-04,4.33,4.2,4.33,4.15,22539490.0
947,2006-07-05,4.18,4.13,4.18,4.07,13113477.0
948,2006-07-06,4.12,4.22,4.24,4.12,19576213.0
949,2006-07-07,4.23,4.3,4.34,4.16,28059397.0
950,2006-07-10,4.3,4.27,4.31,4.18,11569339.0
951,2006-07-11,4.27,4.23,4.29,4.21,12555372.0
952,2006-07-12,4.23,4.24,4.29,4.18,14039953.0
953,2006-07-13,4.24,3.82,4.25,3.82,33134046.0
954,2006-07-14,3.78,3.8,3.86,3.74,15608226.0
955,2006-07-17,3.83,3.87,3.87,3.76,10327102.0
956,2006-07-18,3.87,3.86,3.87,3.79,7972663.0
957,2006-07-19,3.85,3.69,3.85,3.68,14933804.0
958,2006-07-20,3.7,3.72,3.75,3.66,7104285.0
959,2006-07-21,3.71,3.75,3.76,3.7,6754003.0
960,2006-07-24,3.7,3.72,3.72,3.5,7756878.0
961,2006-07-25,3.72,3.81,3.85,3.72,12106313.0
962,2006-07-26,3.82,3.79,3.84,3.75,10136437.0
963,2006-07-27,3.79,3.69,3.82,3.67,13267412.0
964,2006-07-28,3.69,3.6,3.69,3.56,13638679.0
965,2006-07-31,3.58,3.61,3.7,3.55,15089416.0
966,2006-08-01,3.59,3.53,3.64,3.5,11500658.0
967,2006-08-02,3.54,3.46,3.55,3.4,13082141.0
968,2006-08-03,3.46,3.46,3.49,3.41,8537066.0
969,2006-08-04,3.49,3.31,3.49,3.3,11655472.0
970,2006-08-07,3.31,3.18,3.31,3.15,10717472.0
971,2006-08-08,3.17,3.27,3.29,3.17,6699766.0
972,2006-08-09,3.29,3.25,3.33,3.23,5671678.0
973,2006-08-10,3.28,3.37,3.4,3.25,7951448.0
974,2006-08-11,3.38,3.37,3.4,3.34,3110226.0
975,2006-08-14,3.4,3.25,3.4,3.24,5209188.0
976,2006-08-15,3.25,3.34,3.34,3.21,3376742.0
977,2006-08-16,3.33,3.42,3.44,3.3,8527046.0
978,2006-08-17,3.4,3.42,3.45,3.33,6772084.0
979,2006-08-18,3.39,3.36,3.45,3.36,4412324.0
980,2006-08-21,3.18,3.43,3.46,3.18,5187531.0
981,2006-08-22,3.45,3.46,3.49,3.38,6379189.0
982,2006-08-23,3.49,3.39,3.5,3.37,20433591.0
983,2006-08-24,3.36,3.39,3.39,3.3,8504516.0
984,2006-08-25,3.4,3.4,3.46,3.4,8546321.0
985,2006-08-28,3.46,3.51,3.52,3.42,11713195.0
986,2006-08-29,3.52,3.49,3.57,3.48,11488338.0
987,2006-08-30,3.48,3.51,3.51,3.44,5891507.0
988,2006-08-31,3.5,3.49,3.54,3.46,6595483.0
989,2006-09-01,3.5,3.4,3.54,3.39,9703573.0
990,2006-09-04,3.4,3.43,3.44,3.36,14012974.0
991,2006-09-05,3.43,3.4,3.47,3.38,9017059.0
992,2006-09-06,3.41,3.41,3.45,3.37,18136599.0
993,2006-09-07,3.45,3.56,3.57,3.42,32796478.0
994,2006-09-08,3.55,3.51,3.57,3.49,16641802.0
995,2006-09-11,3.5,3.62,3.62,3.48,18743061.0
996,2006-09-12,3.61,3.59,3.64,3.55,15096700.0
997,2006-09-13,3.59,3.51,3.61,3.51,9438175.0
998,2006-09-14,3.51,3.55,3.58,3.5,8222220.0
999,2006-09-15,3.57,3.59,3.62,3.52,11438277.0
1000,2006-09-18,3.6,3.65,3.66,3.57,15771470.0
1001,2006-09-20,3.66,3.73,3.83,3.66,44813412.0
1002,2006-09-21,3.72,3.74,3.83,3.69,17381351.0
1003,2006-09-22,3.74,3.66,3.78,3.65,12947252.0
1004,2006-09-25,3.63,3.68,3.75,3.62,10885073.0
1005,2006-09-26,3.68,3.72,3.72,3.63,8285565.0
1006,2006-09-27,3.72,3.76,3.78,3.68,8987605.0
1007,2006-09-28,3.76,3.74,3.79,3.72,9442204.0
1008,2006-09-29,3.74,3.79,3.84,3.74,19227700.0
1009,2006-10-09,3.84,3.95,3.98,3.79,28195400.0
1010,2006-10-10,4.0,4.15,4.25,3.99,71577459.0
1011,2006-10-11,4.2,4.24,4.27,4.13,42545288.0
1012,2006-10-12,4.26,4.07,4.27,4.05,33473649.0
1013,2006-10-13,4.1,4.16,4.22,4.05,22883043.0
1014,2006-10-16,4.16,4.06,4.19,4.04,16819159.0
1015,2006-10-17,4.01,4.03,4.09,4.0,13015413.0
1016,2006-10-18,4.03,4.12,4.13,4.01,10264160.0
1017,2006-10-19,4.12,4.1,4.17,4.06,13567028.0
1018,2006-10-20,4.11,3.99,4.11,3.9,22149815.0
1019,2006-10-23,3.99,3.81,4.0,3.8,16118941.0
1020,2006-10-24,3.8,3.9,3.92,3.8,13132158.0
1021,2006-10-25,3.9,3.89,3.94,3.8,11421165.0
1022,2006-10-26,3.87,3.79,3.89,3.77,15843015.0
1023,2006-10-27,3.78,3.69,3.79,3.63,15749460.0
1024,2006-10-30,3.67,3.74,3.76,3.6,10978865.0
1025,2006-10-31,3.73,3.83,3.87,3.7,10928922.0
1026,2006-11-01,3.83,3.81,3.85,3.76,6785894.0
1027,2006-11-02,3.82,3.77,3.85,3.73,8045179.0
1028,2006-11-03,3.76,3.85,3.92,3.72,13943816.0
1029,2006-11-06,3.83,3.77,3.85,3.75,9540462.0
1030,2006-11-07,3.76,3.71,3.79,3.66,12566678.0
1031,2006-11-08,3.7,3.64,3.7,3.62,8415978.0
1032,2006-11-09,3.63,3.69,3.71,3.62,6120010.0
1033,2006-11-10,3.69,3.56,3.72,3.5,12562660.0
1034,2006-11-13,3.55,3.59,3.62,3.49,12000112.0
1035,2006-11-14,3.63,3.81,3.85,3.63,27490226.0
1036,2006-11-15,3.8,3.8,3.83,3.73,12594871.0
1037,2006-11-16,3.81,3.66,3.81,3.65,13465668.0
1038,2006-11-17,3.65,3.67,3.69,3.58,7840578.0
1039,2006-11-20,3.63,3.64,3.7,3.58,11813856.0
1040,2006-11-21,3.65,3.61,3.66,3.56,8930620.0
1041,2006-11-22,3.61,3.69,3.7,3.6,10386062.0
1042,2006-11-23,3.67,3.72,3.72,3.62,11584501.0
1043,2006-11-24,3.72,3.77,3.78,3.67,12584440.0
1044,2006-11-27,3.77,3.82,3.84,3.74,12986406.0
1045,2006-11-28,3.83,3.78,3.86,3.75,9753258.0
1046,2006-11-30,3.85,3.87,3.98,3.85,24425678.0
1047,2006-12-01,3.83,3.96,3.98,3.76,33259841.0
1048,2006-12-04,3.95,3.98,4.07,3.92,26765434.0
1049,2006-12-05,3.98,3.96,4.02,3.9,18278208.0
1050,2006-12-06,3.96,3.83,3.96,3.75,22573412.0
1051,2006-12-07,3.83,3.83,3.92,3.78,16170303.0
1052,2006-12-08,3.79,3.81,3.99,3.76,25569941.0
1053,2006-12-11,3.81,3.93,3.93,3.81,16390182.0
1054,2006-12-12,3.95,3.88,3.97,3.81,14046175.0
1055,2006-12-13,3.9,3.86,3.91,3.82,10497309.0
1056,2006-12-14,3.86,4.0,4.0,3.81,41569947.0
1057,2006-12-15,4.0,3.99,4.04,3.94,23092238.0
1058,2006-12-18,3.98,3.99,4.03,3.94,26288780.0
1059,2006-12-19,3.99,3.94,3.99,3.88,29281604.0
1060,2006-12-20,3.93,3.99,3.99,3.85,22325377.0
1061,2006-12-21,3.99,3.99,4.1,3.96,37150596.0
1062,2006-12-22,3.98,3.99,4.03,3.92,17900447.0
1063,2006-12-25,4.05,4.14,4.17,4.03,52089259.0
1064,2006-12-26,4.12,4.1,4.2,4.02,27638402.0
1065,2006-12-27,4.15,4.17,4.18,4.06,28111226.0
1066,2006-12-28,4.18,4.08,4.27,4.04,38309101.0
1067,2006-12-29,4.08,4.05,4.14,4.01,34356551.0
1068,2007-01-04,4.07,4.14,4.18,4.01,44595854.0
1069,2007-01-05,4.24,4.55,4.55,4.23,125059636.0
1070,2007-01-08,4.58,4.66,4.84,4.5,94613006.0
1071,2007-01-09,4.6,4.85,5.0,4.55,71898781.0
1072,2007-01-10,4.85,4.93,4.98,4.7,56364444.0
1073,2007-01-11,4.93,4.84,5.03,4.79,61552324.0
1074,2007-01-12,4.78,4.53,4.87,4.52,51825892.0
1075,2007-01-15,4.53,4.74,4.75,4.48,46990208.0
1076,2007-01-16,4.77,5.09,5.1,4.61,60970918.0
1077,2007-01-17,5.09,4.89,5.25,4.81,87272647.0
1078,2007-01-18,4.87,5.01,5.09,4.7,53236651.0
1079,2007-01-19,5.0,5.14,5.2,4.99,66686481.0
1080,2007-01-22,5.17,5.36,5.38,5.17,73744146.0
1081,2007-01-23,5.36,5.29,5.4,5.0,66716308.0
1082,2007-01-24,5.21,5.29,5.4,5.16,61211355.0
1083,2007-01-25,5.27,4.93,5.27,4.89,59903282.0
1084,2007-01-26,4.88,4.88,4.92,4.56,44273797.0
1085,2007-01-29,4.9,5.08,5.08,4.9,42514299.0
1086,2007-01-30,5.07,5.11,5.27,5.05,59406013.0
1087,2007-01-31,5.19,5.05,5.35,4.98,84600807.0
1088,2007-02-01,4.96,5.09,5.09,4.71,42358788.0
1089,2007-02-02,5.1,5.2,5.3,5.0,62323965.0
1090,2007-02-05,5.25,5.72,5.72,5.22,111508306.0
1091,2007-02-06,5.76,5.62,5.78,5.55,79903806.0
1092,2007-02-07,5.64,5.94,6.07,5.59,86590152.0
1093,2007-02-08,6.09,6.02,6.14,5.76,68342103.0
1094,2007-02-09,6.0,5.82,6.0,5.8,53071938.0
1095,2007-02-12,5.8,5.92,5.99,5.67,58408834.0
1096,2007-02-13,5.94,5.88,5.97,5.77,40543573.0
1097,2007-02-14,5.88,6.26,6.46,5.8,76644074.0
1098,2007-02-15,6.28,6.34,6.38,6.15,62230907.0
1099,2007-02-16,6.37,6.25,6.44,6.18,62016310.0
1100,2007-02-26,6.31,6.55,6.57,6.2,64896999.0
1101,2007-02-27,6.56,5.9,6.61,5.9,94214212.0
1102,2007-02-28,5.72,6.08,6.12,5.67,74867301.0
1103,2007-03-01,6.05,5.71,6.05,5.64,66576431.0
1104,2007-03-02,5.79,5.9,6.03,5.75,53306655.0
1105,2007-03-05,5.94,6.27,6.28,5.88,98750524.0
1106,2007-03-06,6.23,6.21,6.35,6.16,53752724.0
1107,2007-03-07,6.26,6.3,6.34,6.21,43988028.0
1108,2007-03-08,6.3,6.38,6.46,6.23,54422650.0
1109,2007-03-09,6.38,6.19,6.38,6.07,65559749.0
1110,2007-03-12,6.16,6.31,6.33,6.1,56562257.0
1111,2007-03-13,6.35,6.49,6.57,6.29,107512048.0
1112,2007-03-14,6.39,6.34,6.47,6.1,67712144.0
1113,2007-03-15,6.61,6.19,6.61,6.12,138807442.0
1114,2007-03-16,6.17,5.79,6.23,5.78,133051534.0
1115,2007-03-19,5.61,5.89,5.92,5.55,70679412.0
1116,2007-03-20,5.9,6.22,6.27,5.87,107682903.0
1117,2007-03-21,6.3,6.28,6.37,6.16,120826986.0
1118,2007-03-22,6.28,6.2,6.33,6.16,100574077.0
1119,2007-03-23,6.2,6.35,6.38,6.11,97629530.0
1120,2007-03-26,6.37,6.7,6.77,6.37,155232811.0
1121,2007-03-27,6.71,7.08,7.22,6.61,190348957.0
1122,2007-03-28,7.08,7.05,7.18,6.61,164877224.0
1123,2007-03-29,7.2,6.84,7.35,6.83,180658239.0
1124,2007-03-30,6.75,6.86,7.0,6.62,65714902.0
1125,2007-04-02,6.86,6.91,6.98,6.75,67458028.0
1126,2007-04-03,6.79,7.17,7.19,6.79,139872384.0
1127,2007-04-04,7.16,7.09,7.23,6.98,89486102.0
1128,2007-04-05,7.08,7.14,7.18,7.0,94251936.0
1129,2007-04-06,7.16,7.3,7.34,7.12,184682098.0
1130,2007-04-09,7.32,7.52,7.66,7.32,172990637.0
1131,2007-04-10,7.53,7.37,7.59,7.11,127485742.0
1132,2007-04-11,7.37,7.38,7.42,7.14,115964929.0
1133,2007-04-12,7.38,7.43,7.5,7.21,128296227.0
1134,2007-04-13,7.42,7.69,7.91,7.32,222497751.0
1135,2007-04-16,7.77,7.85,7.93,7.63,145035491.0
1136,2007-04-17,7.85,8.64,8.64,7.85,241588805.0
1137,2007-04-18,8.75,8.87,9.19,8.45,198901300.0
1138,2007-04-19,8.7,8.02,8.74,7.98,207423991.0
1139,2007-04-20,8.1,8.43,8.5,8.1,132519785.0
1140,2007-04-23,8.55,8.8,8.99,8.53,156737802.0
1141,2007-04-24,8.9,8.9,9.45,8.62,184476076.0
1142,2007-04-25,8.8,8.7,9.0,8.5,139868183.0
1143,2007-04-26,8.69,8.75,8.9,8.62,119937377.0
1144,2007-04-27,8.8,9.14,9.3,8.66,221732065.0
1145,2007-04-30,9.34,9.19,9.34,8.99,215085884.0
1146,2007-05-08,9.38,9.74,9.79,9.2,231070597.0
1147,2007-05-09,9.75,10.23,10.35,9.4,316372705.0
1148,2007-05-10,10.42,10.17,10.52,10.0,193134272.0
1149,2007-05-11,10.0,9.73,10.0,9.5,216033196.0
1150,2007-05-14,9.51,9.65,9.91,9.28,169663437.0
1151,2007-05-16,9.21,9.55,9.57,8.81,155941526.0
1152,2007-05-17,9.5,9.61,9.75,9.3,180549682.0
1153,2007-05-18,9.5,9.73,9.88,9.44,188363487.0
1154,2007-05-21,9.26,10.08,10.25,9.25,247598714.0
1155,2007-05-22,10.24,10.12,10.46,10.0,262148361.0
1156,2007-05-23,10.14,10.56,10.63,10.13,228103616.0
1157,2007-05-24,10.63,10.16,10.75,9.93,233012510.0
1158,2007-05-25,10.11,10.15,10.32,9.89,172337957.0
1159,2007-05-28,10.26,10.58,10.74,10.26,285347776.0
1160,2007-05-29,10.6,10.6,10.75,10.31,197835385.0
1161,2007-05-30,9.58,9.42,10.28,9.42,159912212.0
1162,2007-05-31,9.01,8.48,9.1,8.48,150672394.0
1163,2007-06-01,8.3,7.63,8.74,7.63,125940136.0
1164,2007-06-04,7.4,6.87,7.41,6.87,59281203.0
1165,2007-06-05,6.19,6.87,6.9,6.18,147018413.0
1166,2007-06-06,6.77,6.76,7.07,6.57,114521538.0
1167,2007-06-07,6.76,7.11,7.13,6.71,119764684.0
1168,2007-06-08,7.11,7.15,7.36,7.05,112951398.0
1169,2007-06-11,7.2,7.08,7.28,7.0,102478585.0
1170,2007-06-12,7.09,7.03,7.18,6.37,123188234.0
1171,2007-06-13,7.09,7.62,7.72,7.01,178022950.0
1172,2007-06-14,7.63,7.35,7.63,7.3,123194089.0
1173,2007-06-15,7.24,7.17,7.35,7.05,83412651.0
1174,2007-06-18,7.3,7.42,7.67,7.2,133558545.0
1175,2007-06-19,7.64,8.16,8.16,7.58,242715152.0
1176,2007-06-20,8.62,8.64,8.98,8.5,517134276.0
1177,2007-06-21,8.7,8.41,8.99,8.17,200561581.0
1178,2007-06-22,8.38,7.61,8.38,7.57,134101567.0
1179,2007-06-25,7.48,6.85,7.64,6.85,81054440.0
1180,2007-06-26,6.5,6.83,6.85,6.17,75841548.0
1181,2007-06-27,6.83,7.07,7.18,6.6,73919941.0
1182,2007-06-28,6.99,6.36,7.0,6.36,58077534.0
1183,2007-06-29,6.1,5.88,6.2,5.76,56000233.0
1184,2007-07-02,5.85,6.17,6.18,5.81,36394536.0
1185,2007-07-03,6.24,6.26,6.38,6.05,37662862.0
1186,2007-07-04,6.3,6.02,6.33,6.0,24524426.0
1187,2007-07-05,5.85,5.58,6.0,5.52,32154213.0
1188,2007-07-06,5.61,6.1,6.14,5.58,41588726.0
1189,2007-07-09,6.18,6.2,6.3,6.0,48140958.0
1190,2007-07-10,6.2,5.89,6.2,5.8,35507294.0
1191,2007-07-11,5.82,6.08,6.14,5.81,21758505.0
1192,2007-07-12,6.1,6.1,6.15,6.02,18631557.0
1193,2007-07-13,6.1,6.0,6.12,5.92,15915611.0
1194,2007-07-16,6.01,5.71,6.07,5.7,16998518.0
1195,2007-07-17,5.71,5.9,5.96,5.68,17097098.0
1196,2007-07-18,5.88,6.0,6.05,5.73,23595639.0
1197,2007-07-19,6.0,5.93,6.0,5.86,12677402.0
1198,2007-07-20,5.92,6.13,6.18,5.9,38770532.0
1199,2007-07-23,6.11,6.43,6.46,6.1,54312719.0
1200,2007-07-24,6.48,6.45,6.65,6.3,63091287.0
1201,2007-07-25,6.45,6.66,6.72,6.4,58114464.0
1202,2007-07-26,6.69,6.88,6.99,6.61,72537523.0
1203,2007-07-27,6.95,7.03,7.16,6.85,95148285.0
1204,2007-07-30,7.08,7.27,7.57,7.05,90240014.0
1205,2007-07-31,7.2,7.19,7.34,7.01,75759136.0
1206,2007-08-01,7.19,6.5,7.25,6.48,83091567.0
1207,2007-08-02,6.54,6.73,6.8,6.4,47676681.0
1208,2007-08-03,6.74,6.7,6.84,6.56,46522064.0
1209,2007-08-06,6.71,6.98,7.03,6.59,68139918.0
1210,2007-08-07,6.99,6.75,6.99,6.7,66509978.0
1211,2007-08-08,6.7,6.64,6.7,6.49,45767375.0
1212,2007-08-09,6.64,6.64,6.74,6.6,35347537.0
1213,2007-08-10,6.63,6.45,6.68,6.3,47465374.0
1214,2007-08-13,6.52,6.61,6.62,6.41,44612706.0
1215,2007-08-14,6.64,6.82,6.88,6.61,55069659.0
1216,2007-08-15,6.94,6.67,6.95,6.52,40554218.0
1217,2007-08-16,6.69,6.87,6.9,6.64,56954519.0
1218,2007-08-17,6.9,6.76,6.9,6.73,51267186.0
1219,2007-08-20,6.93,7.02,7.05,6.86,83410627.0
1220,2007-08-21,7.03,7.1,7.15,6.95,78289243.0
1221,2007-08-22,7.0,7.48,7.5,6.95,158316114.0
1222,2007-08-23,7.7,7.55,7.8,7.5,190112865.0
1223,2007-08-24,7.64,7.56,7.84,7.43,113945075.0
1224,2007-08-27,7.61,7.34,7.69,7.27,85814991.0
1225,2007-08-28,7.29,7.31,7.37,7.11,56445284.0
1226,2007-08-29,7.22,7.51,7.7,7.14,81810543.0
1227,2007-08-30,7.55,7.9,7.98,7.46,148874998.0
1228,2007-08-31,8.0,7.85,8.06,7.75,94963375.0
1229,2007-09-03,7.91,7.94,8.15,7.82,111547922.0
1230,2007-09-05,7.9,7.79,7.99,7.61,78449299.0
1231,2007-09-06,7.83,8.15,8.19,7.79,131028946.0
1232,2007-09-07,8.1,8.16,8.4,7.85,157251521.0
1233,2007-09-10,8.13,8.56,8.58,7.85,136546028.0
1234,2007-09-11,8.48,7.74,8.67,7.7,122794496.0
1235,2007-09-12,7.69,7.77,7.98,7.31,75382760.0
1236,2007-09-13,7.85,8.01,8.09,7.62,70989772.0
1237,2007-09-14,8.0,7.88,8.08,7.7,59779022.0
1238,2007-09-17,7.84,8.16,8.27,7.8,93609324.0
1239,2007-09-18,8.16,8.08,8.17,7.95,61565370.0
1240,2007-09-19,8.1,7.86,8.15,7.77,53223953.0
1241,2007-09-20,7.87,7.89,7.97,7.81,49098955.0
1242,2007-09-21,7.89,7.91,8.12,7.72,59656530.0
1243,2007-09-24,8.0,7.96,8.05,7.73,41810711.0
1244,2007-09-25,8.01,8.11,8.13,7.77,58873627.0
1245,2007-09-26,8.16,7.92,8.24,7.9,68631749.0
1246,2007-09-27,7.9,7.85,7.97,7.81,29292044.0
1247,2007-09-28,7.86,7.84,8.06,7.83,57088558.0
1248,2007-10-08,7.98,8.0,8.1,7.89,55470857.0
1249,2007-10-09,8.02,8.32,8.38,7.98,111695980.0
1250,2007-10-10,8.3,8.04,8.38,8.0,72843015.0
1251,2007-10-11,8.04,7.72,8.08,7.68,63112903.0
1252,2007-10-12,7.72,7.36,7.79,6.98,81069363.0
1253,2007-10-15,7.38,7.2,7.45,7.06,37948647.0
1254,2007-10-16,7.21,7.35,7.35,7.12,29420340.0
1255,2007-10-17,7.35,7.21,7.4,7.16,29113218.0
1256,2007-10-18,7.21,7.06,7.24,7.01,23188891.0
1257,2007-10-19,7.06,7.08,7.19,7.02,15670507.0
1258,2007-10-22,7.0,6.89,7.2,6.85,20735284.0
1259,2007-10-23,6.91,6.93,7.05,6.7,23425928.0
1260,2007-10-24,6.93,6.61,6.99,6.55,24166200.0
1261,2007-10-25,6.35,6.09,6.58,6.05,29004426.0
1262,2007-10-26,6.02,6.29,6.39,6.0,21682782.0
1263,2007-10-29,6.29,6.35,6.37,6.15,13617789.0
1264,2007-10-30,6.37,6.46,6.49,6.2,36684347.0
1265,2007-10-31,6.47,6.68,6.74,6.4,29315816.0
1266,2007-11-01,6.62,6.32,6.62,6.28,20887724.0
1267,2007-11-02,6.2,6.13,6.28,6.11,16216384.0
1268,2007-11-05,6.08,6.28,6.45,6.08,15860803.0
1269,2007-11-06,6.28,6.39,6.53,6.28,12989946.0
1270,2007-11-07,6.38,6.47,6.52,6.3,11604255.0
1271,2007-11-08,6.4,6.2,6.45,6.2,14773972.0
1272,2007-11-09,6.11,6.22,6.37,6.06,12583801.0
1273,2007-11-12,6.2,6.31,6.35,6.12,18290361.0
1274,2007-11-13,6.35,6.4,6.41,6.25,15475431.0
1275,2007-11-14,6.42,6.52,6.58,6.39,22171031.0
1276,2007-11-15,6.53,6.44,6.53,6.38,13438791.0
1277,2007-11-16,6.42,6.57,6.58,6.31,18407217.0
1278,2007-11-19,6.59,6.69,6.75,6.55,30168542.0
1279,2007-11-20,6.66,6.69,6.79,6.58,20503728.0
1280,2007-11-21,6.69,6.5,6.74,6.46,18369413.0
1281,2007-11-22,6.4,6.13,6.47,6.1,18009391.0
1282,2007-11-23,6.15,6.33,6.35,6.08,12226043.0
1283,2007-11-26,6.35,6.22,6.45,6.2,13914486.0
1284,2007-11-27,6.2,6.22,6.32,6.15,8784733.0
1285,2007-11-28,6.23,6.29,6.39,6.22,8484245.0
1286,2007-11-29,6.39,6.46,6.47,6.3,14604594.0
1287,2007-11-30,6.46,6.27,6.46,6.25,11585813.0
1288,2007-12-03,6.32,6.45,6.48,6.27,12585719.0
1289,2007-12-04,6.44,6.47,6.5,6.4,13184750.0
1290,2007-12-05,6.46,6.63,6.71,6.42,31317321.0
1291,2007-12-06,6.59,6.55,6.6,6.45,18259566.0
1292,2007-12-07,6.52,6.65,6.7,6.52,24173785.0
1293,2007-12-10,6.6,6.75,6.8,6.55,29832907.0
1294,2007-12-11,6.77,6.82,6.82,6.69,26958646.0
1295,2007-12-12,6.8,6.85,6.88,6.78,24720251.0
1296,2007-12-13,6.85,6.65,6.97,6.6,34253908.0
1297,2007-12-14,6.55,6.8,6.82,6.53,23577657.0
1298,2007-12-17,6.85,6.91,7.03,6.78,33670884.0
1299,2007-12-18,6.97,6.83,6.97,6.76,17220832.0
1300,2007-12-19,6.84,6.95,6.99,6.82,26157443.0
1301,2007-12-20,6.95,6.99,7.01,6.9,25590566.0
1302,2007-12-21,6.92,7.05,7.05,6.89,29098983.0
1303,2007-12-24,7.08,7.11,7.27,7.06,38492852.0
1304,2007-12-25,7.09,7.47,7.49,7.07,90523082.0
1305,2007-12-26,7.55,7.42,7.66,7.26,80384038.0
1306,2007-12-27,7.45,7.46,7.55,7.38,42786420.0
1307,2007-12-28,7.42,7.51,7.69,7.42,55952545.0
1308,2008-01-02,7.6,7.9,7.95,7.51,66379707.0
1309,2008-01-03,7.87,7.93,7.97,7.77,49485360.0
1310,2008-01-04,7.93,7.88,7.97,7.76,44638347.0
1311,2008-01-07,7.87,8.12,8.15,7.74,58634954.0
1312,2008-01-08,8.13,7.95,8.13,7.91,58683348.0
1313,2008-01-09,7.99,8.28,8.28,7.99,73597700.0
1314,2008-01-10,8.3,8.21,8.44,8.15,56607939.0
1315,2008-01-11,8.22,8.18,8.28,7.98,44131616.0
1316,2008-01-14,8.17,8.25,8.3,8.0,53825749.0
1317,2008-01-15,8.26,8.27,8.38,8.19,57640409.0
1318,2008-01-16,8.27,8.14,8.27,8.12,54497377.0
1319,2008-01-17,8.05,7.87,8.15,7.5,68695060.0
1320,2008-01-18,7.78,7.93,7.96,7.72,32669008.0
1321,2008-01-21,7.93,7.87,8.06,7.83,62003370.0
1322,2008-01-22,7.85,7.08,7.85,7.08,50716315.0
1323,2008-01-23,7.09,7.36,7.39,7.01,30231469.0
1324,2008-01-24,7.37,7.6,7.67,7.3,39842481.0
1325,2008-01-25,7.55,7.94,8.14,7.51,82568903.0
1326,2008-01-28,7.94,7.58,7.94,7.42,54632536.0
1327,2008-01-29,7.62,8.27,8.29,7.62,120232202.0
1328,2008-01-30,8.26,8.09,8.3,7.87,75684132.0
1329,2008-01-31,8.09,7.69,8.21,7.65,40149098.0
1330,2008-02-01,7.75,7.29,7.88,6.95,38087535.0
1331,2008-02-04,7.59,7.88,7.9,7.41,32063381.0
1332,2008-02-05,7.84,7.86,7.99,7.69,31466498.0
1333,2008-02-13,7.72,7.78,7.98,7.4,20643125.0
1334,2008-02-14,7.82,8.08,8.19,7.82,46312339.0
1335,2008-02-15,7.98,8.22,8.25,7.9,57232322.0
1336,2008-02-18,8.32,8.89,8.96,8.25,238206772.0
1337,2008-02-19,8.75,8.77,8.9,8.62,130704626.0
1338,2008-02-20,8.78,8.72,9.17,8.7,116897127.0
1339,2008-02-21,8.68,8.65,8.95,8.45,86566739.0
1340,2008-02-22,8.69,8.78,8.95,8.46,87917903.0
1341,2008-02-25,8.9,8.38,9.03,8.3,87276058.0
1342,2008-02-26,8.55,8.34,8.75,8.01,77699392.0
1343,2008-02-27,8.32,8.43,8.59,8.21,37414849.0
1344,2008-02-28,8.49,8.51,8.67,8.4,36177303.0
1345,2008-02-29,8.56,8.54,8.68,8.4,41178303.0
1346,2008-03-03,8.52,8.74,8.87,8.31,68352549.0
1347,2008-03-04,8.79,8.86,9.14,8.7,120007335.0
1348,2008-03-05,8.85,8.92,8.98,8.67,62099480.0
1349,2008-03-06,9.0,8.85,9.26,8.82,102426024.0
1350,2008-03-07,8.74,8.44,8.84,8.43,53387044.0
1351,2008-03-10,8.44,8.23,8.44,8.15,39252838.0
1352,2008-03-11,8.18,8.39,8.45,8.1,32178846.0
1353,2008-03-12,8.45,8.2,8.65,8.19,27928467.0
1354,2008-03-13,8.18,8.05,8.35,7.82,39714515.0
1355,2008-03-14,7.95,8.22,8.34,7.93,27124788.0
1356,2008-03-17,8.22,7.41,8.22,7.4,42800457.0
1357,2008-03-18,7.4,6.9,7.68,6.68,37370637.0
1358,2008-03-19,7.11,7.3,7.4,6.95,27466473.0
1359,2008-03-20,7.2,7.44,7.68,6.83,36860984.0
1360,2008-03-21,7.44,7.39,7.6,7.36,24155028.0
1361,2008-03-24,7.48,7.31,7.62,7.3,19410446.0
1362,2008-03-25,7.22,7.4,7.49,7.08,16831869.0
1363,2008-03-26,7.45,7.47,7.73,7.4,23111667.0
1364,2008-03-27,7.41,7.15,7.41,7.1,22307362.0
1365,2008-03-28,7.2,7.4,7.47,6.92,24129675.0
1366,2008-03-31,7.2,7.09,7.45,7.08,12552443.0
1367,2008-04-01,7.14,6.38,7.2,6.38,25180952.0
1368,2008-04-02,6.4,6.0,6.58,5.89,20892791.0
1369,2008-04-03,5.98,6.27,6.3,5.87,16080477.0
1370,2008-04-07,6.18,6.6,6.68,6.1,19293956.0
1371,2008-04-08,6.4,6.42,6.57,6.11,68685240.0
1372,2008-04-09,6.29,5.99,6.47,5.95,35552881.0
1373,2008-04-10,5.9,6.08,6.15,5.81,17509149.0
1374,2008-04-11,6.0,6.11,6.17,6.0,16853827.0
1375,2008-04-14,5.94,5.78,5.98,5.74,21186302.0
1376,2008-04-15,5.74,5.88,5.95,5.65,15009547.0
1377,2008-04-16,5.89,5.84,6.0,5.67,11147937.0
1378,2008-04-17,5.8,5.68,5.94,5.61,10173684.0
1379,2008-04-18,5.61,5.58,5.77,5.54,15346291.0
1380,2008-05-22,6.04,6.04,6.04,6.04,898214.0
1381,2008-05-23,6.64,6.64,6.64,6.64,1751068.0
1382,2008-05-26,7.3,7.3,7.3,7.16,156340952.0
1383,2008-05-27,7.0,6.87,7.17,6.6,134553593.0
1384,2008-05-28,6.81,6.96,7.14,6.71,52123678.0
1385,2008-05-29,6.81,7.14,7.48,6.76,60458416.0
1386,2008-05-30,7.14,6.98,7.25,6.83,35287554.0
1387,2008-06-02,7.05,7.1,7.12,6.86,28197757.0
1388,2008-06-03,7.01,7.16,7.27,6.9,27396782.0
1389,2008-06-04,7.12,7.35,7.36,6.97,52270519.0
1390,2008-06-05,7.35,7.46,7.9,7.13,97007796.0
1391,2008-06-06,7.37,7.22,7.49,7.21,34746311.0
1392,2008-06-10,6.9,6.5,7.04,6.5,43229081.0
1393,2008-06-11,6.4,6.1,6.51,6.05,28468038.0
1394,2008-06-12,6.1,6.48,6.58,6.1,24847007.0
1395,2008-06-13,6.46,6.13,6.48,6.04,20375087.0
1396,2008-06-16,6.07,6.03,6.24,5.96,11216380.0
1397,2008-06-17,6.1,5.92,6.15,5.58,30690836.0
1398,2008-06-18,5.92,6.2,6.38,5.8,27269331.0
1399,2008-06-19,6.25,5.6,6.25,5.58,17701008.0
1400,2008-06-20,5.77,5.8,5.98,5.22,26095270.0
1401,2008-06-23,5.61,5.6,5.8,5.52,6904912.0
1402,2008-06-24,5.6,5.85,5.92,5.55,23422352.0
1403,2008-06-25,5.95,6.02,6.08,5.8,33859383.0
1404,2008-06-26,5.96,5.96,6.1,5.83,20475811.0
1405,2008-06-27,5.69,5.37,5.73,5.36,21166629.0
1406,2008-06-30,5.38,5.11,5.38,4.9,11707613.0
1407,2008-07-01,5.14,4.9,5.14,4.9,9922183.0
1408,2008-07-02,4.95,5.02,5.15,4.8,9198930.0
1409,2008-07-03,4.96,5.09,5.22,4.81,14870631.0
1410,2008-07-04,5.09,4.99,5.17,4.97,9822340.0
1411,2008-07-07,4.87,5.29,5.4,4.75,29120751.0
1412,2008-07-08,5.25,5.23,5.36,5.09,18292983.0
1413,2008-07-09,5.29,5.51,5.54,5.29,30490698.0
1414,2008-07-10,5.42,5.63,5.8,5.31,39366983.0
1415,2008-07-11,5.72,5.73,5.98,5.52,34700122.0
1416,2008-07-14,5.77,5.85,6.07,5.55,29851134.0
1417,2008-07-15,5.81,5.55,5.94,5.41,19289909.0
1418,2008-07-16,5.6,5.28,5.7,5.02,17774792.0
1419,2008-07-17,5.43,5.49,5.69,5.24,24032530.0
1420,2008-07-18,5.54,5.8,5.84,5.29,25457919.0
1421,2008-07-21,5.78,6.0,6.13,5.62,55019833.0
1422,2008-07-22,5.96,5.87,6.05,5.77,33057992.0
1423,2008-07-23,5.93,5.93,6.03,5.68,42681844.0
1424,2008-07-24,5.94,6.1,6.25,5.88,45106660.0
1425,2008-07-25,6.0,6.02,6.14,5.89,22114551.0
1426,2008-07-28,6.1,6.16,6.35,5.98,42962820.0
1427,2008-07-29,6.15,6.01,6.15,5.9,17806393.0
1428,2008-07-30,6.1,6.02,6.12,5.88,12510294.0
1429,2008-07-31,6.03,5.97,6.08,5.89,10562840.0
1430,2008-08-01,6.02,6.07,6.18,5.94,26018530.0
1431,2008-08-04,6.17,6.15,6.4,6.07,39210000.0
1432,2008-08-05,6.06,5.88,6.15,5.6,18837007.0
1433,2008-08-06,5.83,5.79,5.93,5.73,8871691.0
1434,2008-08-07,5.8,5.81,5.95,5.63,15957176.0
1435,2008-08-08,5.83,5.34,6.08,5.28,18258162.0
1436,2008-08-12,4.93,4.94,5.1,4.81,15825713.0
1437,2008-08-13,4.94,4.91,5.05,4.68,9320282.0
1438,2008-08-14,4.92,4.99,5.04,4.86,10009413.0
1439,2008-08-15,5.06,5.07,5.18,4.86,13668095.0
1440,2008-08-18,5.09,4.97,5.24,4.82,8784859.0
1441,2008-08-19,4.9,4.96,5.05,4.8,9782055.0
1442,2008-08-20,4.85,5.33,5.4,4.8,24891352.0
1443,2008-08-21,5.13,5.26,5.44,5.11,20005528.0
1444,2008-08-22,5.28,5.16,5.28,5.02,11778605.0
1445,2008-08-25,5.17,5.05,5.25,5.02,7370141.0
1446,2008-08-26,5.01,4.68,5.01,4.56,10271455.0
1447,2008-08-27,4.69,4.52,4.75,4.42,10188438.0
1448,2008-08-28,4.5,4.51,4.65,4.43,5047843.0
1449,2008-08-29,4.54,4.58,4.64,4.47,5982988.0
1450,2008-09-01,4.52,4.34,4.56,4.28,6860641.0
1451,2008-09-02,4.43,4.36,4.43,4.23,4018664.0
1452,2008-09-03,4.25,4.32,4.38,4.17,5387343.0
1453,2008-09-04,4.36,4.33,4.37,4.28,3630072.0
1454,2008-09-05,4.2,4.18,4.27,4.1,7141849.0
1455,2008-09-08,4.18,3.86,4.18,3.8,8583623.0
1456,2008-09-09,3.84,3.85,3.95,3.75,2282018.0
1457,2008-09-10,3.8,3.87,3.94,3.74,5736565.0
1458,2008-09-11,3.9,3.81,3.9,3.76,3215745.0
1459,2008-09-12,3.82,3.9,4.05,3.81,10261881.0
1460,2008-09-16,3.87,3.8,3.94,3.75,6145404.0
1461,2008-09-17,3.81,3.57,3.82,3.48,6970367.0
1462,2008-09-18,3.53,3.43,3.61,3.22,4870767.0
1463,2008-09-19,3.75,3.77,3.77,3.63,15841753.0
1464,2008-09-22,3.9,3.84,4.13,3.74,20347085.0
1465,2008-09-23,3.73,3.51,3.73,3.46,8638827.0
1466,2008-09-24,3.52,3.53,3.54,3.4,4111453.0
1467,2008-09-25,3.55,3.61,3.74,3.49,17577051.0
1468,2008-09-26,3.67,3.93,3.97,3.6,49347424.0
1469,2008-10-06,3.71,3.68,3.84,3.54,16841082.0
1470,2008-10-07,3.59,3.64,3.69,3.44,6185961.0
1471,2008-10-08,3.68,3.61,3.68,3.52,5322778.0
1472,2008-10-09,3.64,3.7,3.85,3.58,17525988.0
1473,2008-10-10,3.75,3.4,3.83,3.35,18427454.0
1474,2008-10-13,3.25,3.29,3.35,3.07,8866362.0
1475,2008-10-14,3.41,3.09,3.44,3.09,8837509.0
1476,2008-10-15,3.14,3.05,3.14,2.96,5275297.0
1477,2008-10-16,2.9,2.75,2.94,2.75,6906993.0
1478,2008-10-17,2.78,2.79,2.82,2.7,3741918.0
1479,2008-10-20,2.83,3.01,3.06,2.71,13797640.0
1480,2008-10-21,2.97,2.96,3.03,2.9,7153710.0
1481,2008-10-22,2.97,2.99,3.22,2.96,14240420.0
1482,2008-10-23,2.91,3.02,3.05,2.82,4476167.0
1483,2008-10-24,3.02,2.88,3.02,2.85,3074850.0
1484,2008-10-27,2.9,2.59,2.9,2.59,4777733.0
1485,2008-10-28,2.52,2.63,2.68,2.48,3793372.0
1486,2008-10-29,2.7,2.61,2.73,2.53,5967104.0
1487,2008-10-30,2.6,2.75,2.78,2.55,5464560.0
1488,2008-10-31,2.76,2.73,2.76,2.66,3708141.0
1489,2008-11-03,2.75,2.9,2.92,2.66,9451511.0
1490,2008-11-04,2.86,2.89,3.02,2.8,11056299.0
1491,2008-11-05,2.88,2.91,2.97,2.83,5727809.0
1492,2008-11-06,2.8,2.86,2.91,2.78,3080688.0
1493,2008-11-07,2.75,2.87,2.88,2.74,8102109.0
1494,2008-11-10,2.89,3.04,3.06,2.88,9403526.0
1495,2008-11-11,3.02,3.1,3.12,2.96,12688338.0
1496,2008-11-12,3.1,3.2,3.3,3.07,16700618.0
1497,2008-11-13,3.16,3.35,3.43,3.1,17916141.0
1498,2008-11-14,3.35,3.69,3.69,3.3,36590471.0
1499,2008-11-17,3.69,3.81,3.87,3.61,30101956.0
1500,2008-11-18,3.8,3.64,3.83,3.43,30820197.0
1501,2008-11-19,3.73,3.91,3.99,3.6,39465548.0
1502,2008-11-20,4.0,4.05,4.26,3.91,43119558.0
1503,2008-11-21,4.0,3.83,4.0,3.68,19310126.0
1504,2008-11-24,3.89,3.69,3.89,3.58,9794438.0
1505,2008-11-25,3.75,3.79,3.84,3.67,9818995.0
1506,2008-11-26,3.87,3.76,3.87,3.7,6583656.0
1507,2008-11-27,3.98,3.83,4.1,3.8,16351423.0
1508,2008-11-28,3.83,3.83,3.85,3.69,10906823.0
1509,2008-12-01,3.83,4.0,4.04,3.8,15960402.0
1510,2008-12-02,3.96,4.25,4.3,3.9,34681950.0
1511,2008-12-08,4.68,4.41,4.68,4.3,87639747.0
1512,2008-12-09,4.41,4.33,4.46,4.22,34198353.0
1513,2008-12-10,4.32,4.76,4.76,4.28,54227749.0
1514,2008-12-11,4.69,4.7,4.89,4.61,39869139.0
1515,2008-12-12,4.79,4.61,4.9,4.52,34786493.0
1516,2008-12-15,4.7,4.47,4.72,4.38,20597550.0
1517,2008-12-16,4.46,4.66,4.67,4.41,17315489.0
1518,2008-12-17,4.66,4.61,4.76,4.55,15711906.0
1519,2008-12-18,4.6,4.6,4.68,4.5,12058072.0
1520,2008-12-19,4.56,4.63,4.73,4.56,18324302.0
1521,2008-12-22,4.68,4.64,4.83,4.61,12945492.0
1522,2008-12-23,4.68,4.18,4.68,4.18,26819657.0
1523,2008-12-24,4.06,3.95,4.11,3.77,19008866.0
1524,2008-12-25,4.0,4.0,4.09,3.8,10968374.0
1525,2008-12-26,3.94,3.9,4.01,3.87,5063937.0
1526,2008-12-29,3.8,3.8,3.88,3.73,6987010.0
1527,2008-12-30,3.8,3.92,4.04,3.78,14457445.0
1528,2008-12-31,3.93,3.98,4.09,3.81,18927880.0
1529,2009-01-05,3.9,4.11,4.14,3.9,17292205.0
1530,2009-01-06,4.08,4.22,4.25,4.01,21710777.0
1531,2009-01-07,4.2,4.26,4.29,4.13,15207847.0
1532,2009-01-08,4.23,4.16,4.23,4.09,11912128.0
1533,2009-01-09,4.13,4.31,4.43,4.13,22091938.0
1534,2009-01-12,4.35,4.36,4.44,4.26,22723849.0
1535,2009-01-13,4.39,4.26,4.39,4.16,8941993.0
1536,2009-01-14,4.3,4.48,4.56,4.22,25745548.0
1537,2009-01-15,4.52,4.54,4.64,4.44,30832167.0
1538,2009-01-16,4.65,4.56,4.72,4.5,34720922.0
1539,2009-01-19,4.65,4.46,4.65,4.33,34026757.0
1540,2009-01-20,4.46,4.64,4.79,4.46,43601974.0
1541,2009-01-21,4.66,4.68,4.85,4.58,36022827.0
1542,2009-01-22,4.86,4.9,5.05,4.72,58494726.0
1543,2009-01-23,4.94,5.18,5.22,4.9,61802898.0
1544,2009-02-02,5.28,5.21,5.28,5.04,28529782.0
1545,2009-02-03,5.18,5.37,5.6,5.09,60986983.0
1546,2009-02-04,5.45,5.47,5.58,5.28,64126243.0
1547,2009-02-05,5.53,5.35,5.53,5.24,52282349.0
1548,2009-02-06,5.4,5.47,5.55,5.36,60777740.0
1549,2009-02-09,5.51,5.55,5.85,5.43,63748360.0
1550,2009-02-10,5.57,5.5,5.58,5.37,59918551.0
1551,2009-02-11,5.47,5.77,6.05,5.42,114255874.0
1552,2009-02-12,5.78,5.99,6.18,5.7,99893328.0
1553,2009-02-13,6.03,5.91,6.2,5.87,80517742.0
1554,2009-02-16,5.92,5.91,5.99,5.75,56631999.0
1555,2009-02-17,5.88,5.78,5.88,5.6,57663725.0
1556,2009-02-18,5.75,5.88,5.97,5.65,80066836.0
1557,2009-02-19,5.92,5.95,6.07,5.81,58117508.0
1558,2009-02-20,5.92,5.91,5.96,5.73,40525140.0
1559,2009-02-23,5.86,6.06,6.19,5.8,83820533.0
1560,2009-02-24,5.94,6.46,6.62,5.94,152722508.0
1561,2009-02-25,6.37,6.49,6.65,6.2,64933727.0
1562,2009-02-26,6.5,5.88,6.67,5.84,67951807.0
1563,2009-02-27,5.84,5.32,5.95,5.29,74301081.0
1564,2009-03-02,5.18,5.45,5.52,5.08,30897181.0
1565,2009-03-03,5.21,5.45,5.55,5.2,29555957.0
1566,2009-03-04,5.47,5.78,5.85,5.47,55784542.0
1567,2009-03-05,5.88,5.85,5.98,5.65,52716600.0
1568,2009-03-06,5.71,5.75,5.87,5.66,32413269.0
1569,2009-03-09,5.78,5.7,5.97,5.6,46747626.0
1570,2009-03-10,5.75,5.88,5.9,5.71,28230632.0
1571,2009-03-11,6.01,5.99,6.35,5.93,64593437.0
1572,2009-03-12,6.03,5.92,6.08,5.75,28249362.0
1573,2009-03-13,5.96,5.94,6.1,5.84,44040896.0
1574,2009-03-16,5.82,5.91,5.98,5.78,17432150.0
1575,2009-03-17,6.02,6.16,6.18,5.88,61472334.0
1576,2009-03-18,6.22,6.13,6.27,6.09,53131696.0
1577,2009-03-19,6.2,6.2,6.23,6.09,55440953.0
1578,2009-03-20,6.19,6.28,6.36,6.08,65888184.0
1579,2009-03-23,6.37,6.46,6.51,6.33,82766954.0
1580,2009-03-24,6.58,6.45,6.58,6.36,67359731.0
1581,2009-03-25,6.49,6.23,6.49,6.2,39692856.0
1582,2009-03-26,6.33,6.31,6.33,6.11,26471594.0
1583,2009-03-27,6.3,6.37,6.5,6.29,46067773.0
1584,2009-03-30,6.36,6.34,6.5,6.28,33738321.0
1585,2009-03-31,6.25,6.37,6.4,6.13,37502858.0
1586,2009-04-01,6.43,6.59,6.62,6.32,99909954.0
1587,2009-04-02,6.68,6.6,6.75,6.46,73866680.0
1588,2009-04-03,6.62,6.4,6.68,6.28,47965574.0
1589,2009-04-07,6.36,6.42,6.5,6.28,40787035.0
1590,2009-04-08,6.38,6.24,6.38,6.22,27796366.0
1591,2009-04-09,6.25,6.63,6.77,6.24,85725692.0
1592,2009-04-10,6.72,6.99,7.1,6.67,158260083.0
1593,2009-04-13,7.06,7.06,7.27,6.96,131156911.0
1594,2009-04-14,7.23,7.77,7.77,7.23,185172899.0
1595,2009-04-15,7.89,8.34,8.55,7.79,187666546.0
1596,2009-04-16,8.29,8.2,8.53,7.89,122613914.0
1597,2009-04-17,8.38,8.29,8.5,7.97,96997326.0
1598,2009-04-21,8.6,9.12,9.12,8.6,374575908.0
1599,2009-04-22,9.19,8.89,9.19,8.32,232396056.0
1600,2009-04-23,8.6,8.4,8.88,8.1,143729930.0
1601,2009-04-24,8.52,8.73,8.87,8.32,118576501.0
1602,2009-04-27,8.68,8.73,8.92,8.32,121902990.0
1603,2009-04-28,8.78,8.44,8.8,8.37,82772532.0
1604,2009-04-29,8.18,8.35,8.48,8.05,108227546.0
1605,2009-04-30,8.37,8.32,8.65,8.2,117633555.0
1606,2009-05-04,8.48,9.15,9.15,8.35,212527371.0
1607,2009-05-05,9.1,8.9,9.29,8.75,139465657.0
1608,2009-05-06,9.0,8.6,9.15,8.4,420393796.0
1609,2009-05-07,8.54,8.36,8.78,8.16,193331736.0
1610,2009-05-08,8.29,8.44,8.52,8.2,134299888.0
1611,2009-05-11,8.46,7.88,8.49,7.86,122942634.0
1612,2009-05-12,7.82,8.12,8.14,7.79,69916955.0
1613,2009-05-13,8.17,8.33,8.44,8.06,112867694.0
1614,2009-05-14,8.5,8.35,8.5,8.24,98493166.0
1615,2009-05-15,8.42,8.5,8.56,8.37,109219853.0
1616,2009-05-18,8.58,8.78,8.87,8.58,159821875.0
1617,2009-05-19,8.88,8.63,8.88,8.51,110066882.0
1618,2009-05-20,8.65,8.56,8.72,8.53,99512909.0
1619,2009-05-21,8.56,8.24,8.57,8.15,85714368.0
1620,2009-05-22,8.24,8.25,8.4,8.09,41790249.0
1621,2009-05-25,8.0,8.1,8.16,7.86,45900220.0
1622,2009-05-26,8.05,8.28,8.35,7.96,94998854.0
1623,2009-05-27,8.18,8.45,8.51,8.16,117136981.0
1624,2009-06-01,8.59,8.46,8.65,8.39,130576708.0
1625,2009-06-02,8.49,8.3,8.49,8.26,73830809.0
1626,2009-06-03,8.26,8.34,8.39,8.26,66541938.0
1627,2009-06-04,8.3,8.16,8.3,8.07,69322476.0
1628,2009-06-05,8.12,8.14,8.24,8.08,54946768.0
1629,2009-06-08,8.12,8.04,8.14,8.0,44003162.0
1630,2009-06-09,8.05,8.2,8.26,7.99,54623695.0
1631,2009-06-10,8.21,8.25,8.27,8.1,43857555.0
1632,2009-06-11,8.25,8.19,8.33,8.15,46940793.0
1633,2009-06-12,8.2,8.39,8.41,8.1,75806164.0
1634,2009-06-15,8.37,8.72,8.9,8.32,196447982.0
1635,2009-06-16,8.6,8.53,8.71,8.47,78819263.0
1636,2009-06-17,8.5,8.78,8.88,8.47,116504247.0
1637,2009-06-18,8.78,8.72,8.88,8.65,88656179.0
1638,2009-06-19,8.72,8.48,8.75,8.4,95287927.0
1639,2009-06-22,8.5,8.4,8.57,8.39,60942447.0
1640,2009-06-23,8.35,8.25,8.36,8.1,59853486.0
1641,2009-06-24,8.28,8.52,8.54,8.21,59655167.0
1642,2009-06-25,8.54,8.47,8.57,8.42,44265554.0
1643,2009-06-26,8.52,8.87,9.23,8.47,191898472.0
1644,2009-06-29,8.88,9.62,9.76,8.79,347536907.0
1645,2009-06-30,9.59,9.21,9.59,9.18,146370260.0
1646,2009-07-01,9.18,9.64,10.0,9.12,148455796.0
1647,2009-07-02,9.68,9.75,9.86,9.39,130080723.0
1648,2009-07-03,9.55,9.78,9.85,9.47,130169326.0
1649,2009-07-06,9.86,9.79,10.64,9.75,203273086.0
1650,2009-07-07,9.66,9.49,9.73,9.38,124092968.0
1651,2009-07-08,9.45,9.7,9.8,9.4,102209793.0
1652,2009-07-09,9.75,9.87,9.9,9.5,90502262.0
1653,2009-07-10,9.9,10.1,10.3,9.76,137781906.0
1654,2009-07-13,9.99,10.18,10.42,9.82,153025341.0
1655,2009-07-14,10.22,10.27,10.32,10.09,91502709.0
1656,2009-07-15,10.31,10.18,10.55,10.1,132690993.0
1657,2009-07-16,10.22,10.06,10.32,10.0,124159240.0
1658,2009-07-17,10.01,9.86,10.14,9.77,129069287.0
1659,2009-07-20,9.85,9.93,10.03,9.71,101306334.0
1660,2009-07-21,9.9,9.62,9.9,9.55,96002927.0
1661,2009-07-22,9.51,9.65,9.74,9.51,85857318.0
1662,2009-07-23,9.65,9.88,9.94,9.65,93736357.0
1663,2009-07-24,9.91,9.54,9.92,9.4,91847456.0
1664,2009-07-27,9.6,9.63,9.65,9.5,76409862.0
1665,2009-07-28,9.61,10.18,10.2,9.56,161256591.0
1666,2009-07-29,10.19,9.57,10.27,9.16,164519013.0
1667,2009-07-30,9.55,9.52,9.82,9.25,84420451.0
1668,2009-07-31,9.63,9.71,9.79,9.42,62634288.0
1669,2009-08-03,9.77,10.01,10.1,9.71,110455549.0
1670,2009-08-04,10.03,9.92,10.1,9.72,85174061.0
1671,2009-08-05,9.91,10.21,10.28,9.91,145839611.0
1672,2009-08-06,10.33,10.72,11.15,10.33,350388375.0
1673,2009-08-07,10.5,10.39,10.81,10.31,164353472.0
1674,2009-08-10,10.52,10.84,11.0,10.32,166762891.0
1675,2009-08-11,10.88,10.39,11.05,10.37,148966168.0
1676,2009-08-12,10.36,9.67,10.48,9.55,112717811.0
1677,2009-08-13,9.71,9.58,9.83,9.4,78674798.0
1678,2009-08-14,9.59,9.2,9.7,9.16,80301100.0
1679,2009-08-17,9.18,8.43,9.18,8.38,81766358.0
1680,2009-08-18,8.29,8.64,8.7,8.2,54597375.0
1681,2009-08-19,8.64,8.22,8.68,8.13,55458021.0
1682,2009-08-20,8.21,8.49,8.57,8.16,60934466.0
1683,2009-08-21,8.46,8.72,8.77,8.4,77573156.0
1684,2009-08-24,8.76,8.83,8.84,8.59,71573152.0
1685,2009-08-25,8.8,8.49,8.8,8.24,62418622.0
1686,2009-08-26,8.45,8.91,8.93,8.32,85499025.0
1687,2009-08-27,8.84,9.46,9.5,8.77,148655341.0
1688,2009-08-28,9.47,9.07,9.55,9.02,117561105.0
1689,2009-08-31,8.9,8.46,8.9,8.4,62551224.0
1690,2009-09-01,8.38,8.71,8.83,8.31,68967327.0
1691,2009-09-02,8.6,8.67,8.81,8.52,33765206.0
1692,2009-09-03,8.61,9.08,9.14,8.61,83784613.0
1693,2009-09-04,9.09,9.14,9.2,9.0,67525949.0
1694,2009-09-07,9.2,9.1,9.3,9.01,69517983.0
1695,2009-09-08,9.03,9.27,9.28,8.9,72918316.0
1696,2009-09-09,9.25,9.28,9.37,9.06,79590486.0
1697,2009-09-10,9.43,9.3,9.59,9.25,98922383.0
1698,2009-09-11,9.24,9.68,9.72,9.2,108911927.0
1699,2009-09-14,9.75,10.06,10.13,9.68,140311975.0
1700,2009-09-15,10.1,9.97,10.38,9.96,156748213.0
1701,2009-09-16,9.9,10.07,10.25,9.75,102858487.0
1702,2009-09-17,10.1,10.03,10.18,9.98,103323967.0
1703,2009-09-18,10.06,9.55,10.13,9.5,91673463.0
1704,2009-09-21,9.5,9.56,9.58,9.0,55772738.0
1705,2009-09-22,9.45,9.16,9.65,9.14,56549417.0
1706,2009-09-23,9.08,9.01,9.28,8.95,44901370.0
1707,2009-09-24,9.01,9.13,9.25,8.84,40818180.0
1708,2009-09-28,9.13,9.24,9.54,9.13,86121497.0
1709,2009-09-29,9.3,9.69,9.79,9.3,123535487.0
1710,2009-09-30,9.69,9.5,9.81,9.48,67544920.0
1711,2009-10-09,9.7,9.81,9.98,9.57,95662926.0
1712,2009-10-12,9.85,9.72,10.0,9.7,80150177.0
1713,2009-10-13,9.68,9.85,9.91,9.58,104984808.0
1714,2009-10-14,9.88,9.99,10.09,9.8,148025888.0
1715,2009-10-15,10.03,10.06,10.27,9.97,111759476.0
1716,2009-10-16,10.08,10.03,10.13,9.81,78137076.0
1717,2009-10-19,9.98,10.36,10.42,9.97,144869688.0
1718,2009-10-20,10.46,10.38,10.49,10.22,97112969.0
1719,2009-10-21,10.38,10.82,10.97,10.31,206416117.0
1720,2009-10-22,10.6,10.41,10.7,10.29,239689539.0
1721,2009-10-23,10.49,10.4,10.65,10.31,136961738.0
1722,2009-10-26,10.36,10.17,10.36,10.03,173052131.0
1723,2009-10-27,10.13,10.08,10.3,9.92,98760153.0
1724,2009-10-28,10.0,10.19,10.27,9.98,75026568.0
1725,2009-10-29,10.1,9.88,10.1,9.84,86094959.0
1726,2009-10-30,9.99,9.97,10.19,9.91,69576945.0
1727,2009-11-02,9.78,10.2,10.23,9.68,80528235.0
1728,2009-11-03,10.21,10.7,10.93,10.21,251454361.0
1729,2009-11-04,10.57,10.6,10.84,10.52,132934027.0
1730,2009-11-05,10.62,10.95,11.1,10.55,183286587.0
1731,2009-11-06,11.07,11.01,11.24,10.94,214440549.0
1732,2009-11-09,11.05,12.07,12.11,10.98,392948122.0
1733,2009-11-10,12.05,12.07,12.48,11.81,324249758.0
1734,2009-11-11,11.98,12.21,12.58,11.88,234299675.0
1735,2009-11-12,12.18,12.05,12.41,12.03,171685374.0
1736,2009-11-13,12.01,12.43,12.63,11.9,188494597.0
1737,2009-11-16,12.6,13.0,13.28,12.51,244029810.0
1738,2009-11-17,13.05,13.05,13.45,12.9,186929037.0
1739,2009-11-18,13.2,12.87,13.25,12.77,163863518.0
1740,2009-11-19,12.88,12.89,13.06,12.56,166226077.0
1741,2009-11-20,12.81,12.91,13.06,12.72,117837862.0
1742,2009-11-23,12.95,13.18,13.47,12.9,140663181.0
1743,2009-11-24,13.2,12.19,13.22,11.91,220201722.0
1744,2009-11-25,12.25,12.59,12.65,12.03,133977928.0
1745,2009-11-26,12.52,12.2,12.96,12.12,156359675.0
1746,2009-11-27,11.98,11.57,12.15,11.5,122581574.0
1747,2009-11-30,11.68,12.02,12.04,11.63,78880021.0
1748,2009-12-01,12.08,12.44,12.49,11.95,96092993.0
1749,2009-12-02,12.56,12.86,13.05,12.41,158984644.0
1750,2009-12-03,12.8,12.83,12.91,12.6,89732921.0
1751,2009-12-04,12.84,12.41,12.92,12.0,123640158.0
1752,2009-12-07,12.3,12.7,12.72,12.15,76581820.0
1753,2009-12-08,12.8,13.18,13.29,12.75,201133791.0
1754,2009-12-09,13.1,13.02,13.41,12.96,157895681.0
1755,2009-12-10,13.05,13.1,13.19,12.85,73639572.0
1756,2009-12-11,13.15,13.53,13.68,13.08,191676309.0
1757,2009-12-14,13.48,13.78,14.03,13.43,156718155.0
1758,2009-12-15,13.61,13.22,13.61,13.17,163519507.0
1759,2009-12-16,13.29,12.94,13.3,12.79,118107661.0
1760,2009-12-17,12.96,12.53,13.07,12.49,87794324.0
1761,2009-12-18,12.25,11.8,12.38,11.76,85425037.0
1762,2009-12-21,11.78,11.98,12.02,11.77,64442236.0
1763,2009-12-22,11.9,11.44,11.99,11.28,66734013.0
1764,2009-12-23,11.44,11.77,11.79,11.4,47298746.0
1765,2009-12-24,11.78,12.15,12.3,11.71,86026487.0
1766,2009-12-25,12.1,12.13,12.26,12.04,54669270.0
1767,2009-12-28,12.15,12.41,12.58,12.13,69234293.0
1768,2009-12-29,12.41,12.44,12.54,12.14,47975600.0
1769,2009-12-30,12.43,12.2,12.46,12.09,71283756.0
1770,2009-12-31,12.15,12.42,12.51,12.14,67615269.0
1771,2010-01-04,12.52,12.29,12.54,12.18,57027412.0
1772,2010-01-05,12.32,11.98,12.32,11.9,111506026.0
1773,2010-01-06,11.98,12.11,12.24,11.91,74359195.0
1774,2010-01-07,12.07,11.82,12.08,11.8,63757125.0
1775,2010-01-08,11.71,11.96,11.97,11.7,37000177.0
1776,2010-01-11,12.04,11.72,12.11,11.61,67730929.0
1777,2010-01-12,11.63,11.93,11.93,11.52,67760562.0
1778,2010-01-13,11.52,11.66,11.79,11.5,60261928.0
1779,2010-01-14,11.66,12.23,12.25,11.66,109808815.0
1780,2010-01-15,12.3,12.69,12.87,12.25,166269448.0
1781,2010-01-18,12.66,13.06,13.24,12.53,147108994.0
1782,2010-01-19,13.05,13.06,13.32,12.85,184356951.0
1783,2010-01-20,12.98,13.39,13.45,12.5,222554580.0
1784,2010-01-21,13.39,13.87,13.98,13.08,256089357.0
1785,2010-01-22,13.6,13.05,13.88,13.03,182156424.0
1786,2010-01-25,12.8,12.4,12.97,12.38,90775504.0
1787,2010-01-26,12.41,12.12,12.6,11.9,66247294.0
1788,2010-01-27,12.15,12.13,12.34,11.9,45229594.0
1789,2010-01-28,12.15,12.23,12.3,12.03,34553710.0
1790,2010-01-29,12.23,12.23,12.46,12.1,47040149.0
1791,2010-02-01,12.25,12.63,12.68,12.18,80117481.0
1792,2010-02-02,12.51,12.74,12.98,12.51,88811034.0
1793,2010-02-03,12.76,13.12,13.17,12.25,87906319.0
1794,2010-02-04,13.12,13.27,13.33,12.8,112754293.0
1795,2010-02-05,12.85,12.92,13.18,12.68,61389794.0
1796,2010-02-08,12.75,12.88,13.06,12.75,45658595.0
1797,2010-02-09,12.82,13.39,13.5,12.82,128290918.0
1798,2010-02-10,13.41,13.49,13.6,13.25,86385334.0
1799,2010-02-11,13.51,13.55,13.87,13.49,125389907.0
1800,2010-02-12,13.55,13.77,13.9,13.55,117423654.0
1801,2010-02-22,13.75,14.27,14.46,13.62,177680670.0
1802,2010-02-23,14.27,14.4,14.44,13.98,127401013.0
1803,2010-02-24,14.2,14.49,14.62,14.11,119050990.0
1804,2010-02-25,14.49,14.58,14.65,14.4,136914179.0
1805,2010-02-26,14.6,14.0,14.63,13.96,182946617.0
1806,2010-03-08,14.7,15.35,15.4,14.2,341131082.0
1807,2010-03-09,15.35,15.03,15.35,14.81,118162716.0
1808,2010-03-10,15.0,14.67,15.18,14.57,93188101.0
1809,2010-03-11,14.6,14.37,14.75,14.15,66074431.0
1810,2010-03-12,14.33,14.22,14.49,14.15,52183836.0
1811,2010-03-15,14.24,14.08,14.25,13.9,41409361.0
1812,2010-03-16,14.07,14.44,14.46,14.07,50950494.0
1813,2010-03-17,14.4,14.81,14.96,14.4,73474151.0
1814,2010-03-18,14.82,14.73,14.91,14.68,50587648.0
1815,2010-03-19,14.72,15.2,15.32,14.68,107106544.0
1816,2010-03-22,15.19,15.32,15.54,15.1,80967710.0
1817,2010-03-23,15.32,15.06,15.32,14.65,144328938.0
1818,2010-03-24,14.91,14.62,15.06,14.6,70687990.0
1819,2010-03-25,14.6,14.58,14.88,14.5,59111227.0
1820,2010-03-26,14.72,14.79,14.8,14.28,64868043.0
1821,2010-03-29,14.8,14.65,14.88,14.51,90067493.0
1822,2010-03-30,14.52,14.55,14.6,14.29,90662208.0
1823,2010-03-31,14.5,14.81,14.89,14.36,81576855.0
1824,2010-04-01,14.81,15.1,15.15,14.74,136336464.0
1825,2010-04-02,15.09,14.6,15.15,14.57,140845375.0
1826,2010-04-06,14.62,14.58,14.7,14.31,94936152.0
1827,2010-04-07,14.56,14.38,14.56,14.18,110755959.0
1828,2010-04-08,14.32,14.22,14.32,14.08,70271142.0
1829,2010-04-09,14.11,14.43,14.46,14.1,129856721.0
1830,2010-04-12,14.45,13.8,14.45,13.68,184928987.0
1831,2010-04-13,13.8,13.71,14.08,13.56,117644141.0
1832,2010-04-14,13.71,13.92,13.95,13.63,69836795.0
1833,2010-04-15,13.95,13.53,13.98,13.4,85332135.0
1834,2010-04-16,13.53,13.67,13.9,12.99,97052542.0
1835,2010-04-19,13.37,12.76,13.48,12.75,106503498.0
1836,2010-04-20,12.7,12.26,12.85,11.97,112801475.0
1837,2010-04-21,12.27,12.33,12.48,12.12,106966323.0
1838,2010-04-22,12.3,11.93,12.32,11.8,103014257.0
1839,2010-04-23,11.98,11.96,12.19,11.75,74397079.0
1840,2010-04-26,11.95,12.3,12.32,11.95,92354989.0
1841,2010-04-27,12.32,12.2,12.4,11.84,76760225.0
1842,2010-04-28,12.08,11.95,12.12,11.74,57429278.0
1843,2010-04-29,11.95,11.42,12.08,11.41,56001948.0
1844,2010-04-30,11.48,10.94,11.5,10.7,54135779.0
1845,2010-05-04,10.51,10.69,10.94,10.5,39931266.0
1846,2010-05-06,11.03,10.19,11.15,10.18,77718451.0
1847,2010-05-07,9.9,9.95,10.16,9.7,41675832.0
1848,2010-05-10,9.9,10.2,10.29,9.9,44090484.0
1849,2010-05-11,10.5,10.21,10.63,10.1,66968154.0
1850,2010-05-12,10.2,10.29,10.4,10.1,41732223.0
1851,2010-05-13,10.32,10.49,10.51,10.19,42938022.0
1852,2010-05-14,10.38,10.4,10.55,10.31,30715247.0
1853,2010-05-17,10.27,9.36,10.27,9.36,47399893.0
1854,2010-05-18,9.28,9.61,9.79,9.03,41941619.0
1855,2010-05-19,9.5,9.38,9.67,9.32,27185596.0
1856,2010-05-20,9.28,9.13,9.44,9.11,24148087.0
1857,2010-05-21,8.81,9.59,9.8,8.68,60051819.0
1858,2010-05-24,9.92,10.32,10.5,9.92,94264240.0
1859,2010-05-25,10.35,10.51,10.88,10.22,108215238.0
1860,2010-05-26,10.42,10.5,10.66,10.22,45837017.0
1861,2010-05-27,10.41,10.72,10.8,10.36,57522384.0
1862,2010-05-28,10.82,10.54,10.86,10.4,56054124.0
1863,2010-05-31,10.44,10.05,10.52,10.03,47648531.0
1864,2010-06-01,9.9,9.37,10.1,9.08,68460973.0
1865,2010-06-02,9.36,9.83,9.94,9.25,43904410.0
1866,2010-06-03,9.9,9.57,9.92,9.56,33277784.0
1867,2010-06-04,9.48,9.79,9.9,9.4,28573459.0
1868,2010-06-07,9.56,10.12,10.19,9.35,56998413.0
1869,2010-06-08,10.0,10.15,10.2,9.84,41791258.0
1870,2010-06-09,10.18,10.49,10.58,10.16,60070493.0
1871,2010-06-10,10.5,10.4,10.74,10.36,53487124.0
1872,2010-06-17,10.64,10.77,11.07,10.5,147744164.0
1873,2010-06-18,10.7,10.26,10.77,10.1,54871892.0
1874,2010-06-21,10.2,10.59,10.71,10.05,49400503.0
1875,2010-06-22,10.52,10.49,10.78,10.44,40006937.0
1876,2010-06-23,10.48,10.56,10.66,10.35,31201440.0
1877,2010-06-24,10.56,10.65,10.67,10.45,38246044.0
1878,2010-06-25,10.58,10.67,10.82,10.46,56234985.0
1879,2010-06-28,10.67,10.5,10.67,10.3,31229122.0
1880,2010-06-29,10.48,9.69,10.5,9.63,50276457.0
1881,2010-06-30,9.6,9.48,9.6,9.29,23971929.0
1882,2010-07-01,9.48,9.29,9.56,9.17,26274019.0
1883,2010-07-02,9.45,9.48,9.57,9.01,33550895.0
1884,2010-07-05,9.17,9.35,9.43,9.17,16365090.0
1885,2010-07-06,9.35,9.71,9.74,9.35,48482088.0
1886,2010-07-07,9.71,9.89,9.92,9.6,58528438.0
1887,2010-07-08,9.92,10.05,10.49,9.81,121804099.0
1888,2010-07-09,10.0,10.16,10.25,9.78,73067229.0
1889,2010-07-12,10.19,10.37,10.59,10.07,147609737.0
1890,2010-07-13,10.11,10.01,10.22,9.92,90752632.0
1891,2010-07-14,10.05,10.13,10.29,10.01,69973510.0
1892,2010-07-15,10.02,9.83,10.15,9.79,46633231.0
1893,2010-07-16,9.78,9.69,9.86,9.4,44315361.0
1894,2010-07-19,9.54,10.0,10.1,9.48,64267949.0
1895,2010-07-20,10.0,10.28,10.3,9.99,74883582.0
1896,2010-07-21,10.28,10.43,10.49,10.08,85046506.0
1897,2010-07-22,10.36,10.54,10.65,10.32,99587563.0
1898,2010-07-23,10.56,10.56,10.75,10.33,91852057.0
1899,2010-07-26,10.55,10.5,10.58,10.28,61985628.0
1900,2010-07-27,10.52,10.6,10.78,10.4,82955797.0
1901,2010-07-28,10.5,10.84,10.85,10.45,93998947.0
1902,2010-07-29,10.73,10.71,10.85,10.52,130579604.0
1903,2010-07-30,10.68,10.58,10.68,10.5,57962025.0
1904,2010-08-02,10.58,10.88,10.93,10.51,110654856.0
1905,2010-08-03,10.91,11.23,11.71,10.78,248212991.0
1906,2010-08-04,11.21,11.59,11.64,11.1,210045395.0
1907,2010-08-05,11.61,11.35,11.61,11.28,115834122.0
1908,2010-08-06,11.42,11.81,11.84,11.28,133874179.0
1909,2010-08-09,11.8,11.75,11.86,11.58,116198868.0
1910,2010-08-10,11.77,11.0,11.78,11.0,134650916.0
1911,2010-08-11,11.0,11.04,11.16,10.83,71193385.0
1912,2010-08-12,10.9,10.87,11.26,10.84,63372201.0
1913,2010-08-16,11.08,11.25,11.3,10.98,77788268.0
1914,2010-08-17,11.24,11.25,11.38,11.12,68953510.0
1915,2010-08-18,11.28,11.08,11.29,10.97,55131221.0
1916,2010-08-19,11.05,11.45,11.5,11.02,103625103.0
1917,2010-08-20,11.46,11.11,11.49,11.03,75504328.0
1918,2010-08-23,11.08,11.15,11.34,11.05,53135357.0
1919,2010-08-24,11.1,11.3,11.4,11.05,63041559.0
1920,2010-08-25,11.18,10.78,11.21,10.77,66439451.0
1921,2010-08-26,10.71,10.72,10.95,10.58,37823968.0
1922,2010-08-27,10.73,10.81,10.84,10.59,28632657.0
1923,2010-08-30,10.88,10.91,10.96,10.75,65814463.0
1924,2010-08-31,10.9,10.74,10.9,10.61,59434502.0
1925,2010-09-01,10.79,10.34,10.82,10.14,88208559.0
1926,2010-09-02,10.49,10.31,10.49,10.23,111274239.0
1927,2010-09-03,10.31,10.54,10.6,10.19,98016042.0
1928,2010-09-06,10.54,10.64,10.69,10.43,77452923.0
1929,2010-09-07,10.66,10.49,10.68,10.35,73667029.0
1930,2010-09-08,10.42,10.35,10.49,10.27,71442075.0
1931,2010-09-09,10.33,10.13,10.48,10.05,79154789.0
1932,2010-09-10,10.15,10.1,10.28,9.88,70459677.0
1933,2010-09-13,10.1,10.28,10.3,10.05,72789730.0
1934,2010-09-14,10.34,10.13,10.34,10.09,55548708.0
1935,2010-09-15,10.12,10.06,10.18,9.91,51765596.0
1936,2010-09-16,10.03,10.11,10.24,9.95,67543039.0
1937,2010-09-17,10.18,9.93,10.25,9.91,46256258.0
1938,2010-09-20,9.92,9.63,10.04,9.62,37798786.0
1939,2010-09-21,9.64,9.6,9.77,9.54,24221120.0
1940,2010-09-27,9.68,9.84,9.9,9.65,25204177.0
1941,2010-09-28,9.78,9.58,9.87,9.57,29960781.0
1942,2010-09-29,9.58,9.63,9.87,9.58,24209436.0
1943,2010-09-30,9.58,9.79,9.85,9.56,28563382.0
1944,2010-10-08,9.85,10.04,10.08,9.83,44178331.0
1945,2010-10-11,10.06,10.14,10.22,10.03,64676674.0
1946,2010-10-12,10.14,10.03,10.14,9.96,57736464.0
1947,2010-10-13,10.03,10.35,10.38,10.03,95706783.0
1948,2010-10-14,10.35,9.98,10.35,9.98,71039081.0
1949,2010-10-15,9.98,9.87,10.09,9.8,59774239.0
1950,2010-10-18,9.83,10.05,10.16,9.6,67581225.0
1951,2010-10-19,10.05,10.25,10.28,9.98,60429812.0
1952,2010-10-20,10.01,10.06,10.15,9.91,68394000.0
1953,2010-10-21,10.04,10.19,10.21,9.96,60855193.0
1954,2010-10-22,10.26,10.58,10.69,10.19,161731989.0
1955,2010-10-26,10.66,10.45,10.86,10.34,127146728.0
1956,2010-10-27,10.48,10.28,10.65,10.2,78670854.0
1957,2010-10-28,10.26,10.21,10.4,10.11,50924048.0
1958,2010-10-29,10.19,10.17,10.29,10.08,50119994.0
1959,2010-11-01,10.3,10.27,10.32,10.14,91783176.0
1960,2010-11-02,10.28,10.15,10.31,10.09,101701392.0
1961,2010-11-03,10.18,10.25,10.45,10.13,93864299.0
1962,2010-11-04,10.28,10.29,10.35,10.13,70243491.0
1963,2010-11-05,10.37,10.48,10.5,10.18,190467052.0
1964,2010-11-08,10.5,10.93,10.96,10.48,233158809.0
1965,2010-11-09,10.93,11.06,11.19,10.7,221220793.0
1966,2010-11-10,11.1,10.81,11.13,10.8,154041826.0
1967,2010-11-11,10.81,10.58,10.96,10.56,133785024.0
1968,2010-11-12,10.58,10.06,10.87,10.05,132524968.0
1969,2010-11-15,10.12,10.31,10.33,10.01,64894331.0
1970,2010-11-16,10.36,9.82,10.36,9.74,78156980.0
1971,2010-11-17,9.78,9.47,9.78,9.35,62576650.0
1972,2010-11-18,9.55,9.75,9.76,9.49,49428237.0
1973,2010-11-19,9.8,10.61,10.7,9.75,145749945.0
1974,2010-11-22,10.53,10.44,11.09,10.3,178688273.0
1975,2010-11-23,10.36,9.92,10.4,9.71,78475153.0
1976,2010-11-24,9.85,10.13,10.27,9.72,52531680.0
1977,2010-11-25,10.13,10.07,10.21,9.95,60008426.0
1978,2010-11-26,10.03,9.94,10.15,9.85,41298506.0
1979,2010-11-29,9.94,9.85,9.99,9.7,40881156.0
1980,2010-11-30,9.9,9.64,9.9,9.4,51951609.0
1981,2010-12-01,9.58,9.7,9.76,9.55,26577773.0
1982,2010-12-02,9.83,9.73,9.84,9.67,26806869.0
1983,2010-12-03,9.75,9.73,9.79,9.65,22160902.0
1984,2010-12-07,9.66,9.72,9.73,9.39,24150700.0
1985,2010-12-08,9.72,9.51,9.72,9.48,29732235.0
1986,2010-12-09,9.5,9.23,9.51,9.2,25240459.0
1987,2010-12-10,9.22,9.31,9.32,9.11,18860250.0
1988,2010-12-13,9.4,9.54,9.58,9.31,37202535.0
1989,2010-12-14,9.56,9.52,9.58,9.43,31596056.0
1990,2010-12-15,9.52,9.63,9.73,9.42,46966965.0
1991,2010-12-16,9.58,9.56,9.68,9.54,23393983.0
1992,2010-12-17,9.56,9.58,9.62,9.51,22216812.0
1993,2010-12-20,9.68,9.45,9.69,9.25,35054575.0
1994,2010-12-21,9.35,9.72,9.75,9.35,56481703.0
1995,2010-12-22,9.73,9.54,9.76,9.49,33171543.0
1996,2010-12-23,9.59,9.38,9.59,9.35,23536165.0
1997,2010-12-24,9.38,9.34,9.42,9.21,22866427.0
1998,2010-12-27,9.42,9.05,9.51,9.04,26457238.0
1999,2010-12-28,9.1,8.91,9.24,8.88,23750969.0
2000,2010-12-29,8.99,9.03,9.07,8.9,10548688.0
2001,2010-12-30,9.08,9.02,9.08,8.92,15556869.0
2002,2010-12-31,9.05,9.11,9.17,8.97,13644838.0
2003,2011-01-04,9.19,9.26,9.43,9.07,18191510.0
2004,2011-01-05,9.25,9.22,9.32,9.18,13771100.0
2005,2011-01-06,9.29,9.18,9.29,9.1,15512271.0
2006,2011-01-07,9.28,9.22,9.35,9.17,16071154.0
2007,2011-01-10,9.25,9.04,9.25,8.98,17183646.0
2008,2011-01-11,9.04,9.08,9.1,8.93,14426382.0
2009,2011-01-12,9.13,9.11,9.16,9.03,14515389.0
2010,2011-01-13,9.12,9.17,9.22,9.05,13629125.0
2011,2011-01-14,9.22,9.14,9.22,8.96,18489003.0
2012,2011-01-17,9.14,9.39,9.49,9.01,52065048.0
2013,2011-01-18,9.4,9.54,9.66,9.22,114642724.0
2014,2011-01-19,9.54,9.62,9.89,9.36,90132157.0
2015,2011-01-20,9.5,9.09,9.67,9.08,58453730.0
2016,2011-01-21,9.03,8.95,9.18,8.72,40576648.0
2017,2011-01-24,8.91,8.62,8.91,8.61,30576756.0
2018,2011-01-25,8.64,8.71,8.79,8.55,13651829.0
2019,2011-01-26,8.74,8.72,8.75,8.62,9991169.0
2020,2011-01-27,8.72,8.76,8.78,8.55,18864457.0
2021,2011-01-28,8.78,8.82,8.84,8.7,15360320.0
2022,2011-01-31,8.8,8.85,8.89,8.72,17559971.0
2023,2011-02-01,8.87,8.87,8.89,8.8,12951907.0
2024,2011-02-09,8.83,8.84,8.87,8.75,12070308.0
2025,2011-02-10,8.88,9.14,9.16,8.82,33896056.0
2026,2011-02-14,9.19,9.19,9.2,9.0,41662301.0
2027,2011-02-15,9.19,9.15,9.29,9.12,27621425.0
2028,2011-02-16,9.19,9.24,9.29,9.12,24574049.0
2029,2011-02-17,9.27,9.29,9.32,9.21,35248045.0
2030,2011-02-18,9.35,9.33,9.41,9.24,44160904.0
2031,2011-02-21,9.29,9.41,9.42,9.25,44385017.0
2032,2011-02-22,9.42,9.98,10.35,9.41,327339925.0
2033,2011-02-23,9.75,9.99,10.01,9.7,118605011.0
2034,2011-02-24,9.9,9.79,9.94,9.77,55270516.0
2035,2011-02-25,9.8,10.05,10.18,9.78,180536258.0
2036,2011-02-28,10.03,10.09,10.2,10.0,137180170.0
2037,2011-03-01,10.09,10.07,10.13,9.83,103338620.0
2038,2011-03-02,10.0,10.05,10.12,9.79,81309722.0
2039,2011-03-03,10.02,9.97,10.05,9.86,45436250.0
2040,2011-03-04,9.93,9.99,10.08,9.83,40933471.0
2041,2011-03-07,10.0,10.19,10.27,9.89,104240611.0
2042,2011-03-08,10.18,10.35,10.46,10.04,124386333.0
2043,2011-03-09,10.31,10.34,10.4,10.16,93251886.0
2044,2011-03-10,10.33,10.22,10.4,10.05,76653507.0
2045,2011-03-11,10.1,10.0,10.21,9.89,90870221.0
2046,2011-03-14,9.91,10.02,10.09,9.81,54838576.0
2047,2011-03-15,9.94,10.19,10.2,9.61,102544529.0
2048,2011-03-16,10.03,10.34,10.46,10.01,109805488.0
2049,2011-03-17,10.22,10.25,10.4,10.1,59442885.0
2050,2011-03-18,10.28,10.23,10.35,10.17,36284180.0
2051,2011-03-21,10.18,9.97,10.3,9.95,57260791.0
2052,2011-03-22,9.96,9.89,10.01,9.85,33298633.0
2053,2011-03-23,9.86,10.29,10.46,9.86,87627321.0
2054,2011-03-24,10.22,10.26,10.41,10.17,48831008.0
2055,2011-03-25,10.27,10.3,10.43,10.19,61240001.0
2056,2011-03-28,10.5,11.3,11.33,10.48,437225419.0
2057,2011-03-29,11.21,10.99,11.28,10.8,210759081.0
2058,2011-03-30,10.86,10.85,11.17,10.76,109637403.0
2059,2011-03-31,10.87,11.12,11.31,10.63,149527100.0
2060,2011-04-01,11.16,11.37,11.55,11.02,155998836.0
2061,2011-04-06,11.27,10.96,11.36,10.8,134561071.0
2062,2011-04-07,10.9,11.13,11.15,10.88,81154246.0
2063,2011-04-08,11.16,11.19,11.33,10.98,114613758.0
2064,2011-04-11,11.21,11.19,11.3,11.04,90740154.0
2065,2011-04-12,11.18,10.9,11.37,10.86,95556364.0
2066,2011-04-13,10.79,11.05,11.1,10.75,64136473.0
2067,2011-04-14,11.04,11.25,11.3,10.73,95526070.0
2068,2011-04-15,11.1,11.18,11.27,10.86,84486329.0
2069,2011-04-18,11.15,11.19,11.28,10.82,110189018.0
2070,2011-04-20,10.98,10.91,11.16,10.89,54087299.0
2071,2011-04-21,10.93,11.09,11.25,10.92,56380825.0
2072,2011-04-22,11.2,11.3,11.77,11.2,170211709.0
2073,2011-04-25,11.21,10.95,11.69,10.86,152354108.0
2074,2011-04-26,10.76,10.21,10.76,10.1,92963949.0
2075,2011-04-27,10.21,10.05,10.35,9.89,57843355.0
2076,2011-04-28,10.07,9.68,10.18,9.62,40838269.0
2077,2011-04-29,9.69,9.84,9.87,9.69,18886911.0
2078,2011-05-03,9.8,10.06,10.07,9.8,41003191.0
2079,2011-05-04,9.93,9.89,9.97,9.55,47207314.0
2080,2011-05-05,9.79,9.87,9.95,9.67,22462379.0
2081,2011-05-06,9.8,9.9,10.0,9.68,21710247.0
2082,2011-05-09,9.99,10.07,10.1,9.86,29568907.0
2083,2011-05-10,10.05,10.15,10.18,9.94,29367371.0
2084,2011-05-11,10.11,10.19,10.27,10.03,31342169.0
2085,2011-05-12,10.15,9.95,10.24,9.93,32136038.0
2086,2011-05-13,9.96,10.01,10.06,9.78,31321066.0
2087,2011-05-16,9.98,9.88,10.05,9.79,29709615.0
2088,2011-05-17,9.85,9.97,10.19,9.85,44899600.0
2089,2011-05-18,9.81,9.93,10.0,9.75,23081344.0
2090,2011-05-19,10.0,9.95,10.1,9.91,23467305.0
2091,2011-05-20,9.91,10.09,10.1,9.78,36602433.0
2092,2011-05-23,10.08,9.84,10.08,9.59,32589586.0
2093,2011-05-24,9.8,9.7,9.85,9.41,34657322.0
2094,2011-05-25,9.71,9.56,9.76,9.56,13853491.0
2095,2011-05-26,9.56,9.36,9.73,9.35,22926556.0
2096,2011-05-27,9.33,8.94,9.46,8.91,25066749.0
2097,2011-05-30,8.84,8.83,8.97,8.68,10651305.0
2098,2011-05-31,8.94,9.02,9.05,8.84,10910499.0
2099,2011-06-01,9.03,9.03,9.05,8.91,13406357.0
2100,2011-06-02,8.97,8.82,8.97,8.7,16651106.0
2101,2011-06-03,8.91,9.09,9.2,8.84,37839459.0
2102,2011-06-07,9.02,9.38,9.45,8.96,42069077.0
2103,2011-06-08,9.29,9.31,9.37,9.17,19114058.0
2104,2011-06-09,9.3,9.05,9.48,9.0,26329421.0
2105,2011-06-10,9.16,9.27,9.42,9.11,19578687.0
2106,2011-06-13,9.1,8.98,9.1,8.8,13413474.0
2107,2011-06-14,8.99,9.33,9.45,8.9,22918831.0
2108,2011-06-15,9.35,9.18,9.4,9.11,15356564.0
2109,2011-06-16,9.1,9.09,9.26,9.01,11205915.0
2110,2011-06-17,9.09,8.98,9.19,8.98,10580135.0
2111,2011-06-20,9.31,9.14,9.38,9.01,24193823.0
2112,2011-06-21,9.09,9.3,9.44,9.09,44530690.0
2113,2011-06-22,9.32,9.48,9.61,9.25,44923668.0
2114,2011-06-23,9.42,9.67,9.77,9.31,42031225.0
2115,2011-06-24,9.6,9.68,9.79,9.58,48802208.0
2116,2011-06-27,9.68,9.74,9.77,9.61,35575680.0
2117,2011-06-28,9.79,9.81,9.91,9.64,37483762.0
2118,2011-06-29,9.79,9.54,9.93,9.53,32698555.0
2119,2011-06-30,9.57,9.78,9.9,9.5,32055491.0
2120,2011-07-01,9.75,9.63,9.91,9.58,41072821.0
2121,2011-07-04,9.65,9.91,9.94,9.65,46138484.0
2122,2011-07-05,9.9,10.3,10.44,9.86,90910795.0
2123,2011-07-06,10.3,10.58,10.71,10.1,122383096.0
2124,2011-07-07,10.6,10.39,10.69,10.36,53734183.0
2125,2011-07-08,10.35,10.41,10.55,10.32,28240190.0
2126,2011-07-11,10.32,10.59,10.66,10.28,41642915.0
2127,2011-07-12,10.4,10.28,10.57,10.23,39661504.0
2128,2011-07-13,10.26,10.48,10.48,10.23,30996809.0
2129,2011-07-15,10.22,10.39,10.45,10.1,51243432.0
2130,2011-07-18,10.4,10.43,10.45,10.1,74202511.0
2131,2011-07-19,10.31,10.27,10.32,10.11,30302659.0
2132,2011-07-20,10.24,10.18,10.29,10.13,18603294.0
2133,2011-07-21,10.2,10.09,10.21,9.85,41982554.0
2134,2011-07-22,10.01,9.9,10.05,9.84,35760910.0
2135,2011-07-25,9.88,9.39,9.95,9.38,31576428.0
2136,2011-07-26,9.39,9.26,9.47,9.15,26455428.0
2137,2011-07-27,9.25,9.49,9.55,9.17,34545210.0
2138,2011-07-28,9.4,9.67,9.73,9.37,58106081.0
2139,2011-07-29,9.56,9.55,9.62,9.41,19049435.0
2140,2011-08-01,9.5,9.38,9.63,9.3,29619750.0
2141,2011-08-02,9.3,9.26,9.36,9.02,21775125.0
2142,2011-08-03,9.25,9.36,9.38,9.1,9337054.0
2143,2011-08-04,9.3,9.55,9.6,9.3,25539517.0
2144,2011-08-05,9.33,9.4,9.5,9.16,19710204.0
2145,2011-08-08,9.32,8.91,9.32,8.67,20135909.0
2146,2011-08-09,8.68,8.96,9.15,8.49,15708221.0
2147,2011-08-10,9.14,9.13,9.32,9.11,17833076.0
2148,2011-08-11,8.99,9.28,9.3,8.95,11649001.0
2149,2011-08-12,9.3,9.18,9.43,9.14,31245924.0
2150,2011-08-15,9.21,9.52,9.55,9.15,59783557.0
2151,2011-08-16,9.52,9.93,9.96,9.41,80699323.0
2152,2011-08-17,9.87,9.84,10.04,9.65,107886009.0
2153,2011-08-18,9.74,9.6,9.88,9.44,105118732.0
2154,2011-08-19,9.35,9.07,9.57,9.0,53879433.0
2155,2011-08-22,9.02,9.08,9.11,8.95,24528234.0
2156,2011-08-23,9.11,9.17,9.18,9.06,17464558.0
2157,2011-08-24,9.19,9.11,9.33,9.06,20965422.0
2158,2011-08-25,9.14,9.3,9.35,9.06,26342320.0
2159,2011-08-26,9.25,9.39,9.42,9.13,46284947.0
2160,2011-08-29,9.26,9.28,9.32,9.22,13897381.0
2161,2011-08-30,9.27,9.14,9.34,9.13,18413052.0
2162,2011-08-31,9.14,9.03,9.17,8.94,16535289.0
2163,2011-09-01,9.08,9.02,9.12,8.98,10812804.0
2164,2011-09-02,9.0,9.08,9.1,8.83,20291843.0
2165,2011-09-05,8.96,8.8,9.05,8.8,13179913.0
2166,2011-09-06,8.78,8.79,8.84,8.7,5003146.0
2167,2011-09-07,8.85,8.95,8.96,8.79,17155334.0
2168,2011-09-08,8.95,8.74,8.99,8.73,10204887.0
2169,2011-09-09,8.76,8.73,8.87,8.7,6031454.0
2170,2011-09-13,8.68,8.64,8.72,8.57,6140453.0
2171,2011-09-14,8.75,8.79,8.81,8.52,6647101.0
2172,2011-09-15,8.8,8.76,8.85,8.76,5190670.0
2173,2011-09-16,8.77,8.76,8.85,8.75,4714978.0
2174,2011-09-19,8.75,8.59,8.75,8.54,6435289.0
2175,2011-09-20,8.6,8.64,8.69,8.52,4113882.0
2176,2011-09-21,8.57,8.83,8.86,8.57,11504085.0
2177,2011-09-22,8.73,8.57,8.78,8.55,11924795.0
2178,2011-09-23,8.49,8.41,8.52,8.3,11925904.0
2179,2011-09-26,8.32,8.31,8.45,8.14,8544505.0
2180,2011-09-27,8.31,8.33,8.37,8.21,6209628.0
2181,2011-09-28,8.33,8.13,8.4,8.03,9937170.0
2182,2011-09-29,8.1,7.85,8.1,7.83,7559105.0
2183,2011-09-30,7.84,7.84,7.99,7.76,4964890.0
2184,2011-10-10,7.87,7.78,7.87,7.76,3248238.0
2185,2011-10-11,7.94,7.78,7.95,7.72,4680674.0
2186,2011-10-12,7.8,8.02,8.03,7.75,7558354.0
2187,2011-10-13,8.01,8.02,8.08,7.95,8120477.0
2188,2011-10-17,8.08,8.04,8.08,7.97,6678505.0
2189,2011-10-18,7.98,7.76,8.0,7.75,6133502.0
2190,2011-10-19,7.76,7.76,7.84,7.75,5038308.0
2191,2011-10-20,7.81,7.4,7.82,7.38,6884562.0
2192,2011-10-21,7.5,7.39,7.52,7.35,4116118.0
2193,2011-10-24,7.41,7.46,7.52,7.24,5803758.0
2194,2011-10-25,7.44,7.75,7.78,7.42,10721233.0
2195,2011-10-26,7.71,7.78,7.85,7.7,8718737.0
2196,2011-10-27,7.79,7.73,7.84,7.72,6907259.0
2197,2011-10-28,7.8,7.87,7.96,7.79,6938768.0
2198,2011-10-31,7.87,8.03,8.12,7.81,17386141.0
2199,2011-11-01,7.93,8.21,8.27,7.93,21930638.0
2200,2011-11-02,8.12,8.37,8.49,8.0,22596147.0
2201,2011-11-03,8.38,8.23,8.43,8.18,13428031.0
2202,2011-11-04,8.25,8.2,8.34,8.12,13573747.0
2203,2011-11-07,8.18,8.35,8.39,8.08,27388939.0
2204,2011-11-08,8.3,8.17,8.35,8.11,7143219.0
2205,2011-11-09,8.17,8.25,8.29,8.13,6287528.0
2206,2011-11-10,8.15,8.04,8.18,8.04,7250222.0
2207,2011-11-11,8.12,8.12,8.2,8.05,7044589.0
2208,2011-11-14,8.16,8.28,8.33,8.16,8185078.0
2209,2011-11-15,8.28,8.3,8.31,8.22,7042801.0
2210,2011-11-16,8.25,8.1,8.3,8.1,18443537.0
2211,2011-11-17,8.1,8.12,8.23,8.07,6289532.0
2212,2011-11-18,8.02,7.8,8.14,7.78,10136400.0
2213,2011-11-21,7.91,7.76,7.91,7.7,2997790.0
2214,2011-11-22,7.74,7.71,7.76,7.61,4960173.0
2215,2011-11-23,7.67,7.84,7.88,7.66,5358180.0
2216,2011-11-24,7.72,7.93,8.2,7.19,17934159.0
2217,2011-11-25,7.9,8.03,8.18,7.86,17157175.0
2218,2011-11-28,8.15,7.88,8.16,7.81,6757680.0
2219,2011-11-29,7.98,7.95,8.0,7.85,5411110.0
2220,2011-11-30,7.95,7.77,8.14,7.52,9078812.0
2221,2011-12-01,7.93,8.17,8.19,7.85,21558993.0
2222,2011-12-02,8.1,8.02,8.1,7.89,7802854.0
2223,2011-12-05,7.96,7.57,7.98,7.52,6790987.0
2224,2011-12-06,7.63,7.39,7.63,7.3,7743359.0
2225,2011-12-07,7.39,7.42,7.59,7.38,4707643.0
2226,2011-12-08,7.46,7.33,7.47,7.24,3456374.0
2227,2011-12-09,7.26,7.34,7.49,7.26,3955179.0
2228,2011-12-12,7.33,7.21,7.48,7.2,3200919.0
2229,2011-12-13,7.2,6.71,7.21,6.66,5469893.0
2230,2011-12-14,6.7,6.34,6.78,6.32,6283679.0
2231,2011-12-15,6.44,6.04,6.44,5.97,8941908.0
2232,2011-12-16,5.98,6.24,6.24,5.98,4628373.0
2233,2011-12-19,6.22,6.07,6.22,6.0,9922780.0
2234,2011-12-20,6.06,6.09,6.19,6.03,11879604.0
2235,2011-12-21,6.17,5.89,6.17,5.89,6387953.0
2236,2011-12-22,5.87,5.68,5.87,5.5,6814004.0
2237,2011-12-23,5.78,5.75,5.82,5.57,5647410.0
2238,2011-12-26,5.75,5.69,5.78,5.66,4075855.0
2239,2011-12-27,5.69,5.5,5.72,5.5,3063256.0
2240,2011-12-28,5.49,5.3,5.49,5.19,14872264.0
2241,2011-12-29,5.24,5.16,5.36,5.11,15640141.0
2242,2011-12-30,5.18,5.23,5.27,5.12,13719088.0
2243,2012-01-04,5.3,5.09,5.32,5.07,12397498.0
2244,2012-01-05,5.07,4.84,5.07,4.84,11125923.0
2245,2012-01-06,4.8,4.78,4.9,4.64,16025258.0
2246,2012-01-09,4.73,5.0,5.01,4.71,13593163.0
2247,2012-01-10,5.01,5.28,5.3,4.95,18073569.0
2248,2012-01-11,5.27,5.32,5.41,5.27,15459064.0
2249,2012-01-12,5.23,5.35,5.44,5.23,12544040.0
2250,2012-01-13,5.35,5.06,5.35,5.01,15566962.0
2251,2012-01-17,4.9,5.32,5.34,4.89,14275723.0
2252,2012-01-18,5.31,5.22,5.34,5.2,9835041.0
2253,2012-01-19,5.25,5.24,5.29,5.18,7229216.0
2254,2012-01-20,5.26,5.4,5.51,5.24,10618123.0
2255,2012-01-30,5.4,5.3,5.43,5.28,10349665.0
2256,2012-01-31,5.32,5.32,5.33,5.18,7325030.0
2257,2012-02-01,5.3,5.32,5.39,5.25,9451020.0
2258,2012-02-02,5.32,5.4,5.43,5.27,11198826.0
2259,2012-02-03,5.48,5.74,5.94,5.42,71110058.0
2260,2012-02-06,5.64,5.77,5.88,5.63,31635353.0
2261,2012-02-07,5.71,6.03,6.07,5.59,48934667.0
2262,2012-02-08,5.95,6.13,6.14,5.9,36858934.0
2263,2012-02-09,6.07,6.1,6.27,6.02,42797626.0
2264,2012-02-10,6.15,6.3,6.44,6.08,60179435.0
2265,2012-02-13,6.2,6.29,6.39,6.0,44288211.0
2266,2012-02-14,6.29,6.23,6.32,6.09,36859733.0
2267,2012-02-15,6.23,6.28,6.29,6.1,24091734.0
2268,2012-02-16,6.27,6.28,6.4,6.15,27664512.0
2269,2012-02-17,6.3,6.29,6.35,6.15,16619120.0
2270,2012-02-20,6.38,6.48,6.69,6.26,54894777.0
2271,2012-02-21,6.42,6.49,6.52,6.32,25702465.0
2272,2012-02-22,6.48,6.76,6.85,6.48,46571492.0
2273,2012-02-23,6.75,6.66,6.9,6.59,30438364.0
2274,2012-02-24,6.66,6.85,6.93,6.61,37426198.0
2275,2012-02-27,6.86,6.85,7.18,6.73,37496044.0
2276,2012-02-28,6.78,6.74,6.89,6.71,20877215.0
2277,2012-02-29,6.7,6.52,6.74,6.5,20809332.0
2278,2012-03-01,6.5,6.57,6.62,6.46,16460004.0
2279,2012-03-02,6.6,6.76,6.78,6.52,26241434.0
2280,2012-03-05,6.77,6.6,6.86,6.52,31257543.0
2281,2012-03-06,6.6,6.45,6.64,6.32,26365292.0
2282,2012-03-07,6.35,6.29,6.52,6.25,45682128.0
2283,2012-03-08,6.3,6.51,6.59,6.3,35246166.0
2284,2012-03-09,6.54,6.58,6.59,6.46,19754189.0
2285,2012-03-12,6.59,6.8,6.84,6.57,37641151.0
2286,2012-03-13,6.81,6.97,7.03,6.74,40259458.0
2287,2012-03-14,6.98,6.78,7.08,6.38,52551261.0
2288,2012-03-15,6.68,6.57,6.72,6.42,20290195.0
2289,2012-03-16,6.57,6.7,6.72,6.55,18672026.0
2290,2012-03-19,6.68,6.71,6.73,6.5,19096041.0
2291,2012-03-20,6.7,6.44,6.71,6.44,16232957.0
2292,2012-03-21,6.45,6.52,6.57,6.39,12632143.0
2293,2012-03-22,6.52,6.34,6.52,6.3,22251095.0
2294,2012-03-23,6.36,6.11,6.36,6.0,37000034.0
2295,2012-03-26,6.04,6.1,6.12,6.0,17529463.0
2296,2012-03-27,6.12,6.2,6.22,6.11,13226551.0
2297,2012-03-28,6.16,5.89,6.19,5.88,12476749.0
2298,2012-03-29,5.86,5.74,5.9,5.59,10135528.0
2299,2012-03-30,5.75,5.7,5.85,5.67,6495821.0
2300,2012-04-05,5.72,5.91,5.92,5.72,7225780.0
2301,2012-04-06,5.9,6.07,6.07,5.9,10616768.0
2302,2012-04-09,6.08,5.95,6.09,5.93,5796669.0
2303,2012-04-10,5.92,6.21,6.23,5.85,13235112.0
2304,2012-04-11,6.1,6.33,6.39,6.1,34655275.0
2305,2012-04-12,6.36,6.56,6.57,6.29,45947813.0
2306,2012-04-13,6.56,6.45,6.63,6.37,32192362.0
2307,2012-04-16,6.39,6.71,6.82,6.33,39427188.0
2308,2012-04-17,6.7,6.36,6.7,6.35,35963037.0
2309,2012-04-18,6.43,6.58,6.65,6.4,34107202.0
2310,2012-04-19,6.58,6.59,6.66,6.48,27156922.0
2311,2012-04-20,6.58,6.82,6.83,6.53,49503876.0
2312,2012-04-23,6.85,6.73,6.91,6.65,35818139.0
2313,2012-04-24,6.71,6.98,7.11,6.4,73472206.0
2314,2012-04-25,6.9,7.14,7.39,6.88,106771586.0
2315,2012-04-26,7.15,7.01,7.24,6.96,45823944.0
2316,2012-04-27,7.09,6.89,7.13,6.86,28205440.0
2317,2012-05-02,7.01,6.74,7.08,6.73,47798799.0
2318,2012-05-03,6.76,6.79,6.83,6.58,32997018.0
2319,2012-05-04,6.77,6.81,6.86,6.66,20746905.0
2320,2012-05-08,6.82,6.89,6.93,6.63,38232636.0
2321,2012-05-09,6.81,6.93,7.0,6.71,31625158.0
2322,2012-05-10,6.89,6.83,6.95,6.77,18997941.0
2323,2012-05-11,6.78,6.67,6.88,6.66,19371358.0
2324,2012-05-14,6.72,6.69,6.8,6.67,14401261.0
2325,2012-05-15,6.61,6.66,6.68,6.54,9854831.0
2326,2012-05-16,6.64,6.56,6.66,6.55,9782633.0
2327,2012-05-17,6.56,6.85,6.87,6.53,28985557.0
2328,2012-05-18,6.79,6.79,6.9,6.76,19847027.0
2329,2012-05-21,6.98,6.85,6.98,6.76,23345325.0
2330,2012-05-22,6.86,6.95,6.95,6.81,21850669.0
2331,2012-05-23,6.91,7.18,7.22,6.9,82724583.0
2332,2012-05-24,7.2,7.46,7.76,7.15,106463787.0
2333,2012-05-25,7.43,7.52,7.63,7.4,72491263.0
2334,2012-05-28,7.49,7.52,7.54,7.11,37424260.0
2335,2012-05-29,7.56,7.5,7.66,7.34,39612633.0
2336,2012-05-30,7.45,7.64,7.76,7.4,35226835.0
2337,2012-05-31,7.62,7.48,7.62,7.42,25495333.0
2338,2012-06-01,7.48,7.47,7.52,7.4,16429290.0
2339,2012-06-04,7.32,7.07,7.35,7.01,23452822.0
2340,2012-06-05,7.09,7.11,7.24,7.06,17286730.0
2341,2012-06-06,7.14,6.97,7.15,6.91,13181333.0
2342,2012-06-07,7.03,6.88,7.09,6.79,13513899.0
2343,2012-06-08,7.01,6.88,7.03,6.87,12207969.0
2344,2012-06-11,6.89,7.01,7.08,6.77,10106388.0
2345,2012-06-12,6.95,7.3,7.31,6.91,23072870.0
2346,2012-06-13,7.3,7.35,7.45,7.26,22366175.0
2347,2012-06-14,7.35,7.27,7.35,7.19,18581293.0
2348,2012-06-15,7.27,7.21,7.33,7.12,10332444.0
2349,2012-06-18,7.27,7.34,7.36,7.22,14033707.0
2350,2012-06-19,7.34,7.06,7.34,7.05,8124050.0
2351,2012-06-20,7.08,6.91,7.11,6.87,13433711.0
2352,2012-06-21,6.85,6.93,6.96,6.83,6027830.0
2353,2012-06-25,6.93,6.88,7.0,6.83,10076776.0
2354,2012-06-26,6.8,7.21,7.25,6.63,26779548.0
2355,2012-06-27,7.21,7.14,7.26,7.09,14023290.0
2356,2012-06-28,7.13,7.05,7.3,7.01,12887909.0
2357,2012-06-29,6.93,7.25,7.27,6.9,13593967.0
2358,2012-07-02,7.26,7.36,7.37,7.21,18073503.0
2359,2012-07-03,7.37,7.33,7.56,7.3,32183931.0
2360,2012-07-04,7.31,7.28,7.37,7.15,11345242.0
2361,2012-07-05,7.24,7.28,7.32,7.04,17226098.0
2362,2012-07-06,7.36,7.4,7.46,7.18,19574687.0
2363,2012-07-09,7.35,7.28,7.45,7.26,18848001.0
2364,2012-07-10,7.25,6.57,7.25,6.55,36492401.0
2365,2012-07-11,6.54,6.64,6.66,6.43,12272466.0
2366,2012-07-12,6.62,7.02,7.06,6.38,27969947.0
2367,2012-07-13,6.8,6.98,7.07,6.79,14203629.0
2368,2012-07-16,6.88,6.72,6.93,6.64,15465783.0
2369,2012-07-17,6.65,6.96,6.99,6.62,13592404.0
2370,2012-07-18,6.96,6.87,6.99,6.72,6116043.0
2371,2012-07-19,6.82,6.89,6.98,6.8,11085895.0
2372,2012-07-20,6.88,6.64,6.88,6.62,8910529.0
2373,2012-07-23,6.51,6.58,6.7,6.4,17484289.0
2374,2012-07-24,6.48,6.55,6.62,6.46,8098121.0
2375,2012-07-25,6.47,6.11,6.53,6.07,25597440.0
2376,2012-07-26,6.11,6.04,6.16,6.0,10770738.0
2377,2012-07-27,6.05,5.86,6.1,5.82,12866275.0
2378,2012-07-30,5.88,5.81,5.92,5.77,5261002.0
2379,2012-07-31,5.89,6.14,6.14,5.79,23120748.0
2380,2012-08-01,6.1,6.21,6.36,6.05,22552971.0
2381,2012-08-02,6.21,6.07,6.23,6.0,12763558.0
2382,2012-08-03,6.07,6.26,6.27,6.04,11145789.0
2383,2012-08-06,6.26,6.3,6.33,6.21,12828103.0
2384,2012-08-07,6.28,6.29,6.39,6.27,7811969.0
2385,2012-08-08,6.27,6.21,6.27,6.15,9060361.0
2386,2012-08-09,6.18,6.31,6.35,6.15,13494724.0
2387,2012-08-10,6.33,6.25,6.33,6.2,8045840.0
2388,2012-08-13,6.23,6.07,6.24,6.06,7907875.0
2389,2012-08-14,6.02,6.12,6.16,5.97,5991356.0
2390,2012-08-15,6.03,6.13,6.21,6.03,6147038.0
2391,2012-08-16,6.17,6.02,6.17,5.99,7554255.0
2392,2012-08-17,6.02,6.07,6.09,6.0,3982303.0
2393,2012-08-20,6.04,6.11,6.12,6.01,4830691.0
2394,2012-08-21,6.06,6.19,6.2,6.06,6967443.0
2395,2012-08-22,6.18,6.18,6.23,6.12,4955989.0
2396,2012-08-23,6.18,6.22,6.22,6.14,7975067.0
2397,2012-08-24,6.2,6.09,6.2,6.03,7275243.0
2398,2012-08-27,6.09,5.85,6.09,5.83,7729580.0
2399,2012-08-28,5.86,5.9,5.92,5.81,5860873.0
2400,2012-08-29,5.93,5.81,5.93,5.8,4232321.0
2401,2012-08-30,5.78,5.77,5.85,5.61,6922074.0
2402,2012-08-31,5.73,5.78,5.83,5.73,2471941.0
2403,2012-09-03,5.78,5.94,5.95,5.78,7313390.0
2404,2012-09-04,5.97,5.85,5.98,5.85,3677807.0
2405,2012-09-05,5.9,5.9,5.92,5.83,2377745.0
2406,2012-09-06,5.87,5.95,5.95,5.87,3399033.0
2407,2012-09-07,5.95,6.1,6.2,5.95,16669822.0
2408,2012-09-10,6.1,6.1,6.16,6.06,10872701.0
2409,2012-09-11,6.1,6.11,6.11,6.01,8614607.0
2410,2012-09-12,6.11,6.11,6.16,6.03,8420508.0
2411,2012-09-13,6.11,6.0,6.11,6.0,10903746.0
2412,2012-09-14,6.04,5.99,6.07,5.9,7372837.0
2413,2012-09-17,5.97,5.78,5.98,5.77,5968494.0
2414,2012-09-18,5.67,5.8,5.82,5.63,11697846.0
2415,2012-09-19,5.8,5.76,5.8,5.72,5919794.0
2416,2012-09-20,5.76,5.56,5.76,5.55,7054340.0
2417,2012-09-21,5.55,5.54,5.61,5.5,3168766.0
2418,2012-09-24,5.5,5.56,5.58,5.43,3272992.0
2419,2012-09-25,5.57,5.53,5.57,5.51,2059046.0
2420,2012-09-26,5.53,5.44,5.54,5.4,2816062.0
2421,2012-09-27,5.44,5.55,5.61,5.4,5229997.0
2422,2012-09-28,5.52,5.64,5.65,5.52,4535314.0
2423,2012-10-08,5.64,5.58,5.66,5.55,3603204.0
2424,2012-10-09,5.58,5.8,5.9,5.58,9143697.0
2425,2012-10-10,5.8,5.85,5.89,5.75,8948958.0
2426,2012-10-11,5.86,5.74,5.86,5.71,4147706.0
2427,2012-10-12,5.78,5.76,5.83,5.73,3979567.0
2428,2012-10-15,5.83,5.77,5.83,5.72,4822319.0
2429,2012-10-16,5.8,5.81,5.87,5.74,5741790.0
2430,2012-10-17,5.83,5.8,5.83,5.72,3934775.0
2431,2012-10-18,5.8,5.9,5.92,5.79,10044263.0
2432,2012-10-19,5.92,5.84,5.92,5.83,7447608.0
2433,2012-10-22,5.83,5.86,5.88,5.77,6254597.0
2434,2012-10-23,5.86,5.82,5.96,5.8,8951841.0
2435,2012-10-24,5.75,5.83,5.85,5.75,5012060.0
2436,2012-10-25,5.85,5.79,5.88,5.78,3827582.0
2437,2012-10-26,5.79,5.65,5.79,5.6,6194583.0
2438,2012-10-29,5.7,5.69,5.81,5.64,4133486.0
2439,2012-10-30,5.69,5.75,5.78,5.69,5146933.0
2440,2012-10-31,5.75,5.82,5.83,5.74,6299470.0
2441,2012-11-01,5.82,6.06,6.1,5.82,40073856.0
2442,2012-11-02,6.03,6.15,6.21,5.97,51276571.0
2443,2012-11-05,6.1,6.04,6.13,6.02,27849102.0
2444,2012-11-06,6.03,5.97,6.05,5.85,19870490.0
2445,2012-11-07,5.95,5.94,6.01,5.89,10463329.0
2446,2012-11-08,5.8,5.81,5.98,5.79,13610757.0
2447,2012-11-09,5.82,5.98,5.99,5.77,19943273.0
2448,2012-11-12,6.0,6.11,6.13,5.98,24109179.0
2449,2012-11-13,6.1,5.85,6.1,5.84,12406317.0
2450,2012-11-14,5.91,5.94,5.98,5.86,7291149.0
2451,2012-11-15,5.91,5.76,5.91,5.7,11447707.0
2452,2012-11-16,5.76,5.78,5.8,5.68,6738182.0
2453,2012-11-19,5.79,5.74,5.8,5.62,5707994.0
2454,2012-11-20,5.8,5.72,5.82,5.7,4734220.0
2455,2012-11-21,5.7,5.85,5.85,5.62,7906948.0
2456,2012-11-22,5.8,5.76,5.85,5.66,6010026.0
2457,2012-11-23,5.77,5.83,5.84,5.68,6752334.0
2458,2012-11-26,5.8,5.7,5.8,5.69,3447359.0
2459,2012-11-27,5.7,5.46,5.7,5.44,6633251.0
2460,2012-11-28,5.45,5.33,5.5,5.31,4516937.0
2461,2012-11-29,5.42,5.31,5.42,5.29,3267779.0
2462,2012-11-30,5.32,5.45,5.5,5.31,5829489.0
2463,2012-12-03,5.47,5.36,5.56,5.35,6163992.0
2464,2012-12-04,5.59,5.53,5.59,5.32,6132654.0
2465,2012-12-05,5.5,5.79,5.82,5.45,19119830.0
2466,2012-12-06,5.82,5.8,5.85,5.7,13878704.0
2467,2012-12-07,5.78,5.91,5.93,5.71,18103157.0
2468,2012-12-10,6.5,6.5,6.5,6.36,136777913.0
2469,2012-12-11,6.78,7.15,7.15,6.6,242464647.0
2470,2012-12-12,7.26,7.13,7.43,6.65,231859086.0
2471,2012-12-13,7.03,7.32,7.84,6.96,306857184.0
2472,2012-12-14,7.31,7.5,7.76,7.19,211584213.0
2473,2012-12-17,7.54,8.25,8.25,7.42,273193216.0
2474,2012-12-18,8.26,8.06,8.3,7.79,181993458.0
2475,2012-12-19,8.02,7.93,8.14,7.71,101011650.0
2476,2012-12-20,7.94,7.85,8.1,7.81,130662629.0
2477,2012-12-21,7.88,7.55,8.05,7.46,206750039.0
2478,2012-12-24,7.46,7.58,7.59,7.3,113526122.0
2479,2012-12-25,7.5,7.9,8.25,7.37,269784656.0
2480,2012-12-26,7.76,7.79,7.84,7.55,143773178.0
2481,2012-12-27,7.74,7.74,7.85,7.51,123764686.0
2482,2012-12-28,7.68,7.55,7.81,7.42,167215882.0
2483,2012-12-31,7.53,7.84,8.15,7.5,209189389.0
2484,2013-01-04,7.82,7.68,7.87,7.55,136182804.0
2485,2013-01-07,7.6,8.07,8.33,7.58,181788813.0
2486,2013-01-08,8.03,7.98,8.09,7.82,117292505.0
2487,2013-01-09,7.92,7.88,8.25,7.8,142736235.0
2488,2013-01-10,7.8,7.84,7.93,7.71,72435134.0
2489,2013-01-11,7.85,7.36,7.88,7.34,112614127.0
2490,2013-01-14,7.33,7.52,7.57,7.29,90326905.0
2491,2013-01-15,7.51,7.59,7.66,7.45,85399473.0
2492,2013-01-16,7.56,7.4,7.58,7.34,70301632.0
2493,2013-01-17,7.4,7.52,7.6,7.37,64849974.0
2494,2013-01-18,7.52,7.74,7.77,7.45,95313614.0
2495,2013-01-21,7.8,7.79,7.83,7.66,69755060.0
2496,2013-01-22,7.78,7.48,7.78,7.4,62896605.0
2497,2013-01-23,7.38,7.42,7.47,7.29,41943669.0
2498,2013-01-24,7.4,7.08,7.51,7.05,51582055.0
2499,2013-01-25,7.1,7.1,7.14,7.05,18976819.0
2500,2013-01-28,7.1,7.37,7.4,7.1,39533491.0
2501,2013-01-29,7.39,7.41,7.62,7.37,45423084.0
2502,2013-01-30,7.41,7.51,7.58,7.25,72293336.0
2503,2013-01-31,7.5,7.29,7.5,7.21,44365350.0
2504,2013-02-01,7.32,7.29,7.36,7.22,30394130.0
2505,2013-02-04,7.29,7.34,7.35,7.16,35419190.0
2506,2013-02-05,7.28,7.4,7.46,7.19,39882526.0
2507,2013-02-06,7.4,7.38,7.46,7.37,29547423.0
2508,2013-02-07,7.39,7.5,7.5,7.38,38418550.0
2509,2013-02-08,7.5,7.47,7.57,7.44,55447246.0
2510,2013-02-18,7.51,7.65,7.74,7.46,70080031.0
2511,2013-02-19,7.64,7.44,7.68,7.3,53376860.0
2512,2013-02-20,7.37,7.5,7.53,7.25,46940467.0
2513,2013-02-21,7.44,7.43,7.5,7.23,41215138.0
2514,2013-02-22,7.39,7.31,7.45,7.29,22957258.0
2515,2013-02-25,7.31,7.29,7.35,7.23,21541096.0
2516,2013-02-26,7.32,7.21,7.32,7.18,21005508.0
2517,2013-02-27,7.22,7.43,7.47,7.22,38184691.0
2518,2013-02-28,7.44,7.49,7.54,7.34,45791316.0
2519,2013-03-01,7.49,7.52,7.55,7.43,34816856.0
2520,2013-03-04,7.32,6.77,7.32,6.77,73012723.0
2521,2013-03-05,6.56,6.63,6.68,6.45,100500928.0
2522,2013-03-06,6.62,6.62,6.63,6.49,70667065.0
2523,2013-03-07,6.6,6.53,6.61,6.49,63494250.0
2524,2013-03-08,6.52,6.53,6.62,6.51,38696726.0
2525,2013-03-11,6.56,6.6,6.61,6.52,28592143.0
2526,2013-03-12,6.6,6.47,6.68,6.39,39811535.0
2527,2013-03-13,6.48,6.29,6.48,6.25,25799952.0
2528,2013-03-14,6.25,6.29,6.33,6.23,13550283.0
2529,2013-03-15,6.28,6.28,6.37,6.15,21079040.0
2530,2013-03-18,6.27,6.18,6.3,6.16,14575098.0
2531,2013-03-19,6.19,6.4,6.42,6.19,23335149.0
2532,2013-03-20,6.36,6.52,6.55,6.34,35344838.0
2533,2013-03-21,6.5,6.46,6.52,6.41,23011428.0
2534,2013-03-22,6.45,6.49,6.52,6.4,20245753.0
2535,2013-03-25,6.49,6.53,6.59,6.42,26202225.0
2536,2013-03-26,6.48,6.28,6.49,6.25,36420823.0
2537,2013-03-27,6.31,6.26,6.35,6.22,23425848.0
2538,2013-03-28,6.3,6.52,6.76,6.15,106608072.0
2539,2013-03-29,6.46,6.65,6.67,6.32,79218725.0
2540,2013-04-01,6.63,6.59,6.78,6.53,57153195.0
2541,2013-04-02,6.53,6.84,6.86,6.53,97233900.0
2542,2013-04-03,6.68,6.2,6.75,6.16,110635793.0
2543,2013-04-08,5.97,5.9,5.98,5.73,62166318.0
2544,2013-04-09,5.86,5.95,5.96,5.83,33592042.0
2545,2013-04-10,5.93,5.85,5.98,5.8,32308952.0
2546,2013-04-11,5.88,5.86,5.93,5.84,17540500.0
2547,2013-04-12,5.88,5.78,5.89,5.75,20637328.0
2548,2013-04-15,5.78,5.73,5.78,5.7,11996835.0
2549,2013-04-16,5.69,5.89,5.89,5.65,23462206.0
2550,2013-04-17,5.89,5.91,5.92,5.79,17160885.0
2551,2013-04-18,5.88,5.86,5.92,5.82,14250298.0
2552,2013-04-19,5.87,5.95,5.97,5.84,23708436.0
2553,2013-04-22,5.95,5.8,5.95,5.75,30588985.0
2554,2013-04-23,5.8,5.43,5.83,5.4,55666376.0
2555,2013-04-24,5.46,5.57,5.59,5.46,25812351.0
2556,2013-04-25,5.56,5.4,5.56,5.39,21882235.0
2557,2013-04-26,5.5,5.41,5.55,5.38,14440401.0
2558,2013-05-02,5.4,5.49,5.5,5.39,14930386.0
2559,2013-05-03,5.49,5.57,5.61,5.49,20256460.0
2560,2013-05-06,5.59,5.62,5.63,5.55,23874117.0
2561,2013-05-07,5.6,5.62,5.63,5.57,15915433.0
2562,2013-05-08,5.63,5.67,5.68,5.58,27888030.0
2563,2013-05-09,5.65,5.72,5.75,5.58,31835179.0
2564,2013-05-10,5.7,5.73,5.73,5.62,26428156.0
2565,2013-05-13,5.74,5.67,5.76,5.58,18267206.0
2566,2013-05-14,5.65,5.52,5.65,5.5,19291581.0
2567,2013-05-15,5.53,5.61,5.63,5.52,13923619.0
2568,2013-05-16,5.62,5.76,5.78,5.55,39621013.0
2569,2013-05-17,5.73,5.93,6.08,5.73,70183156.0
2570,2013-05-20,5.9,5.98,6.04,5.81,63377557.0
2571,2013-05-21,5.99,6.14,6.16,5.91,53774712.0
2572,2013-05-22,6.16,6.07,6.16,6.02,46172139.0
2573,2013-05-23,6.03,5.93,6.09,5.93,32605546.0
2574,2013-05-24,5.88,6.01,6.02,5.88,21221809.0
2575,2013-05-27,6.02,5.97,6.04,5.94,16990364.0
2576,2013-05-28,5.99,6.12,6.15,5.92,35461977.0
2577,2013-05-29,6.14,6.13,6.14,6.05,29532386.0
2578,2013-05-30,6.09,6.06,6.1,5.98,24487763.0
2579,2013-05-31,6.06,6.02,6.1,6.01,24131880.0
2580,2013-06-03,6.04,5.98,6.06,5.97,24137224.0
2581,2013-06-04,6.0,5.91,6.0,5.85,20023669.0
2582,2013-06-05,5.91,5.96,5.97,5.8,35136919.0
2583,2013-06-06,5.88,5.65,5.88,5.64,24038706.0
2584,2013-06-07,5.63,5.49,5.69,5.48,17121040.0
2585,2013-06-13,5.44,5.28,5.44,5.26,13891942.0
2586,2013-06-14,5.31,5.32,5.34,5.27,13538493.0
2587,2013-06-17,5.33,5.32,5.38,5.25,11973212.0
2588,2013-06-18,5.34,5.36,5.38,5.3,7936804.0
2589,2013-06-19,5.35,5.31,5.35,5.22,12599648.0
2590,2013-06-20,5.3,5.19,5.3,5.16,9429247.0
2591,2013-06-21,5.11,5.18,5.21,5.05,9587304.0
2592,2013-06-24,5.16,4.76,5.16,4.74,14860599.0
2593,2013-06-25,4.77,4.68,4.82,4.42,13992044.0
2594,2013-06-26,4.72,4.72,4.77,4.61,9164620.0
2595,2013-06-27,4.77,4.64,4.85,4.63,10111467.0
2596,2013-06-28,4.59,4.73,4.89,4.59,16374293.0
2597,2013-07-01,4.73,4.77,4.8,4.7,6024967.0
2598,2013-07-02,4.75,4.79,4.81,4.73,5975415.0
2599,2013-07-03,4.78,4.7,4.78,4.64,7508378.0
2600,2013-07-04,4.7,4.75,4.8,4.6,9113212.0
2601,2013-07-05,4.76,4.77,4.93,4.76,12861709.0
2602,2013-07-08,4.71,4.59,4.73,4.59,8089144.0
2603,2013-07-09,4.59,4.56,4.62,4.51,7150554.0
2604,2013-07-10,4.59,4.71,4.74,4.54,8459953.0
2605,2013-07-11,4.72,4.86,4.92,4.72,18016626.0
2606,2013-07-12,4.85,4.82,4.95,4.82,14720847.0
2607,2013-07-15,4.89,4.9,4.92,4.8,9433043.0
2608,2013-07-16,4.82,4.95,4.98,4.82,12037351.0
2609,2013-07-17,4.91,4.93,5.0,4.88,15520955.0
2610,2013-07-18,4.9,4.83,4.92,4.78,9204681.0
2611,2013-07-19,4.83,4.64,4.88,4.6,10617628.0
2612,2013-07-22,4.63,4.64,4.67,4.59,8200229.0
2613,2013-07-23,4.66,4.79,4.81,4.63,12415206.0
2614,2013-07-24,4.76,4.73,4.8,4.67,8774109.0
2615,2013-07-25,4.77,4.75,4.8,4.69,9233050.0
2616,2013-07-26,4.73,4.69,4.76,4.66,7163914.0
2617,2013-07-29,4.67,4.52,4.67,4.5,8847554.0
2618,2013-07-30,4.52,4.62,4.66,4.5,7433403.0
2619,2013-07-31,4.9,5.08,5.08,4.85,57931216.0
2620,2013-08-01,5.13,5.3,5.33,5.02,101524522.0
2621,2013-08-02,5.33,5.2,5.41,5.16,62736074.0
2622,2013-08-05,5.12,5.15,5.19,5.03,43020084.0
2623,2013-08-06,5.2,5.15,5.23,5.06,34382904.0
2624,2013-08-07,5.13,5.12,5.25,5.11,29471907.0
2625,2013-08-08,5.12,5.08,5.12,5.01,23310362.0
2626,2013-08-09,5.1,5.11,5.14,5.04,17802922.0
2627,2013-08-12,5.13,5.19,5.2,5.07,29490177.0
2628,2013-08-13,5.19,5.21,5.22,5.15,21157499.0
2629,2013-08-14,5.2,5.11,5.23,5.09,24330102.0
2630,2013-08-15,5.11,5.07,5.17,5.06,13636795.0
2631,2013-08-16,5.08,5.03,5.2,5.03,19675293.0
2632,2013-08-19,5.0,5.09,5.1,4.96,11029188.0
2633,2013-08-20,5.1,5.04,5.14,5.02,12273277.0
2634,2013-08-21,5.06,5.09,5.1,5.01,8534398.0
2635,2013-08-22,5.07,5.26,5.32,5.07,50118928.0
2636,2013-08-23,5.27,5.13,5.29,5.03,35717310.0
2637,2013-08-26,5.17,5.2,5.2,5.09,20831979.0
2638,2013-08-27,5.28,5.37,5.5,5.27,46851293.0
2639,2013-08-28,5.3,5.28,5.35,5.22,26560077.0
2640,2013-08-29,5.27,5.29,5.33,5.25,19019606.0
2641,2013-08-30,5.32,5.25,5.35,5.2,26666901.0
2642,2013-09-02,5.23,5.57,5.76,5.12,65000852.0
2643,2013-09-03,5.57,6.13,6.13,5.57,193925156.0
2644,2013-09-04,6.27,5.98,6.3,5.92,127832612.0
2645,2013-09-05,5.9,5.87,5.94,5.76,62645892.0
2646,2013-09-06,5.81,5.82,5.91,5.75,39594319.0
2647,2013-09-09,5.77,5.9,6.02,5.76,60345805.0
2648,2013-09-10,5.84,5.9,5.99,5.82,43985223.0
2649,2013-09-11,5.9,6.36,6.49,5.88,176177696.0
2650,2013-09-12,6.23,6.29,6.36,6.07,88956445.0
2651,2013-09-13,6.31,6.5,6.92,6.19,152326083.0
2652,2013-09-16,6.4,6.7,6.8,6.39,110267688.0
2653,2013-09-17,6.6,6.19,6.69,6.18,90862109.0
2654,2013-09-18,6.23,6.19,6.28,6.07,32881192.0
2655,2013-09-23,6.23,6.34,6.41,6.23,36197369.0
2656,2013-09-24,6.34,6.24,6.39,6.09,47062976.0
2657,2013-09-25,6.24,6.4,6.57,6.15,82018676.0
2658,2013-09-26,6.36,6.06,6.5,6.05,54762479.0
2659,2013-09-27,6.03,5.8,6.09,5.7,59418601.0
2660,2013-09-30,5.8,5.95,5.98,5.8,29392687.0
2661,2013-10-08,5.91,6.07,6.25,5.91,39939699.0
2662,2013-10-09,6.04,6.22,6.23,5.99,48577599.0
2663,2013-10-10,6.22,6.11,6.29,6.08,41481218.0
2664,2013-10-11,6.12,6.15,6.18,6.1,35787213.0
2665,2013-10-14,6.15,6.33,6.42,6.11,68618373.0
2666,2013-10-15,6.3,6.25,6.33,6.16,44321164.0
2667,2013-10-16,6.25,5.92,6.25,5.88,40236183.0
2668,2013-10-17,5.96,5.88,6.07,5.84,27168571.0
2669,2013-10-18,5.88,5.91,5.92,5.77,15297406.0
2670,2013-10-21,5.92,5.98,5.99,5.83,19461651.0
2671,2013-10-22,5.94,5.95,6.07,5.92,27480064.0
2672,2013-10-23,5.96,5.74,5.98,5.71,22162721.0
2673,2013-10-24,5.72,5.73,5.75,5.65,16291247.0
2674,2013-10-25,5.73,5.59,5.77,5.55,18132663.0
2675,2013-10-28,5.64,5.66,5.71,5.58,11928199.0
2676,2013-10-29,5.66,5.52,5.71,5.31,19265323.0
2677,2013-10-30,5.59,6.07,6.07,5.59,114862798.0
2678,2013-10-31,6.07,6.09,6.28,6.06,116200412.0
2679,2013-11-01,5.97,5.91,6.03,5.78,61314017.0
2680,2013-11-04,5.93,6.03,6.05,5.82,41751346.0
2681,2013-11-05,5.97,6.16,6.25,5.88,76310743.0
2682,2013-11-06,6.16,6.06,6.17,6.02,47736222.0
2683,2013-11-07,6.07,6.1,6.24,6.0,40669384.0
2684,2013-11-08,6.04,6.28,6.29,6.0,60823189.0
2685,2013-11-11,6.25,6.17,6.27,6.11,49157773.0
2686,2013-11-12,6.12,6.05,6.18,5.91,48979803.0
2687,2013-11-13,6.01,6.12,6.39,5.93,77541736.0
2688,2013-11-14,6.13,6.22,6.29,6.01,68347007.0
2689,2013-11-15,6.17,6.43,6.44,6.11,106376386.0
2690,2013-11-18,6.5,6.54,6.65,6.35,113284088.0
2691,2013-11-19,6.54,6.63,6.65,6.42,83210597.0
2692,2013-11-20,6.58,6.56,6.75,6.51,69698271.0
2693,2013-11-21,6.5,6.52,6.6,6.29,67388273.0
2694,2013-11-22,6.49,6.28,6.49,6.27,48081979.0
2695,2013-11-25,6.22,6.31,6.36,6.21,36231268.0
2696,2013-11-26,6.3,6.23,6.35,6.17,31949573.0
2697,2013-11-27,6.22,6.26,6.29,6.14,27332011.0
2698,2013-11-28,6.28,6.31,6.4,6.23,41499644.0
2699,2013-11-29,6.33,6.35,6.39,6.28,40856156.0
2700,2013-12-02,6.27,6.44,6.57,5.92,81476154.0
2701,2013-12-03,6.37,6.77,6.87,6.35,123625727.0
2702,2013-12-04,6.79,6.9,6.97,6.59,125081601.0
2703,2013-12-05,6.87,6.83,6.91,6.74,56493153.0
2704,2013-12-06,6.8,6.69,6.86,6.65,47947189.0
2705,2013-12-09,6.7,6.91,6.97,6.69,62790602.0
2706,2013-12-10,6.97,6.79,6.97,6.77,38232243.0
2707,2013-12-11,6.77,6.82,6.84,6.58,35439585.0
2708,2013-12-12,6.78,6.97,7.04,6.69,74745903.0
2709,2013-12-13,6.9,6.85,7.09,6.84,53122835.0
2710,2013-12-16,6.86,6.53,6.87,6.5,46308915.0
2711,2013-12-17,6.53,6.44,6.58,6.39,37620297.0
2712,2013-12-18,6.5,6.53,6.6,6.45,25116436.0
2713,2013-12-19,6.53,6.33,6.57,6.31,22854321.0
2714,2013-12-20,6.36,6.27,6.41,6.18,18702141.0
2715,2013-12-23,6.27,6.18,6.33,6.13,17591933.0
2716,2013-12-24,6.18,6.24,6.3,6.14,15680004.0
2717,2013-12-25,6.25,6.35,6.36,6.19,14279026.0
2718,2013-12-26,6.32,6.0,6.33,5.99,39491835.0
2719,2013-12-27,5.99,6.03,6.08,5.89,25910558.0
2720,2013-12-30,6.05,6.08,6.11,6.0,19951698.0
2721,2013-12-31,6.0,6.09,6.15,6.0,11707902.0
2722,2014-01-02,6.1,6.05,6.15,6.04,19557883.0
2723,2014-01-03,6.03,5.85,6.04,5.84,26251485.0
2724,2014-01-06,5.86,5.59,5.92,5.56,25497028.0
2725,2014-01-07,5.58,5.62,5.66,5.54,8166438.0
2726,2014-01-08,5.61,5.56,5.7,5.54,10556467.0
2727,2014-01-09,5.52,5.51,5.66,5.48,9712327.0
2728,2014-01-10,5.5,5.5,5.53,5.41,9907269.0
2729,2014-01-13,5.56,5.3,5.56,5.25,26133374.0
2730,2014-01-14,5.3,5.35,5.39,5.28,19560854.0
2731,2014-01-15,5.35,5.28,5.39,5.19,33262851.0
2732,2014-01-16,5.28,5.32,5.36,5.22,17296099.0
2733,2014-01-17,5.29,5.21,5.3,5.19,12026890.0
2734,2014-01-20,5.22,5.22,5.26,5.16,8375763.0
2735,2014-01-21,5.23,5.37,5.37,5.23,16315754.0
2736,2014-01-22,5.37,5.55,5.59,5.33,26438450.0
2737,2014-01-23,5.52,5.52,5.58,5.48,18695116.0
2738,2014-01-24,5.51,5.59,5.65,5.51,20550385.0
2739,2014-01-27,5.51,5.52,5.57,5.46,14638581.0
2740,2014-01-28,5.52,5.55,5.63,5.5,10070914.0
2741,2014-01-29,5.56,5.58,5.6,5.52,8514428.0
2742,2014-01-30,5.57,5.54,5.58,5.5,5758597.0
2743,2014-02-07,5.43,5.55,5.57,5.42,11410158.0
2744,2014-02-10,5.57,5.68,5.74,5.57,24162542.0
2745,2014-02-11,5.66,5.77,5.79,5.66,26964952.0
2746,2014-02-12,5.78,5.87,5.89,5.71,30178476.0
2747,2014-02-13,5.86,5.68,5.86,5.67,26128497.0
2748,2014-02-14,5.69,5.78,5.79,5.67,19172753.0
2749,2014-02-17,5.81,5.82,5.86,5.76,25624987.0
2750,2014-02-18,5.82,5.83,5.92,5.8,35227229.0
2751,2014-02-19,5.84,5.96,5.98,5.8,47385388.0
2752,2014-02-20,5.93,5.85,5.98,5.85,28811123.0
2753,2014-02-21,5.85,5.8,5.86,5.7,22165324.0
2754,2014-02-24,5.75,5.51,5.75,5.48,32631880.0
2755,2014-02-25,5.51,5.36,5.55,5.26,31723739.0
2756,2014-02-26,5.31,5.38,5.4,5.22,13880810.0
2757,2014-02-27,5.37,5.28,5.43,5.26,16679485.0
2758,2014-02-28,5.27,5.33,5.33,5.21,14888107.0
2759,2014-03-03,5.31,5.42,5.43,5.26,15865336.0
2760,2014-03-04,5.4,5.41,5.42,5.35,12603559.0
2761,2014-03-05,5.4,5.42,5.5,5.39,18398920.0
2762,2014-03-06,5.42,5.49,5.54,5.35,22430304.0
2763,2014-03-07,5.47,5.4,5.53,5.38,15245190.0
2764,2014-03-10,5.4,5.18,5.4,5.17,16768214.0
2765,2014-03-11,5.18,5.26,5.27,5.15,9500405.0
2766,2014-03-12,5.26,5.38,5.39,5.23,14902109.0
2767,2014-03-13,5.38,5.39,5.41,5.31,11820757.0
2768,2014-03-14,5.36,5.32,5.41,5.29,9583079.0
2769,2014-03-17,5.34,5.41,5.42,5.28,10018238.0
2770,2014-03-18,5.41,5.43,5.47,5.37,13083252.0
2771,2014-03-19,5.43,5.54,5.54,5.38,24637552.0
2772,2014-03-20,5.52,5.42,5.65,5.42,26511586.0
2773,2014-03-21,5.42,5.59,5.62,5.35,25361746.0
2774,2014-03-24,5.61,5.68,5.73,5.56,38824032.0
2775,2014-03-25,5.64,5.6,5.71,5.54,27036348.0
2776,2014-03-26,5.62,5.54,5.64,5.51,15803530.0
2777,2014-03-27,5.55,5.54,5.64,5.5,17217822.0
2778,2014-03-28,5.52,5.42,5.58,5.4,22297831.0
2779,2014-03-31,5.45,5.45,5.48,5.38,10635748.0
2780,2014-04-01,5.42,5.52,5.53,5.42,15877456.0
2781,2014-04-02,5.51,5.64,5.73,5.5,41145530.0
2782,2014-04-03,5.69,5.58,5.72,5.55,26257727.0
2783,2014-04-04,5.54,5.59,5.62,5.52,12252319.0
2784,2014-04-08,5.61,5.65,5.67,5.58,17454519.0
2785,2014-04-09,5.65,5.66,5.67,5.6,18034138.0
2786,2014-04-10,5.66,5.61,5.68,5.6,20314375.0
2787,2014-04-11,5.6,5.63,5.64,5.55,14539706.0
2788,2014-04-14,5.62,5.64,5.65,5.56,17117804.0
2789,2014-04-15,5.62,5.64,5.72,5.6,27113612.0
2790,2014-04-16,5.61,5.73,5.73,5.58,26564351.0
2791,2014-04-17,5.72,5.7,5.75,5.67,19000660.0
2792,2014-04-18,5.72,5.67,5.72,5.64,14067049.0
2793,2014-04-21,5.66,5.57,5.67,5.54,13200001.0
2794,2014-04-22,5.59,5.41,5.6,5.36,21593637.0
2795,2014-04-23,5.42,5.41,5.44,5.37,11420990.0
2796,2014-04-24,5.41,5.39,5.46,5.37,9028091.0
2797,2014-04-25,5.39,5.27,5.4,5.26,11054780.0
2798,2014-04-28,5.25,5.19,5.29,5.18,10398648.0
2799,2014-04-29,5.18,5.25,5.26,5.18,5097054.0
2800,2014-04-30,5.25,5.31,5.32,5.24,7319583.0
2801,2014-05-05,5.31,5.35,5.35,5.23,8927636.0
2802,2014-05-06,5.29,5.37,5.38,5.29,6820523.0
2803,2014-05-07,5.33,5.26,5.38,5.18,6987542.0
2804,2014-05-08,5.23,5.28,5.34,5.23,5251157.0
2805,2014-05-09,5.27,5.25,5.32,5.24,5757631.0
2806,2014-05-12,5.27,5.41,5.42,5.27,13038647.0
2807,2014-05-13,5.38,5.37,5.41,5.34,7003507.0
2808,2014-05-14,5.38,5.38,5.41,5.32,7313145.0
2809,2014-05-15,5.35,5.27,5.37,5.25,7054960.0
2810,2014-05-16,5.26,5.27,5.28,5.22,3818599.0
2811,2014-05-19,5.25,5.23,5.26,5.21,6420371.0
2812,2014-05-20,5.28,5.25,5.29,5.24,3080604.0
2813,2014-05-21,5.25,5.29,5.31,5.22,5412955.0
2814,2014-05-22,5.29,5.26,5.34,5.26,4107347.0
2815,2014-05-23,5.29,5.31,5.31,5.25,4197215.0
2816,2014-05-26,5.31,5.35,5.35,5.25,8295754.0
2817,2014-05-27,5.34,5.3,5.35,5.27,6376870.0
2818,2014-05-28,5.31,5.37,5.39,5.27,12808308.0
2819,2014-05-29,5.37,5.29,5.37,5.29,6043160.0
2820,2014-05-30,5.29,5.28,5.31,5.25,5826254.0
2821,2014-06-03,5.28,5.26,5.29,5.22,5227556.0
2822,2014-06-04,5.27,5.18,5.27,5.16,7541439.0
2823,2014-06-05,5.18,5.23,5.23,5.17,5338756.0
2824,2014-06-06,5.24,5.22,5.24,5.19,4588094.0
2825,2014-06-09,5.21,5.23,5.25,5.19,3694554.0
2826,2014-06-10,5.23,5.26,5.26,5.19,5469063.0
2827,2014-06-11,5.24,5.25,5.28,5.23,7775352.0
2828,2014-06-12,5.25,5.23,5.27,5.21,5832685.0
2829,2014-06-13,5.21,5.27,5.28,5.21,6782730.0
2830,2014-06-16,5.26,5.26,5.29,5.24,8363906.0
2831,2014-06-17,5.26,5.21,5.26,5.21,5655124.0
2832,2014-06-18,5.2,5.19,5.23,5.17,6442639.0
2833,2014-06-19,5.2,5.04,5.22,5.03,8865703.0
2834,2014-06-20,5.05,5.04,5.06,4.98,8318722.0
2835,2014-06-23,5.05,5.08,5.09,5.05,4434867.0
2836,2014-06-24,5.07,5.09,5.12,5.06,5074479.0
2837,2014-06-25,5.09,5.09,5.09,5.04,4171115.0
2838,2014-06-26,5.09,5.12,5.13,5.07,12596222.0
2839,2014-06-27,5.11,5.14,5.15,5.09,12681446.0
2840,2014-06-30,5.15,5.2,5.23,5.14,13213859.0
2841,2014-07-01,5.33,5.72,5.72,5.33,102089117.0
2842,2014-07-02,5.89,6.29,6.29,5.72,218154377.0
2843,2014-07-03,6.28,6.05,6.28,5.99,151714907.0
2844,2014-07-04,5.91,5.63,5.91,5.61,106341284.0
2845,2014-07-07,5.66,5.72,5.73,5.56,54929023.0
2846,2014-07-08,5.67,5.69,5.72,5.53,49355544.0
2847,2014-07-09,5.68,5.55,5.68,5.53,41327463.0
2848,2014-07-10,5.51,5.56,5.6,5.51,26756901.0
2849,2014-07-11,5.57,5.55,5.62,5.52,32042467.0
2850,2014-07-14,5.55,5.65,5.67,5.54,29291372.0
2851,2014-07-15,5.67,5.63,5.67,5.55,27592897.0
2852,2014-07-16,5.63,5.54,5.63,5.53,22154476.0
2853,2014-07-17,5.53,5.56,5.57,5.51,15454536.0
2854,2014-07-18,5.55,5.66,5.71,5.52,36140718.0
2855,2014-07-21,5.64,5.59,5.66,5.56,16473179.0
2856,2014-07-22,5.6,5.67,5.68,5.57,24918374.0
2857,2014-07-23,5.63,5.58,5.67,5.55,24967836.0
2858,2014-07-24,5.56,5.7,5.73,5.56,50747811.0
2859,2014-07-25,5.74,5.72,5.78,5.67,33247349.0
2860,2014-07-28,5.73,5.79,5.81,5.71,51180574.0
2861,2014-07-29,5.8,5.82,5.84,5.76,42602720.0
2862,2014-07-30,5.82,5.74,5.82,5.71,34122337.0
2863,2014-07-31,5.74,5.78,5.79,5.69,31006740.0
2864,2014-08-01,5.75,5.68,5.81,5.68,29367830.0
2865,2014-08-04,5.68,5.76,5.76,5.67,22723220.0
2866,2014-08-05,5.77,5.82,5.83,5.71,39261169.0
2867,2014-08-06,5.81,5.86,5.88,5.78,28029939.0
2868,2014-08-07,5.86,5.74,5.86,5.72,26203867.0
2869,2014-08-08,5.73,5.78,5.83,5.72,17542331.0
2870,2014-08-11,5.81,5.87,5.88,5.78,22560269.0
2871,2014-08-12,5.88,5.87,5.89,5.82,21195580.0
2872,2014-08-13,5.88,5.87,5.93,5.81,26838280.0
2873,2014-08-14,5.87,5.78,5.88,5.76,24688052.0
2874,2014-08-15,5.8,5.86,5.89,5.78,24713990.0
2875,2014-08-18,5.86,5.95,5.95,5.86,30194969.0
2876,2014-08-19,5.97,6.17,6.36,5.89,95963429.0
2877,2014-08-20,6.13,6.16,6.25,6.08,61105098.0
2878,2014-08-21,6.18,6.08,6.21,6.03,35672193.0
2879,2014-08-22,6.08,6.12,6.16,6.06,25940372.0
2880,2014-08-25,6.1,6.13,6.18,6.07,33832851.0
2881,2014-08-26,6.13,5.91,6.13,5.88,42276412.0
2882,2014-08-27,5.92,6.13,6.13,5.88,40148098.0
2883,2014-08-28,6.2,6.31,6.53,6.19,105599468.0
2884,2014-08-29,6.32,6.8,6.94,6.32,186987219.0
2885,2014-09-01,6.73,6.83,6.9,6.6,83042012.0
2886,2014-09-02,6.78,6.79,6.8,6.69,79250244.0
2887,2014-09-03,6.77,6.85,6.9,6.69,89263171.0
2888,2014-09-04,6.88,7.21,7.4,6.88,152751237.0
2889,2014-09-05,7.25,7.18,7.29,7.02,63497490.0
2890,2014-09-09,7.13,7.33,7.58,7.05,93508724.0
2891,2014-09-10,7.45,7.58,7.68,7.35,137154237.0
2892,2014-09-11,7.5,7.58,7.86,7.41,94439892.0
2893,2014-09-12,7.57,7.77,7.91,7.44,99026873.0
2894,2014-09-15,7.79,7.69,7.9,7.53,68745136.0
2895,2014-09-16,7.6,7.18,7.69,7.15,94261285.0
2896,2014-09-17,7.22,7.25,7.34,6.98,59968857.0
2897,2014-09-18,7.2,7.24,7.41,7.15,53785587.0
2898,2014-09-19,7.25,7.4,7.49,7.18,56639297.0
2899,2014-09-22,7.33,7.33,7.4,7.21,34756600.0
2900,2014-09-23,7.31,7.52,7.61,7.28,51003261.0
2901,2014-09-24,7.52,7.75,7.78,7.47,58522656.0
2902,2014-09-25,7.74,7.48,7.82,7.43,90452954.0
2903,2014-09-26,7.49,7.51,7.57,7.34,48740609.0
2904,2014-09-29,7.5,7.47,7.56,7.39,51079037.0
2905,2014-09-30,7.49,7.3,7.53,7.18,102545924.0
2906,2014-10-08,7.35,7.39,7.4,7.25,44162170.0
2907,2014-10-09,7.4,7.33,7.46,7.27,56979672.0
2908,2014-10-10,7.34,7.48,7.49,7.31,71435466.0
2909,2014-10-13,7.45,7.35,7.48,7.28,47819145.0
2910,2014-10-14,7.32,7.28,7.42,7.22,36026117.0
2911,2014-10-15,7.28,7.26,7.3,7.21,29623357.0
2912,2014-10-16,7.22,7.18,7.27,7.18,39510297.0
2913,2014-10-17,7.18,6.97,7.2,6.79,47042591.0
2914,2014-10-20,6.95,7.04,7.07,6.92,19377583.0
2915,2014-10-21,7.04,7.07,7.17,7.04,25347132.0
2916,2014-10-22,7.1,6.84,7.1,6.8,32195927.0
2917,2014-10-23,6.77,6.61,6.83,6.59,33175408.0
2918,2014-10-24,6.61,6.65,6.69,6.6,16787106.0
2919,2014-10-27,6.65,6.72,6.77,6.58,17389607.0
2920,2014-10-28,6.74,6.87,6.89,6.74,22027182.0
2921,2014-10-29,6.82,6.91,6.94,6.82,50739770.0
2922,2014-10-30,6.87,6.93,6.98,6.86,38540072.0
2923,2014-10-31,6.96,7.09,7.12,6.88,48994563.0
2924,2014-12-10,7.8,7.8,7.8,7.8,43677559.0
2925,2014-12-11,8.58,8.08,8.58,7.99,339298640.0
2926,2014-12-12,8.09,8.04,8.25,7.83,122879775.0
2927,2014-12-15,8.04,8.11,8.19,7.84,133228871.0
2928,2014-12-16,8.09,8.05,8.09,7.92,88816154.0
2929,2014-12-17,8.05,8.53,8.55,8.0,263832034.0
2930,2014-12-18,8.43,8.15,8.43,8.13,114245701.0
2931,2014-12-19,8.14,8.02,8.15,7.88,78566834.0
2932,2014-12-22,8.03,7.62,8.04,7.46,69447497.0
2933,2014-12-23,7.61,7.45,7.66,7.41,36424238.0
2934,2014-12-24,7.51,7.54,7.58,7.35,37195791.0
2935,2014-12-25,7.54,7.66,7.68,7.49,30528787.0
2936,2014-12-26,7.66,7.84,7.89,7.6,57204496.0
2937,2014-12-29,7.97,7.66,7.97,7.59,61847227.0
2938,2014-12-30,7.63,7.48,7.67,7.47,25705646.0
2939,2014-12-31,7.45,7.71,7.75,7.4,36257771.0
2940,2015-01-05,7.71,7.87,7.9,7.7,79908230.0
2941,2015-01-06,7.84,7.82,7.86,7.67,57590537.0
2942,2015-01-07,7.84,7.79,7.84,7.72,38968975.0
2943,2015-01-08,7.79,7.67,7.8,7.63,29193064.0
2944,2015-01-09,7.69,7.7,7.86,7.6,29917450.0
2945,2015-01-12,7.7,7.48,7.7,7.48,26791275.0
2946,2015-01-13,7.46,7.75,7.76,7.43,26603027.0
2947,2015-01-14,7.74,7.63,7.82,7.62,28826353.0
2948,2015-01-15,7.63,7.72,7.75,7.58,22474904.0
2949,2015-01-16,7.7,7.81,7.83,7.68,37133901.0
2950,2015-01-19,7.72,7.45,7.73,7.37,35481297.0
2951,2015-01-20,7.49,7.65,7.73,7.47,36976253.0
2952,2015-01-21,7.65,7.85,7.89,7.64,45574141.0
2953,2015-01-22,7.9,7.97,8.0,7.79,47571832.0
2954,2015-01-23,7.97,7.78,7.98,7.75,42418873.0
2955,2015-01-26,7.77,8.06,8.06,7.77,74907859.0
2956,2015-01-27,8.11,8.22,8.35,8.08,118592763.0
2957,2015-01-28,8.15,8.62,8.77,8.11,176493957.0
2958,2015-01-29,8.65,8.4,8.75,8.33,95315900.0
2959,2015-01-30,8.44,8.13,8.48,8.12,62116853.0
2960,2015-02-02,8.01,8.25,8.37,7.98,52205670.0
2961,2015-02-03,8.25,8.4,8.45,8.25,45634960.0
2962,2015-02-04,8.35,8.38,8.52,8.34,40568870.0
2963,2015-02-05,8.53,8.5,8.73,8.33,72440845.0
2964,2015-02-06,8.48,9.28,9.35,8.48,220035290.0
2965,2015-02-09,9.27,8.92,9.27,8.88,113257240.0
2966,2015-02-10,8.86,8.97,9.12,8.81,52100319.0
2967,2015-02-11,8.92,9.08,9.1,8.79,54891773.0
2968,2015-02-12,9.03,9.02,9.25,9.0,39170294.0
2969,2015-02-13,8.96,9.06,9.15,8.95,57049996.0
2970,2015-02-16,9.05,9.58,9.66,9.02,94595966.0
2971,2015-02-17,9.54,9.57,9.69,9.45,48549874.0
2972,2015-02-25,9.57,10.53,10.53,9.57,119015817.0
2973,2015-02-26,10.85,10.72,11.48,10.51,305176528.0
2974,2015-02-27,10.4,11.14,11.15,10.39,181882285.0
2975,2015-03-02,11.1,11.19,11.46,10.82,172410992.0
2976,2015-03-03,11.1,10.98,11.4,10.96,121592301.0
2977,2015-03-04,11.0,10.79,11.05,10.6,114426345.0
2978,2015-03-05,10.8,10.75,10.85,10.58,88119602.0
2979,2015-03-06,10.74,10.72,11.13,10.65,81457108.0
2980,2015-03-09,10.63,10.71,10.85,10.22,74714878.0
2981,2015-03-10,10.72,10.94,11.11,10.63,73992604.0
2982,2015-03-11,10.89,11.05,11.24,10.87,89833797.0
2983,2015-03-12,10.8,10.7,11.11,10.62,88517847.0
2984,2015-03-13,10.7,10.67,10.87,10.45,59205395.0
2985,2015-03-16,10.72,11.04,11.05,10.72,94177419.0
2986,2015-03-17,11.02,11.58,11.6,10.96,169767480.0
2987,2015-03-18,11.58,11.66,11.85,11.51,149680995.0
2988,2015-03-19,11.6,12.65,12.74,11.39,208353585.0
2989,2015-03-20,12.55,12.44,12.7,12.31,187666413.0
2990,2015-03-23,12.46,12.63,12.8,12.25,175116762.0
2991,2015-03-24,12.63,12.26,12.67,11.8,155735957.0
2992,2015-03-25,12.4,12.08,12.43,11.98,96307662.0
2993,2015-03-26,12.08,12.46,12.5,12.0,130737686.0
2994,2015-03-27,12.5,13.16,13.3,12.43,221457427.0
2995,2015-03-30,13.1,13.2,13.47,12.8,188832837.0
2996,2015-03-31,13.21,13.0,13.55,12.95,106579718.0
2997,2015-04-01,12.93,13.2,13.3,12.93,87753625.0
2998,2015-04-02,13.3,14.3,14.48,13.27,202195027.0
2999,2015-04-03,14.32,14.29,14.5,14.0,121664419.0
3000,2015-04-07,14.4,14.79,15.11,14.06,171500557.0
3001,2015-04-08,14.75,14.85,15.22,14.41,205156030.0
3002,2015-04-09,14.85,14.43,15.14,14.16,176869811.0
3003,2015-04-10,14.41,14.8,14.99,14.41,108814196.0
3004,2015-04-13,14.61,14.87,15.25,14.61,150764192.0
3005,2015-04-14,14.83,15.41,15.42,14.6,164688010.0
3006,2015-04-15,15.35,15.94,16.82,15.06,258758145.0
3007,2015-04-16,15.9,16.3,16.56,15.47,183056623.0
3008,2015-04-17,16.36,17.07,17.28,16.36,261903601.0
3009,2015-04-20,17.17,15.52,17.26,15.46,355421424.0
3010,2015-04-21,15.57,15.68,15.97,14.8,245992497.0
3011,2015-04-22,15.85,15.75,15.92,15.42,167049040.0
3012,2015-04-23,15.82,15.37,15.89,15.17,236123876.0
3013,2015-04-24,15.22,16.3,16.36,14.85,257567367.0
3014,2015-04-27,16.3,15.94,16.59,15.81,203745372.0
3015,2015-04-28,15.8,15.09,15.81,15.01,155286908.0
3016,2015-04-29,15.0,15.13,15.51,14.7,153141373.0
3017,2015-04-30,15.01,15.1,15.48,15.01,121253436.0
3018,2015-05-04,15.17,15.6,15.77,15.14,160583974.0
3019,2015-05-05,15.6,15.08,15.88,15.02,128756453.0
3020,2015-05-06,15.15,14.59,15.29,14.16,96038850.0
3021,2015-05-07,14.65,13.58,14.67,13.56,103307942.0
3022,2015-05-08,13.98,13.88,13.98,13.29,110180899.0
3023,2015-05-11,14.25,14.58,14.8,13.9,121459682.0
3024,2015-05-12,14.6,14.38,14.89,14.2,144630476.0
3025,2015-05-13,14.38,14.12,14.46,13.9,120731538.0
3026,2015-05-14,14.13,14.0,14.39,13.95,146740675.0
3027,2015-05-15,13.98,13.65,13.98,13.1,212520177.0
3028,2015-05-18,13.51,13.92,14.13,13.43,152340808.0
3029,2015-05-19,13.92,14.44,14.65,13.9,170287649.0
3030,2015-05-20,14.45,14.47,14.7,14.2,214390342.0
3031,2015-05-21,14.5,14.65,14.66,14.19,188107118.0
3032,2015-05-22,14.81,15.51,15.55,14.49,373586272.0
3033,2015-05-25,15.29,15.81,16.0,15.18,397363968.0
3034,2015-05-26,15.86,15.78,16.0,15.48,350088272.0
3035,2015-05-27,15.78,17.36,17.36,15.65,567130944.0
3036,2015-05-28,17.39,17.86,19.0,17.38,940867200.0
3037,2015-05-29,17.72,17.23,18.5,16.1,594732928.0
3038,2015-06-01,17.71,18.0,18.0,17.24,450238272.0
3039,2015-06-02,18.15,19.8,19.8,18.0,660831104.0
3040,2015-06-03,20.29,19.38,20.49,18.81,584987712.0
3041,2015-06-04,19.39,18.27,19.4,17.5,539786016.0
3042,2015-06-05,18.49,20.1,20.1,18.21,662962544.0
3043,2015-06-08,20.32,20.92,22.05,20.31,917783824.0
3044,2015-06-09,21.0,23.01,23.01,20.2,856452464.0
3045,2015-06-10,22.5,22.85,24.32,21.3,886352800.0
3046,2015-06-11,22.53,23.5,23.78,22.02,623127536.0
3047,2015-06-12,23.38,23.04,23.5,23.0,477307744.0
3048,2015-06-15,24.2,23.19,24.2,22.97,640978096.0
3049,2015-06-16,22.65,21.19,22.69,21.0,469465552.0
3050,2015-06-17,20.7,21.06,21.63,19.6,349172960.0
3051,2015-06-18,21.2,21.06,21.9,20.7,318717008.0
3052,2015-06-19,20.04,18.97,20.89,18.95,252055163.0
3053,2015-06-23,18.29,18.26,18.96,17.07,245768626.0
3054,2015-06-24,18.7,18.3,19.1,17.6,297986320.0
3055,2015-06-25,18.35,17.98,18.94,17.3,300732288.0
3056,2015-06-26,17.2,16.18,17.49,16.18,200669441.0
3057,2015-06-29,16.69,14.56,17.0,14.56,263308809.0
3058,2015-06-30,13.8,15.52,16.01,13.1,338729168.0
3059,2015-07-01,15.3,13.97,16.0,13.97,286622784.0
3060,2015-07-02,13.99,12.57,14.2,12.57,281895056.0
3061,2015-07-03,11.76,11.31,12.6,11.31,188099196.0
3062,2015-07-06,12.3,10.18,12.3,10.18,254805897.0
3063,2015-07-07,9.92,9.16,9.92,9.16,78021130.0
3064,2015-07-08,8.24,8.41,9.29,8.24,523449536.0
3065,2015-07-09,8.2,9.25,9.25,8.2,121617369.0
3066,2015-07-10,9.8,10.08,10.08,9.6,55507409.0
3067,2015-07-13,11.0,11.09,11.09,10.5,192005991.0
3068,2015-07-14,11.5,12.19,12.2,11.1,384796864.0
3069,2015-07-15,11.75,10.97,11.9,10.97,171472861.0
3070,2015-07-16,10.97,10.97,11.5,9.88,161882598.0
3071,2015-07-17,11.08,11.64,11.8,11.0,168078895.0
3072,2015-07-20,11.67,11.68,12.18,11.4,197450269.0
3073,2015-07-21,11.5,12.85,12.85,11.3,299352480.0
3074,2015-07-22,12.59,13.06,13.43,12.5,311727216.0
3075,2015-07-23,13.0,13.69,13.98,12.87,224882029.0
3076,2015-07-24,13.6,13.1,14.2,12.77,233825669.0
3077,2015-07-27,12.75,11.79,12.99,11.79,158025244.0
3078,2015-07-28,11.5,10.71,11.78,10.61,189932739.0
3079,2015-07-29,11.0,11.45,11.48,10.49,137483540.0
3080,2015-07-30,11.37,11.12,11.88,10.98,132076596.0
3081,2015-07-31,10.89,10.88,11.2,10.21,97821863.0
3082,2015-08-03,10.8,9.92,10.8,9.79,96437386.0
3083,2015-08-04,9.93,10.68,10.7,9.93,96992094.0
3084,2015-08-05,10.68,10.63,11.01,10.4,123820025.0
3085,2015-08-06,10.34,10.4,10.69,10.1,81570962.0
3086,2015-08-07,10.5,10.9,10.95,10.5,109197223.0
3087,2015-08-10,11.05,11.93,11.95,11.05,165768083.0
3088,2015-08-11,11.93,12.84,13.0,11.66,274948480.0
3089,2015-08-12,12.6,12.3,13.22,12.01,258871573.0
3090,2015-08-13,12.19,12.66,12.72,11.8,168488844.0
3091,2015-08-14,12.66,12.75,13.15,12.56,200769772.0
3092,2015-08-17,12.6,12.85,12.89,12.15,228836917.0
3093,2015-08-18,14.14,14.14,14.14,14.14,226469662.0
3094,2015-08-19,14.1,15.55,15.55,13.7,920336672.0
3095,2015-08-20,16.3,14.76,16.98,14.57,988620240.0
3096,2015-08-21,13.34,13.28,14.2,13.28,368853648.0
3097,2015-08-24,11.95,11.95,12.4,11.95,53592862.0
3098,2015-08-25,10.76,10.76,10.78,10.76,112717400.0
3099,2015-08-26,10.03,9.68,10.98,9.68,254667784.0
3100,2015-08-27,9.78,9.62,10.38,8.72,194444642.0
3101,2015-08-28,9.76,10.58,10.58,9.58,213264538.0
3102,2015-08-31,10.58,9.52,10.58,9.52,164261648.0
3103,2015-09-01,9.29,8.57,9.29,8.57,109285066.0
3104,2015-09-02,8.09,8.87,9.05,7.97,124344094.0
3105,2015-09-07,8.9,8.88,9.37,8.7,155916279.0
3106,2015-09-08,8.85,9.2,9.38,8.36,96080340.0
3107,2015-09-09,9.37,9.49,9.75,9.13,334474560.0
3108,2015-09-10,9.26,9.32,9.65,9.21,171839242.0
3109,2015-09-11,9.4,9.64,9.85,9.37,183630286.0
3110,2015-09-14,9.77,8.68,9.83,8.68,166383210.0
3111,2015-09-15,8.26,7.81,8.5,7.81,96377160.0
3112,2015-09-16,8.0,8.58,8.59,7.77,102446288.0
3113,2015-09-17,8.48,8.3,8.81,8.15,119240563.0
3114,2015-09-18,8.31,8.34,8.48,8.16,63717143.0
3115,2015-09-21,8.35,8.69,8.78,8.0,84172139.0
3116,2015-09-22,8.7,8.7,8.88,8.57,108958878.0
3117,2015-09-23,8.45,8.4,8.65,8.32,73559821.0
3118,2015-09-24,8.42,8.75,8.8,8.4,96840502.0
3119,2015-09-25,8.62,8.49,8.86,8.36,71933595.0
3120,2015-09-28,8.55,8.6,8.63,8.31,55529083.0
3121,2015-09-29,8.48,8.57,8.71,8.3,72487114.0
3122,2015-09-30,8.57,8.57,8.7,8.45,52416601.0
3123,2015-10-08,8.78,8.94,8.98,8.68,141862842.0
3124,2015-10-09,8.85,9.19,9.26,8.79,131973316.0
3125,2015-10-12,9.28,9.53,9.7,9.18,227184771.0
3126,2015-10-13,9.44,9.54,9.57,9.28,152322327.0
3127,2015-10-14,9.47,9.36,9.65,9.21,130931440.0
3128,2015-10-15,9.25,9.77,9.85,9.21,195428676.0
3129,2015-10-16,9.83,9.76,9.92,9.46,176860773.0
3130,2015-10-19,9.75,9.76,9.88,9.53,158148315.0
3131,2015-10-20,9.75,10.16,10.25,9.65,208605601.0
3132,2015-10-21,10.1,9.14,10.16,9.14,192369630.0
3133,2015-10-22,9.18,9.39,9.42,8.9,128116123.0
3134,2015-10-23,9.45,9.67,9.75,9.3,152439417.0
3135,2015-10-26,9.91,9.78,9.97,9.63,138044862.0
3136,2015-10-27,9.82,10.76,10.76,9.78,338714928.0
3137,2015-10-28,10.78,10.87,11.59,10.76,458666064.0
3138,2015-10-29,10.78,10.7,11.19,10.49,230164218.0
3139,2015-10-30,10.7,10.35,10.73,10.07,172890304.0
3140,2015-11-02,10.15,9.98,10.3,9.86,122228574.0
3141,2015-11-03,10.1,10.06,10.23,9.9,101239726.0
3142,2015-11-04,10.01,10.64,10.67,10.01,177654561.0
3143,2015-11-05,10.58,10.39,10.75,10.3,279447968.0
3144,2015-11-06,10.39,10.75,10.85,10.36,227678184.0
3145,2015-11-09,11.04,10.89,11.29,10.81,309401104.0
3146,2015-11-10,10.76,10.79,11.1,10.66,265083555.0
3147,2015-11-11,10.8,11.0,11.05,10.51,216381495.0
3148,2015-11-12,10.97,11.4,11.49,10.9,276856880.0
3149,2015-11-13,11.1,11.0,11.38,10.89,227421621.0
3150,2015-11-16,10.71,11.24,11.25,10.71,161524378.0
3151,2015-11-17,11.31,11.18,11.8,11.12,267048680.0
3152,2015-11-18,11.18,11.26,11.68,11.05,270761888.0
3153,2015-11-19,11.35,11.5,11.53,11.15,160665220.0
3154,2015-11-20,11.65,11.68,11.93,11.52,214582491.0
3155,2015-11-23,11.65,11.94,12.37,11.61,246034966.0
3156,2015-11-24,11.82,11.98,12.05,11.65,142659219.0
3157,2015-11-25,11.96,12.53,12.54,11.85,239314805.0
3158,2015-11-26,12.5,12.86,13.08,12.23,304761008.0
3159,2015-11-27,12.75,11.78,13.26,11.57,351587200.0
3160,2015-11-30,11.8,11.39,11.99,10.88,256536893.0
3161,2015-12-01,11.4,11.69,11.91,11.17,180090304.0
3162,2015-12-02,11.53,11.32,11.67,10.9,143321767.0
3163,2015-12-03,11.36,11.46,11.55,11.29,128015583.0
3164,2015-12-04,11.41,11.6,11.78,11.22,153720176.0
3165,2015-12-07,11.6,11.71,11.75,11.43,135982584.0
3166,2015-12-08,11.6,11.13,11.87,11.0,173092642.0
3167,2015-12-09,11.0,10.88,11.17,10.78,117071688.0
3168,2015-12-10,10.88,10.92,11.04,10.85,73474079.0
3169,2015-12-11,10.85,10.71,10.88,10.6,78730520.0
3170,2015-12-14,10.52,10.99,11.0,10.5,67080976.0
3171,2015-12-15,11.12,11.2,11.37,11.03,77112774.0
3172,2015-12-16,11.28,11.25,11.3,11.1,81098251.0
3173,2015-12-17,11.37,11.7,11.74,11.31,174872309.0
3174,2015-12-18,11.74,11.84,12.19,11.66,195209686.0
3175,2015-12-21,11.8,11.88,11.97,11.66,140018268.0
3176,2015-12-22,11.89,12.35,12.37,11.77,195802226.0
3177,2015-12-23,12.4,12.24,12.79,12.14,180452861.0
3178,2015-12-24,12.2,12.07,12.45,11.73,120432221.0
3179,2015-12-25,12.07,12.5,12.79,11.97,159683352.0
3180,2015-12-28,12.58,11.84,12.6,11.78,163466317.0
3181,2015-12-29,11.82,11.92,11.96,11.58,104815578.0
3182,2015-12-30,11.95,12.0,12.08,11.81,84790976.0
3183,2015-12-31,11.92,12.03,12.05,11.81,67553160.0
3184,2016-01-04,11.9,10.83,11.99,10.83,88498148.0
3185,2016-01-05,10.16,10.31,10.74,9.81,112342092.0
3186,2016-01-06,10.3,10.53,10.61,10.3,77823266.0
3187,2016-01-07,10.2,9.48,10.3,9.48,19232820.0
3188,2016-01-08,9.15,9.55,9.8,9.14,95891045.0
3189,2016-01-11,9.19,8.6,9.2,8.6,103971956.0
3190,2016-01-12,8.55,8.57,8.69,8.35,65761102.0
3191,2016-01-13,8.6,8.22,8.88,8.2,75416668.0
3192,2016-01-14,7.98,8.53,8.54,7.89,50337167.0
3193,2016-01-15,8.42,8.8,8.86,8.2,87965746.0
3194,2016-01-18,8.4,8.64,8.8,8.3,81870467.0
3195,2016-01-19,8.56,8.85,8.97,8.5,80770334.0
3196,2016-01-20,8.8,8.69,8.95,8.59,61408294.0
3197,2016-01-21,8.31,8.23,8.71,8.21,61454195.0
3198,2016-01-22,8.3,8.38,8.59,8.11,34569452.0
3199,2016-01-25,8.42,8.46,8.56,8.32,27815758.0
3200,2016-01-26,8.37,7.61,8.37,7.61,56878786.0
3201,2016-01-27,7.65,7.33,7.74,6.88,69937498.0
3202,2016-01-28,7.2,6.8,7.27,6.78,42606701.0
3203,2016-01-29,6.81,7.11,7.25,6.8,45967334.0
3204,2016-02-01,7.13,7.13,7.34,7.05,40865911.0
3205,2016-02-02,7.16,7.39,7.48,7.11,33806864.0
3206,2016-02-03,7.3,7.43,7.48,7.24,36750974.0
3207,2016-02-04,7.39,7.58,7.75,7.37,44243018.0
3208,2016-02-05,7.59,7.66,7.86,7.57,41584239.0
3209,2016-02-15,7.5,7.73,7.85,7.5,28079968.0
3210,2016-02-16,7.73,8.08,8.13,7.73,42474478.0
3211,2016-02-17,8.02,8.11,8.13,7.91,50495828.0
3212,2016-02-18,8.13,8.06,8.29,8.04,54943731.0
3213,2016-02-19,8.02,8.1,8.15,8.0,33943599.0
3214,2016-02-22,8.5,8.3,8.54,8.25,58012437.0
3215,2016-02-23,8.23,8.18,8.37,8.05,40336766.0
3216,2016-02-24,8.18,8.3,8.31,8.02,40604886.0
3217,2016-02-25,8.29,7.47,8.29,7.47,48535355.0
3218,2016-02-26,7.5,7.42,7.63,7.22,32719530.0
3219,2016-02-29,7.42,7.0,7.42,6.76,41151558.0
3220,2016-03-01,7.01,7.18,7.22,6.98,32694859.0
3221,2016-03-02,7.19,7.9,7.9,7.16,59569101.0
3222,2016-03-03,8.0,7.87,8.24,7.84,69462563.0
3223,2016-03-04,7.95,7.67,8.06,7.52,58668755.0
3224,2016-03-07,7.86,8.1,8.17,7.72,63330184.0
3225,2016-03-08,8.04,7.91,8.04,7.53,51379579.0
3226,2016-03-09,7.69,7.65,7.85,7.56,28746180.0
3227,2016-03-10,7.56,7.48,7.84,7.47,25147834.0
3228,2016-03-11,7.4,7.47,7.59,7.37,23944462.0
3229,2016-03-14,7.55,7.86,7.87,7.54,56454212.0
3230,2016-03-15,7.8,7.69,7.89,7.67,36182533.0
3231,2016-03-16,7.66,7.76,7.83,7.61,40406840.0
3232,2016-03-17,7.76,7.95,7.99,7.71,61251472.0
3233,2016-03-18,7.98,8.26,8.28,7.97,76087182.0
3234,2016-03-21,8.33,8.4,8.49,8.2,76574577.0
3235,2016-03-22,8.33,8.25,8.35,8.2,58347763.0
3236,2016-03-23,8.26,8.31,8.41,8.21,50515121.0
3237,2016-03-24,8.24,8.09,8.24,8.06,46952297.0
3238,2016-03-25,8.09,8.22,8.23,8.07,36345027.0
3239,2016-03-28,8.21,8.13,8.32,8.08,60543689.0
3240,2016-03-29,8.06,7.88,8.13,7.75,45181869.0
3241,2016-03-30,7.94,8.12,8.14,7.92,39786772.0
3242,2016-03-31,8.12,8.37,8.45,8.12,90264061.0
3243,2016-04-01,8.27,8.19,8.33,8.0,67157661.0
3244,2016-04-05,8.17,8.5,8.59,8.13,92857054.0
3245,2016-04-06,8.41,8.58,8.7,8.29,80401092.0
3246,2016-04-07,8.53,8.39,8.62,8.26,71008577.0
3247,2016-04-08,8.33,8.99,9.05,8.25,186117411.0
3248,2016-04-11,8.95,9.47,9.56,8.78,232612420.0
3249,2016-04-12,9.2,9.36,9.47,9.0,156250218.0
3250,2016-04-13,9.36,9.24,9.5,9.21,134195875.0
3251,2016-04-14,9.27,9.13,9.29,9.01,99747340.0
3252,2016-04-15,9.15,9.16,9.18,9.03,79361220.0
3253,2016-04-18,9.07,8.88,9.19,8.81,74093048.0
3254,2016-04-19,8.88,8.84,9.07,8.73,59253706.0
3255,2016-04-20,8.81,8.23,8.88,8.06,107938331.0
3256,2016-04-21,8.18,8.16,8.34,8.1,58668222.0
3257,2016-04-22,8.18,8.28,8.29,8.09,38566085.0
3258,2016-04-25,8.26,8.15,8.29,8.07,34254298.0
3259,2016-04-26,8.19,8.35,8.36,8.19,43451393.0
3260,2016-04-27,8.35,8.26,8.39,8.23,34908798.0
3261,2016-04-28,8.26,8.14,8.26,8.08,46144698.0
3262,2016-04-29,8.14,8.12,8.18,8.07,30333835.0
3263,2016-05-03,8.06,8.3,8.33,8.01,53804862.0
3264,2016-05-04,8.25,8.33,8.43,8.24,51423096.0
3265,2016-05-05,8.35,8.44,8.45,8.27,41651746.0
3266,2016-05-06,8.4,8.04,8.42,8.03,56076010.0
3267,2016-05-09,7.97,7.57,7.97,7.54,43925007.0
3268,2016-05-10,7.6,7.77,7.82,7.6,36275290.0
3269,2016-05-11,7.78,7.67,7.9,7.62,26744092.0
3270,2016-05-12,7.62,7.77,7.83,7.43,22065675.0
3271,2016-05-13,7.72,7.7,7.85,7.61,19955015.0
3272,2016-05-16,7.68,7.77,7.77,7.5,21502374.0
3273,2016-05-17,7.78,7.7,7.84,7.62,23242312.0
3274,2016-05-18,7.62,7.59,7.77,7.5,29276804.0
3275,2016-05-19,7.62,7.68,7.8,7.56,28725168.0
3276,2016-05-20,7.67,7.73,7.74,7.58,15180408.0
3277,2016-05-23,7.68,7.8,7.82,7.68,18555574.0
3278,2016-05-24,7.73,7.78,7.86,7.72,22765123.0
3279,2016-05-25,7.78,7.68,7.84,7.66,16535129.0
3280,2016-05-26,7.66,7.7,7.73,7.44,20929505.0
3281,2016-05-27,7.66,7.69,7.74,7.57,20868412.0
3282,2016-05-30,7.66,7.7,7.73,7.53,20927520.0
3283,2016-05-31,7.7,8.01,8.02,7.62,51221147.0
3284,2016-06-01,8.03,8.04,8.06,7.97,36977900.0
3285,2016-06-02,8.03,8.03,8.05,7.93,34704408.0
3286,2016-06-03,8.01,8.27,8.32,8.0,64245568.0
3287,2016-06-06,8.18,8.18,8.27,8.09,54929206.0
3288,2016-06-07,8.17,8.04,8.18,8.0,47122793.0
3289,2016-06-08,8.03,7.99,8.04,7.89,24969520.0
3290,2016-06-13,7.75,7.69,7.96,7.67,34271372.0
3291,2016-06-14,7.65,7.77,7.86,7.62,31192036.0
3292,2016-06-15,7.7,7.94,7.96,7.63,34842356.0
3293,2016-06-16,7.93,7.75,7.96,7.73,32398653.0
3294,2016-06-17,7.82,7.9,7.96,7.8,32876976.0
3295,2016-06-20,8.69,8.63,8.69,8.44,224516573.0
3296,2016-06-21,8.45,8.47,8.68,8.43,105629893.0
3297,2016-06-22,8.38,8.53,8.58,8.37,54506947.0
3298,2016-06-23,8.5,8.87,8.99,8.49,118231479.0
3299,2016-06-24,8.8,8.59,8.88,8.36,94593677.0
3300,2016-06-27,8.66,8.75,8.86,8.56,61451337.0
3301,2016-06-28,8.64,8.72,8.84,8.53,71495761.0
3302,2016-06-29,8.7,8.62,8.73,8.58,52042467.0
3303,2016-06-30,8.68,8.72,8.8,8.67,62112485.0
3304,2016-07-01,8.66,8.67,8.78,8.6,49546637.0
3305,2016-07-04,8.66,8.92,8.96,8.57,65588391.0
3306,2016-07-05,8.88,9.04,9.06,8.82,53118464.0
3307,2016-07-06,9.03,9.0,9.15,8.88,59324160.0
3308,2016-07-07,8.91,8.97,8.99,8.72,42895254.0
3309,2016-07-08,8.88,8.94,8.98,8.81,36905798.0
3310,2016-07-11,8.93,9.3,9.4,8.85,85174666.0
3311,2016-07-12,9.2,9.22,9.29,9.06,71853662.0
3312,2016-07-13,9.31,9.22,9.31,9.1,52772298.0
3313,2016-07-14,9.23,9.11,9.27,9.0,52244903.0
3314,2016-07-15,9.1,8.95,9.16,8.9,60683349.0
3315,2016-07-18,9.06,8.99,9.14,8.92,88959359.0
3316,2016-07-19,8.95,8.88,9.0,8.74,74954505.0
3317,2016-07-20,8.88,8.82,8.94,8.81,45961607.0
3318,2016-07-21,8.86,8.88,8.96,8.8,46517622.0
3319,2016-07-22,8.85,8.8,8.9,8.75,35662156.0
3320,2016-07-25,8.81,8.83,8.88,8.7,26815445.0
3321,2016-07-26,8.82,8.93,8.94,8.79,33223531.0
3322,2016-07-27,8.95,8.39,8.95,8.33,73739303.0
3323,2016-07-28,8.36,8.45,8.51,8.31,33639277.0
3324,2016-07-29,8.43,8.39,8.46,8.33,20505424.0
3325,2016-08-01,8.4,8.39,8.4,8.11,32025930.0
3326,2016-08-02,8.4,8.39,8.48,8.3,26006020.0
3327,2016-08-03,8.38,8.35,8.42,8.32,25620124.0
3328,2016-08-04,8.35,8.35,8.38,8.22,38123516.0
3329,2016-08-05,8.35,8.34,8.38,8.28,32435238.0
3330,2016-08-08,8.32,8.43,8.44,8.26,26201775.0
3331,2016-08-09,8.46,8.45,8.49,8.41,45272166.0
3332,2016-08-10,8.43,8.44,8.5,8.37,37114531.0
3333,2016-08-11,8.44,8.23,8.47,8.21,33715868.0
3334,2016-08-12,8.23,8.36,8.37,8.2,37142159.0
3335,2016-08-15,8.35,8.59,8.63,8.3,55605605.0
3336,2016-08-16,8.66,8.67,8.71,8.57,46455082.0
3337,2016-08-17,8.64,8.62,8.66,8.55,35391101.0
3338,2016-08-18,8.63,8.66,8.85,8.6,60017906.0
3339,2016-08-19,8.67,8.63,8.67,8.55,36060876.0
3340,2016-08-22,8.65,8.58,8.68,8.54,32582936.0
3341,2016-08-23,8.61,8.63,8.72,8.57,35056883.0
3342,2016-08-24,8.67,8.62,8.7,8.6,31934994.0
3343,2016-08-25,8.58,8.51,8.58,8.37,37115028.0
3344,2016-08-26,8.51,8.55,8.59,8.48,26133014.0
3345,2016-08-29,8.52,8.62,8.74,8.52,47201483.0
3346,2016-08-30,8.64,8.63,8.69,8.58,22794895.0
3347,2016-08-31,8.72,8.7,8.83,8.66,62775774.0
3348,2016-09-01,8.72,8.77,8.8,8.63,65016090.0
3349,2016-09-02,8.7,8.94,9.02,8.66,121862500.0
3350,2016-09-05,8.96,8.87,8.99,8.82,58524382.0
3351,2016-09-06,8.9,8.89,8.9,8.68,63864386.0
3352,2016-09-07,8.88,9.25,9.35,8.35,206850902.0
3353,2016-09-08,9.14,9.25,9.45,9.12,163158914.0
3354,2016-09-09,9.19,8.99,9.25,8.98,93527480.0
3355,2016-09-12,8.9,8.69,8.94,8.65,68945747.0
3356,2016-09-13,8.79,8.94,8.99,8.7,61522812.0
3357,2016-09-14,8.86,8.84,8.97,8.75,37722857.0
3358,2016-09-19,8.84,9.02,9.04,8.81,34990068.0
3359,2016-09-20,9.04,9.38,9.58,8.89,127325487.0
3360,2016-09-21,9.21,9.25,9.37,9.2,114030788.0
3361,2016-09-22,9.25,9.26,9.48,9.21,90664563.0
3362,2016-09-23,9.29,9.17,9.41,9.11,80868308.0
3363,2016-09-26,9.17,9.61,9.89,9.17,282477056.0
3364,2016-09-27,9.6,9.75,9.83,9.35,226400432.0
3365,2016-09-28,9.7,9.74,9.98,9.56,175709797.0
3366,2016-09-29,9.7,9.83,9.85,9.62,122697390.0
3367,2016-09-30,9.74,9.68,9.86,9.66,95703388.0
3368,2016-10-10,9.52,9.23,9.6,8.9,209070863.0
3369,2016-10-11,9.15,9.28,9.3,9.06,101985467.0
3370,2016-10-12,9.23,9.21,9.27,9.13,66576783.0
3371,2016-10-13,9.19,9.17,9.25,9.14,71647782.0
3372,2016-10-14,9.2,9.11,9.29,9.01,85983598.0
3373,2016-10-17,9.16,9.17,9.29,9.04,84732008.0
3374,2016-10-18,9.21,9.48,9.49,9.17,138876012.0
3375,2016-10-19,9.49,9.34,9.52,9.28,86222461.0
3376,2016-10-20,9.35,9.27,9.37,9.18,73034701.0
3377,2016-10-21,9.28,9.16,9.32,9.05,67707425.0
3378,2016-10-24,9.13,9.19,9.24,9.09,82736604.0
3379,2016-10-25,9.28,9.19,9.3,9.14,76750502.0
3380,2016-10-26,9.22,9.16,9.22,9.05,65847856.0
3381,2016-10-27,9.16,9.1,9.16,9.05,44146833.0
3382,2016-10-28,9.1,8.95,9.15,8.93,57719596.0
3383,2016-10-31,8.96,9.0,9.1,8.93,49351623.0
3384,2016-11-01,9.04,9.1,9.15,8.98,54083540.0
3385,2016-11-02,9.09,8.94,9.12,8.91,54280291.0
3386,2016-11-03,8.92,9.0,9.05,8.91,48681855.0
3387,2016-11-04,8.99,8.9,9.05,8.87,42887122.0
3388,2016-11-07,8.91,8.96,9.02,8.82,45095803.0
3389,2016-11-08,8.97,9.03,9.06,8.97,39439754.0
3390,2016-11-09,9.05,8.92,9.08,8.8,54713388.0
3391,2016-11-10,8.99,9.09,9.1,8.99,63561048.0
3392,2016-11-11,9.11,9.23,9.27,9.08,105748145.0
3393,2016-11-14,9.21,9.2,9.3,9.13,61412423.0
3394,2016-11-15,9.18,9.21,9.27,9.15,41580989.0
3395,2016-11-16,9.19,9.22,9.25,9.15,49150571.0
3396,2016-11-17,9.18,9.21,9.26,9.13,42998679.0
3397,2016-11-18,9.2,9.12,9.22,9.12,37570941.0
3398,2016-11-21,9.17,9.27,9.27,9.1,65392921.0
3399,2016-11-22,9.3,9.27,9.31,9.22,47772511.0
3400,2016-11-23,9.28,9.35,9.45,9.18,114156064.0
3401,2016-11-24,9.32,9.23,9.34,9.16,54388593.0
3402,2016-11-25,9.2,9.23,9.24,9.03,61326446.0
3403,2016-11-28,9.2,9.21,9.3,9.1,58154766.0
3404,2016-11-29,9.22,9.08,9.26,9.06,61530038.0
3405,2016-11-30,9.05,9.11,9.16,9.02,46100197.0
3406,2016-12-01,9.08,9.19,9.22,9.08,43292893.0
3407,2016-12-02,9.16,9.0,9.23,9.0,41793803.0
3408,2016-12-05,9.0,9.0,9.1,8.92,37370370.0
3409,2016-12-06,9.08,9.05,9.09,9.0,22119307.0
3410,2016-12-07,9.04,9.27,9.29,9.0,51013761.0
3411,2016-12-08,9.25,9.15,9.28,9.13,43716267.0
3412,2016-12-09,9.16,9.4,9.42,9.1,101173002.0
3413,2016-12-12,9.4,8.89,9.44,8.78,110280182.0
3414,2016-12-13,8.8,8.77,8.82,8.62,62713355.0
3415,2016-12-14,8.76,8.56,8.79,8.55,58183796.0
3416,2016-12-15,8.51,8.58,8.68,8.51,41824664.0
3417,2016-12-16,8.61,8.59,8.68,8.56,40405863.0
3418,2016-12-19,8.59,8.63,8.66,8.48,41143512.0
3419,2016-12-20,8.61,8.63,8.69,8.6,31957217.0
3420,2016-12-21,8.61,8.66,8.69,8.61,46155482.0
3421,2016-12-22,8.64,8.7,8.73,8.62,39023224.0
3422,2016-12-23,8.71,8.67,8.73,8.65,22188248.0
3423,2016-12-26,8.64,8.69,8.69,8.53,26361223.0
3424,2016-12-27,8.69,8.73,8.79,8.66,37316046.0
3425,2016-12-28,8.73,8.74,8.79,8.69,30032030.0
3426,2016-12-29,8.7,8.66,8.74,8.61,20723488.0
3427,2016-12-30,8.66,8.63,8.7,8.59,18460788.0
3428,2017-01-03,8.61,8.74,8.74,8.6,44001299.0
3429,2017-01-04,8.72,8.84,8.88,8.71,44930115.0
3430,2017-01-05,8.8,8.84,8.93,8.8,40513010.0
3431,2017-01-06,8.84,8.85,8.88,8.69,34847368.0
3432,2017-01-09,8.81,9.0,9.09,8.78,59305529.0
3433,2017-01-10,9.0,8.95,9.04,8.91,22287679.0
3434,2017-01-11,8.97,8.89,8.97,8.84,24797968.0
3435,2017-01-12,8.89,8.89,8.94,8.84,21002713.0
3436,2017-01-13,8.84,8.79,8.88,8.76,32014045.0
3437,2017-01-16,8.73,8.4,8.77,7.91,57068364.0
3438,2017-01-17,8.29,8.38,8.45,8.13,42893258.0
3439,2017-01-18,8.33,8.33,8.41,8.27,27164811.0
3440,2017-01-19,8.34,8.31,8.38,8.23,19435386.0
3441,2017-01-20,8.31,8.41,8.44,8.25,22844786.0
3442,2017-01-23,8.35,8.48,8.56,8.35,37651139.0
3443,2017-01-24,8.41,8.51,8.51,8.41,23826420.0
3444,2017-01-25,8.51,8.68,8.69,8.45,42115021.0
3445,2017-01-26,8.68,8.74,8.82,8.65,43002711.0
3446,2017-02-03,8.7,8.72,8.91,8.62,18945266.0
3447,2017-02-06,8.72,8.78,8.8,8.7,24747557.0
3448,2017-02-07,8.75,8.79,8.8,8.69,25074648.0
3449,2017-02-08,8.73,8.88,8.88,8.7,31113302.0
3450,2017-02-09,8.88,8.98,9.04,8.83,39023791.0
3451,2017-02-10,9.0,9.02,9.05,8.91,35723684.0
3452,2017-02-13,8.99,9.04,9.12,8.98,38075573.0
3453,2017-02-14,9.04,9.03,9.05,8.94,21671282.0
3454,2017-02-15,9.03,9.05,9.07,8.94,35939640.0
3455,2017-02-16,9.03,9.16,9.16,8.96,45231753.0
3456,2017-02-17,9.1,9.17,9.19,9.0,40658696.0
3457,2017-02-20,9.14,9.18,9.19,9.07,46547923.0
3458,2017-02-21,9.18,9.16,9.18,9.1,40216379.0
3459,2017-02-22,9.15,9.2,9.25,9.01,101849004.0
3460,2017-02-23,9.18,9.12,9.24,8.94,90730620.0
3461,2017-02-24,9.06,9.11,9.12,8.98,33020425.0
3462,2017-02-27,9.08,9.08,9.14,9.05,38465614.0
3463,2017-02-28,9.08,9.07,9.08,9.0,30026721.0
3464,2017-03-01,9.07,9.07,9.1,9.01,46281902.0
3465,2017-03-02,9.07,8.96,9.08,8.94,32246457.0
3466,2017-03-03,8.92,9.04,9.07,8.9,28732860.0
3467,2017-03-06,9.04,9.14,9.16,9.01,43976463.0
3468,2017-03-07,9.15,9.11,9.15,9.08,23859877.0
3469,2017-03-08,9.1,9.17,9.24,9.01,55463434.0
3470,2017-03-09,9.11,9.12,9.18,9.06,33343183.0
3471,2017-03-10,9.12,9.19,9.35,9.09,62642100.0
3472,2017-03-13,9.13,9.32,9.34,9.12,78160789.0
3473,2017-03-14,9.3,9.21,9.35,9.18,55008254.0
3474,2017-03-15,9.18,9.17,9.24,9.15,38407572.0
3475,2017-03-16,9.18,9.32,9.38,9.18,59478497.0
3476,2017-03-17,9.29,9.19,9.43,9.19,45960868.0
3477,2017-03-20,9.16,9.25,9.29,9.13,50164177.0
3478,2017-03-21,9.25,9.38,9.42,9.21,73412994.0
3479,2017-03-22,9.33,9.55,9.63,9.33,112870948.0
3480,2017-03-23,9.52,9.45,9.55,9.31,70180080.0
3481,2017-03-24,9.46,9.55,9.55,9.4,39508151.0
3482,2017-03-27,9.55,9.36,9.62,9.35,58759215.0
3483,2017-03-28,9.32,9.41,9.45,9.32,36229327.0
3484,2017-03-29,9.41,9.39,9.46,9.35,42136063.0
3485,2017-03-30,9.38,9.28,9.39,9.21,56601920.0
3486,2017-03-31,9.28,9.22,9.36,9.18,27694219.0
3487,2017-04-05,9.3,9.57,9.6,9.19,69468192.0
3488,2017-04-06,9.54,9.58,9.62,9.47,42771888.0
3489,2017-04-07,9.53,9.68,9.7,9.46,68185051.0
3490,2017-04-10,9.69,9.56,9.73,9.48,51695225.0
3491,2017-04-11,9.5,9.49,9.58,9.34,57927559.0
3492,2017-04-12,9.52,9.42,9.57,9.39,50110952.0
3493,2017-04-13,9.4,9.82,9.96,9.39,108310893.0
3494,2017-04-14,9.78,9.87,9.91,9.71,73135508.0
3495,2017-04-17,9.88,9.71,9.88,9.53,83654303.0
3496,2017-04-18,9.61,9.87,10.15,9.55,118576762.0
3497,2017-04-19,9.86,9.19,9.87,9.1,136533139.0
3498,2017-04-20,9.1,8.79,9.24,8.65,109920000.0
3499,2017-04-21,8.71,8.78,8.92,8.71,43195541.0
3500,2017-04-24,8.76,8.54,8.79,8.43,33798667.0
3501,2017-04-25,8.54,8.55,8.7,8.48,19211399.0
3502,2017-04-26,8.56,8.62,8.66,8.52,19550523.0
3503,2017-04-27,8.62,8.28,8.62,7.84,68858433.0
3504,2017-04-28,8.21,8.36,8.38,8.18,24457636.0
3505,2017-05-02,8.37,8.21,8.38,8.18,34466375.0
3506,2017-05-03,8.22,8.12,8.26,7.97,44386826.0
3507,2017-05-04,8.11,8.09,8.21,8.02,28166663.0
3508,2017-05-05,8.1,8.03,8.2,8.02,28183904.0
3509,2017-05-08,8.01,8.04,8.16,7.98,22118562.0
3510,2017-05-09,8.08,8.1,8.23,7.9,27624762.0
3511,2017-05-10,8.12,7.87,8.13,7.84,21105023.0
3512,2017-05-11,7.81,7.76,7.92,7.6,30344360.0
3513,2017-05-12,7.75,7.82,7.87,7.72,23031426.0
3514,2017-05-15,7.85,7.84,7.89,7.79,15870540.0
3515,2017-05-16,7.84,7.95,7.95,7.79,22915122.0
3516,2017-05-17,7.94,8.09,8.25,7.9,41824685.0
3517,2017-05-18,8.08,8.04,8.14,7.99,18791034.0
3518,2017-05-19,8.03,8.06,8.1,7.99,13502247.0
3519,2017-05-22,8.06,7.87,8.13,7.87,31031389.0
3520,2017-05-23,7.81,7.68,7.84,7.68,30277747.0
3521,2017-05-24,7.67,7.76,7.78,7.55,18481048.0
3522,2017-05-25,7.77,7.86,7.88,7.63,31184879.0
3523,2017-05-26,7.86,7.79,7.89,7.79,19412381.0
3524,2017-05-31,7.9,7.76,7.9,7.73,26448348.0
3525,2017-06-01,7.76,7.38,7.76,7.38,43007167.0
3526,2017-06-02,7.36,7.42,7.46,7.13,63469822.0
3527,2017-06-05,7.4,7.39,7.47,7.35,34670770.0
3528,2017-06-06,7.37,7.51,7.52,7.35,33563713.0
3529,2017-06-07,7.5,7.67,7.68,7.45,33084704.0
3530,2017-06-08,7.68,7.64,7.73,7.62,22527697.0
3531,2017-06-09,7.6,7.65,7.66,7.55,20372055.0
3532,2017-06-12,7.63,7.53,7.63,7.52,17296297.0
3533,2017-06-13,7.52,7.62,7.65,7.51,17984126.0
3534,2017-06-14,7.63,7.63,7.66,7.57,15587621.0
3535,2017-06-15,7.65,7.74,7.74,7.6,25870121.0
3536,2017-06-16,7.74,7.72,7.76,7.64,18572880.0
3537,2017-06-19,7.73,7.81,7.89,7.68,29098936.0
3538,2017-06-20,7.86,7.77,7.86,7.76,21049094.0
3539,2017-06-21,7.82,7.8,7.83,7.71,20504079.0
3540,2017-06-22,7.82,7.71,7.89,7.71,21846552.0
3541,2017-06-23,7.68,7.65,7.74,7.5,20463603.0
3542,2017-06-26,7.63,7.74,7.78,7.63,18670041.0
3543,2017-06-27,7.72,7.77,7.79,7.72,15148572.0
3544,2017-06-28,7.73,7.63,7.75,7.57,39522405.0
3545,2017-06-29,7.61,7.68,7.68,7.6,19451537.0
3546,2017-06-30,7.66,7.66,7.68,7.6,17998717.0
3547,2017-07-03,7.63,7.78,7.79,7.63,25240244.0
3548,2017-07-04,7.79,7.82,7.83,7.73,27540865.0
3549,2017-07-05,7.81,7.86,7.86,7.78,23867229.0
3550,2017-07-06,7.86,7.92,7.94,7.81,26989884.0
3551,2017-07-07,7.82,7.84,7.85,7.73,29911352.0
3552,2017-07-10,7.86,7.77,7.87,7.74,31396004.0
3553,2017-07-11,7.8,7.85,7.94,7.76,38436140.0
3554,2017-07-12,7.8,7.73,7.87,7.6,33440706.0
3555,2017-07-13,7.73,7.76,7.82,7.67,22084191.0
3556,2017-07-14,7.73,7.75,7.78,7.67,24247240.0
3557,2017-07-17,7.75,7.41,7.75,7.35,32376197.0
3558,2017-07-18,7.38,7.47,7.49,7.36,15131677.0
3559,2017-07-19,7.44,7.65,7.65,7.43,22441371.0
3560,2017-07-20,7.65,7.71,7.75,7.61,22844545.0
3561,2017-07-21,7.66,7.87,7.88,7.66,35321812.0
3562,2017-07-24,7.88,7.91,8.0,7.83,42428624.0
3563,2017-07-25,7.89,8.14,8.18,7.89,68607181.0
3564,2017-07-26,8.1,8.0,8.15,7.88,52140949.0
3565,2017-07-27,7.98,8.12,8.15,7.94,45167061.0
3566,2017-07-28,8.08,7.98,8.09,7.97,28640927.0
3567,2017-07-31,8.0,8.01,8.03,7.91,30673506.0
3568,2017-08-01,8.0,7.98,8.09,7.93,30435978.0
3569,2017-08-02,7.96,7.92,8.01,7.91,30203524.0
3570,2017-08-03,7.92,7.96,7.98,7.88,19748614.0
3571,2017-08-04,7.97,7.95,8.05,7.91,31411496.0
3572,2017-08-07,7.95,7.96,7.98,7.9,19787470.0
3573,2017-08-08,7.97,7.99,8.0,7.9,24838485.0
3574,2017-08-09,8.01,7.85,8.01,7.82,33592707.0
3575,2017-08-10,7.84,7.7,7.88,7.66,31427077.0
3576,2017-08-11,7.63,7.65,7.76,7.61,29796899.0
3577,2017-08-14,7.63,7.88,7.9,7.63,33182526.0
3578,2017-08-15,7.88,7.95,8.0,7.86,30064469.0
3579,2017-08-16,7.95,8.02,8.03,7.92,33925402.0
3580,2017-08-17,8.03,8.04,8.07,8.01,27254608.0
3581,2017-08-18,8.03,8.04,8.08,7.96,27561030.0
3582,2017-08-21,8.04,8.1,8.12,8.02,22609857.0
3583,2017-08-22,7.99,7.94,8.02,7.89,30830214.0
3584,2017-08-23,7.95,8.06,8.12,7.94,38658313.0
3585,2017-08-24,8.03,7.99,8.09,7.91,25843650.0
3586,2017-08-25,7.98,8.03,8.04,7.95,19581257.0
3587,2017-08-28,8.01,8.09,8.1,8.01,24938669.0
3588,2017-08-29,8.06,8.01,8.14,7.99,25905730.0
3589,2017-08-30,8.01,7.92,8.04,7.91,26791157.0
3590,2017-08-31,7.95,7.97,7.98,7.9,15892086.0
3591,2017-09-01,7.94,7.92,7.99,7.86,28768783.0
3592,2017-09-04,7.91,7.92,7.95,7.88,22490476.0
3593,2017-09-05,7.92,7.9,7.95,7.88,21337135.0
3594,2017-09-06,7.88,7.87,7.89,7.83,27233781.0
3595,2017-09-07,7.86,7.93,7.95,7.81,31463275.0
3596,2017-09-08,7.91,7.84,7.92,7.79,32027893.0
3597,2017-09-11,7.82,7.82,7.85,7.77,22399577.0
3598,2017-09-12,7.84,7.82,7.86,7.8,28795137.0
3599,2017-09-13,7.82,7.8,7.83,7.76,19745298.0
3600,2017-09-14,7.77,7.79,7.84,7.75,25591753.0
3601,2017-09-15,7.78,7.97,8.0,7.77,68928079.0
3602,2017-09-18,7.88,7.91,7.95,7.84,38757184.0
3603,2017-09-19,7.88,7.96,8.07,7.88,46391057.0
3604,2017-09-20,7.93,7.99,8.02,7.92,30217810.0
3605,2017-09-21,8.0,7.87,8.04,7.86,31628987.0
3606,2017-09-22,7.8,7.81,7.86,7.78,21723036.0
3607,2017-09-25,7.8,7.68,7.81,7.65,19512369.0
3608,2017-09-26,7.65,7.68,7.71,7.64,10142730.0
3609,2017-09-27,7.68,7.69,7.72,7.65,12028040.0
3610,2017-09-28,7.7,7.57,7.74,7.5,14859197.0
3611,2017-09-29,7.61,7.65,7.68,7.57,10396184.0
3612,2017-10-09,7.69,7.74,7.76,7.69,12538375.0
3613,2017-10-10,7.72,7.76,7.77,7.7,18458104.0
3614,2017-10-11,7.76,7.84,7.85,7.71,22390114.0
3615,2017-10-12,8.14,7.87,8.14,7.86,46490874.0
3616,2017-10-13,7.83,7.85,7.85,7.77,20011581.0
3617,2017-10-16,7.83,7.67,7.83,7.66,20412987.0
3618,2017-10-17,7.65,7.67,7.7,7.65,10736185.0
3619,2017-10-18,7.66,7.65,7.76,7.64,14307102.0
3620,2017-10-19,7.66,7.51,7.67,7.47,18584253.0
3621,2017-10-20,7.51,7.6,7.61,7.49,11085098.0
3622,2017-10-23,7.6,7.61,7.65,7.54,8196345.0
3623,2017-10-24,7.61,7.58,7.62,7.55,9721113.0
3624,2017-10-25,7.59,7.58,7.61,7.52,10683823.0
3625,2017-10-26,7.56,7.6,7.63,7.53,12142095.0
3626,2017-10-27,7.6,7.53,7.61,7.52,13643665.0
3627,2017-10-30,7.52,7.38,7.55,7.34,18063390.0
3628,2017-10-31,7.37,7.43,7.45,7.33,10791688.0
3629,2017-11-01,7.43,7.42,7.47,7.39,8048731.0
3630,2017-11-02,7.41,7.35,7.41,7.33,11027447.0
3631,2017-11-03,7.31,7.24,7.39,7.2,15999395.0
3632,2017-11-06,7.25,7.26,7.28,7.16,10396139.0
3633,2017-11-07,7.29,7.29,7.31,7.24,7747156.0
3634,2017-11-08,7.29,7.34,7.36,7.26,7907574.0
3635,2017-11-09,7.34,7.36,7.4,7.33,9090154.0
3636,2017-11-10,7.36,7.36,7.38,7.3,8670530.0
3637,2017-11-13,7.35,7.28,7.35,7.23,12481837.0
3638,2017-11-14,7.28,7.17,7.28,7.14,14545783.0
3639,2017-11-15,7.18,7.14,7.19,7.11,9505445.0
3640,2017-11-16,7.15,7.16,7.19,7.14,7335070.0
3641,2017-11-17,7.16,6.95,7.16,6.91,20415581.0
3642,2017-11-20,7.02,6.9,7.02,6.82,10606017.0
3643,2017-11-21,6.91,6.91,6.96,6.87,9658829.0
3644,2017-11-22,6.9,6.89,6.94,6.86,13516432.0
3645,2017-11-23,6.88,6.73,6.89,6.69,14569699.0
3646,2017-11-24,6.72,6.73,6.8,6.7,8489768.0
3647,2017-11-27,6.73,6.75,6.8,6.72,7199968.0
3648,2017-11-28,6.75,6.84,6.85,6.75,6814942.0
3649,2017-11-29,6.84,6.84,6.87,6.79,7730290.0
3650,2017-11-30,6.82,6.85,6.86,6.81,6523821.0
3651,2017-12-01,6.85,6.89,6.9,6.83,6114942.0
3652,2017-12-04,6.89,6.77,6.92,6.73,8401179.0
3653,2017-12-05,6.75,6.65,6.77,6.63,11634991.0
3654,2017-12-06,6.67,6.65,6.68,6.55,10504927.0
3655,2017-12-07,6.63,6.65,6.67,6.6,6431757.0
3656,2017-12-08,6.64,6.79,6.87,6.64,12258102.0
3657,2017-12-11,6.76,6.79,6.81,6.71,7589713.0
3658,2017-12-12,6.79,6.74,6.81,6.72,7036567.0
3659,2017-12-13,6.76,6.79,6.81,6.74,5265609.0
3660,2017-12-14,6.8,6.73,6.8,6.7,5948512.0
3661,2017-12-15,6.73,6.74,6.77,6.71,5685662.0
3662,2017-12-18,6.73,6.71,6.78,6.67,9684214.0
3663,2017-12-19,6.7,6.72,6.74,6.68,9208013.0
3664,2017-12-20,6.73,6.66,6.74,6.64,6714296.0
3665,2017-12-21,6.66,6.65,6.7,6.58,7400860.0
3666,2017-12-22,6.66,6.59,6.68,6.59,7146422.0
3667,2017-12-25,6.59,6.54,6.68,6.5,7905405.0
3668,2017-12-26,6.52,6.58,6.59,6.5,7282327.0
3669,2017-12-27,6.57,6.55,6.61,6.54,4754358.0
3670,2017-12-28,6.58,6.57,6.6,6.54,6651919.0
3671,2017-12-29,6.59,6.62,6.64,6.56,6213035.0
3672,2018-01-02,6.63,6.8,6.85,6.61,23299996.0
3673,2018-01-03,6.81,6.81,6.81,6.75,10224447.0
3674,2018-01-04,6.79,6.79,6.82,6.76,7631911.0
3675,2018-01-05,6.79,6.95,7.01,6.78,26101690.0
3676,2018-01-08,6.95,6.99,7.07,6.89,22995407.0
3677,2018-01-09,6.96,7.01,7.03,6.96,12497955.0
3678,2018-01-10,6.98,6.89,7.0,6.83,13323904.0
3679,2018-01-11,6.89,6.92,6.92,6.83,9610114.0
3680,2018-01-12,6.93,7.04,7.16,6.88,29825771.0
3681,2018-01-15,7.02,6.82,7.03,6.81,20132132.0
3682,2018-01-16,6.8,7.06,7.08,6.8,23318799.0
3683,2018-01-17,7.04,7.04,7.18,7.02,32262700.0
3684,2018-01-18,7.0,7.08,7.1,6.98,16763973.0
3685,2018-01-19,7.04,7.0,7.12,6.99,13124225.0
3686,2018-01-22,7.0,7.0,7.01,6.92,11082773.0
3687,2018-01-23,6.97,7.0,7.02,6.97,10879286.0
3688,2018-01-24,7.0,7.03,7.14,6.99,14130396.0
3689,2018-01-25,7.06,6.97,7.08,6.96,14923203.0
3690,2018-01-26,6.96,6.99,7.03,6.96,8831350.0
3691,2018-01-29,7.0,6.97,7.07,6.94,12174793.0
3692,2018-01-30,6.94,6.97,7.01,6.94,6862462.0
3693,2018-01-31,6.96,6.79,6.96,6.75,13939062.0
3694,2018-02-01,6.8,6.54,6.8,6.53,17405839.0
3695,2018-02-02,6.55,6.51,6.58,6.46,14568953.0
3696,2018-02-05,6.48,6.54,6.56,6.43,9400851.0
3697,2018-02-06,6.48,6.23,6.48,6.2,16727318.0
3698,2018-02-07,6.32,6.38,6.4,6.13,15484970.0
3699,2018-02-08,6.31,6.47,6.48,6.22,9066114.0
3700,2018-02-09,6.34,6.31,6.39,6.16,14636001.0
3701,2018-02-12,6.35,6.41,6.46,6.35,10123937.0
3702,2018-02-13,6.41,6.37,6.49,6.34,8939150.0
3703,2018-02-14,6.38,6.37,6.43,6.32,4986989.0
3704,2018-02-22,6.39,6.43,6.44,6.39,4909055.0
3705,2018-02-23,6.43,6.45,6.47,6.4,6986135.0
3706,2018-02-26,6.44,6.51,6.52,6.44,9818859.0
3707,2018-02-27,6.51,6.51,6.53,6.45,8716912.0
3708,2018-02-28,6.49,6.5,6.54,6.42,12271290.0
3709,2018-03-01,6.49,6.65,6.66,6.45,17950941.0
3710,2018-03-02,6.59,6.95,7.14,6.58,54548259.0
3711,2018-03-05,6.83,6.76,6.84,6.68,28536733.0
3712,2018-03-06,6.77,6.82,6.85,6.69,19252297.0
3713,2018-03-07,6.79,6.73,6.81,6.71,11866448.0
3714,2018-03-08,6.72,6.74,6.78,6.72,7632215.0
3715,2018-03-09,6.74,6.76,6.81,6.72,10014845.0
3716,2018-03-12,6.76,6.84,6.93,6.74,17997122.0
3717,2018-03-13,6.84,6.77,6.84,6.76,10072142.0
3718,2018-03-14,6.75,6.71,6.8,6.69,8930858.0
3719,2018-03-15,6.68,6.67,6.74,6.62,9704026.0
3720,2018-03-16,6.67,6.7,6.73,6.64,9217817.0
3721,2018-03-19,6.66,6.69,6.73,6.66,6372759.0
3722,2018-03-20,6.7,6.85,6.89,6.7,32198234.0
3723,2018-03-21,6.84,6.77,6.86,6.76,20447346.0
3724,2018-03-22,6.75,6.79,6.84,6.72,14357852.0
3725,2018-03-23,6.6,6.3,6.68,6.21,27311064.0
3726,2018-03-26,6.23,6.31,6.36,5.86,20193823.0
3727,2018-03-27,6.33,6.38,6.41,6.31,16289728.0
3728,2018-03-28,6.32,6.36,6.38,6.26,12643489.0
3729,2018-03-29,6.34,6.39,6.43,6.3,11862735.0
3730,2018-03-30,6.41,6.41,6.46,6.37,9114557.0
3731,2018-04-02,6.41,6.39,6.44,6.38,7934357.0
3732,2018-04-03,6.34,6.35,6.38,6.23,10528245.0
3733,2018-04-04,6.34,6.34,6.36,6.27,12059725.0
3734,2018-04-09,6.29,6.34,6.35,6.26,7104078.0
3735,2018-04-10,6.33,6.41,6.44,6.28,9309695.0
3736,2018-04-11,6.39,6.42,6.43,6.36,8047005.0
3737,2018-04-12,6.38,6.44,6.47,6.38,9240367.0
3738,2018-04-13,6.42,6.45,6.49,6.42,6726709.0
3739,2018-04-16,6.45,6.37,6.49,6.23,16033316.0
3740,2018-04-17,6.42,6.35,6.42,6.3,9796857.0
3741,2018-04-18,6.38,6.36,6.39,6.27,8433369.0
3742,2018-04-19,6.35,6.32,6.37,6.31,8303364.0
3743,2018-04-20,6.32,6.34,6.36,6.2,12311359.0
3744,2018-04-23,6.23,6.34,6.36,6.21,9729598.0
3745,2018-04-24,6.3,6.38,6.43,6.28,8139472.0
3746,2018-04-25,6.38,6.36,6.4,6.36,5084468.0
3747,2018-04-26,6.39,6.36,6.43,6.32,5595384.0
3748,2018-04-27,6.36,6.34,6.36,6.27,3710245.0
3749,2018-05-02,6.37,6.34,6.37,6.31,4094866.0
3750,2018-05-03,6.33,6.38,6.41,6.3,4802017.0
3751,2018-05-04,6.38,6.41,6.42,6.35,6281303.0
3752,2018-05-07,6.38,6.46,6.47,6.38,8664428.0
3753,2018-05-08,6.46,6.44,6.48,6.41,7000387.0
3754,2018-05-09,6.47,6.42,6.47,6.4,5944880.0
3755,2018-05-10,6.44,6.41,6.45,6.39,6056219.0
3756,2018-05-11,6.43,6.39,6.43,6.38,5523469.0
3757,2018-05-14,6.38,6.36,6.39,6.33,6827062.0
3758,2018-05-15,6.34,6.37,6.38,6.29,9644686.0
3759,2018-05-16,6.36,6.34,6.36,6.27,9617121.0
3760,2018-05-17,6.31,6.34,6.36,6.29,7118743.0
3761,2018-05-18,6.33,6.36,6.37,6.31,5357547.0
3762,2018-05-21,6.36,6.4,6.43,6.36,8392764.0
3763,2018-05-22,6.41,6.45,6.54,6.41,14833520.0
3764,2018-05-23,6.43,6.37,6.45,6.35,9212617.0
3765,2018-05-24,6.35,6.37,6.38,6.32,6849018.0
3766,2018-05-25,6.37,6.35,6.37,6.28,6797872.0
3767,2018-05-28,6.35,6.34,6.35,6.27,9463371.0
3768,2018-05-29,6.3,6.4,6.42,6.29,12960294.0
3769,2018-05-30,6.35,6.34,6.36,6.23,10955262.0
3770,2018-05-31,6.32,6.38,6.38,6.28,8555706.0
3771,2018-06-01,6.38,6.35,6.38,6.31,5331345.0
3772,2018-06-04,6.37,6.42,6.43,6.31,6802307.0
3773,2018-06-05,6.42,6.43,6.43,6.37,5144512.0
3774,2018-06-06,6.42,6.51,6.52,6.38,14942721.0
3775,2018-06-07,6.5,6.58,6.62,6.45,15034533.0
3776,2018-06-08,6.56,6.55,6.63,6.5,14426956.0
3777,2018-06-11,6.53,6.68,6.69,6.43,19894837.0
3778,2018-06-12,6.63,6.71,6.75,6.63,22816219.0
3779,2018-06-13,6.71,6.57,6.72,6.56,13214004.0
3780,2018-06-14,6.51,6.53,6.58,6.47,13031019.0
3781,2018-06-15,6.49,6.47,6.53,6.39,10559529.0
3782,2018-06-19,6.36,6.07,6.39,5.98,11524221.0
3783,2018-06-20,5.98,6.28,6.3,5.98,12125468.0
3784,2018-06-21,6.21,6.25,6.29,6.15,6868422.0
3785,2018-06-22,6.24,6.26,6.28,6.16,6327443.0
3786,2018-06-25,6.33,6.27,6.35,6.15,17132840.0
3787,2018-06-26,6.2,6.17,6.21,6.12,7634500.0
3788,2018-06-27,6.2,6.12,6.2,6.1,3726765.0
3789,2018-06-28,6.1,6.01,6.14,5.98,7026411.0
3790,2018-06-29,6.01,6.06,6.08,5.97,9501231.0
3791,2018-07-02,6.06,6.01,6.07,5.97,6269795.0
3792,2018-07-03,6.05,6.04,6.06,5.95,4323455.0
3793,2018-07-04,6.03,6.03,6.07,6.0,2618642.0
3794,2018-07-05,5.92,5.81,5.92,5.8,4593641.0
3795,2018-07-06,5.82,5.84,5.88,5.76,3115803.0
3796,2018-07-09,5.83,5.87,5.9,5.83,3570881.0
3797,2018-07-10,5.87,5.9,5.93,5.85,2754947.0
3798,2018-07-11,5.87,5.74,5.87,5.62,4499255.0
3799,2018-07-12,5.74,5.8,5.84,5.65,3549161.0
3800,2018-07-13,5.79,5.8,5.87,5.79,2784901.0
3801,2018-07-16,5.8,5.75,5.8,5.72,1880313.0
3802,2018-07-17,5.78,5.74,5.79,5.71,2669732.0
3803,2018-07-18,5.73,5.74,5.76,5.45,4634745.0
3804,2018-07-19,5.75,5.71,5.75,5.61,4382150.0
3805,2018-07-20,5.66,5.76,5.8,5.66,3166460.0
3806,2018-07-23,5.75,5.8,5.81,5.7,4418868.0
3807,2018-07-24,5.78,5.9,5.91,5.78,7645515.0
3808,2018-07-25,5.89,5.96,5.99,5.86,8276412.0
3809,2018-07-26,5.93,5.93,5.99,5.91,5153813.0
3810,2018-07-27,5.91,5.93,5.98,5.89,4564384.0
3811,2018-07-30,5.86,5.87,5.93,5.86,3782031.0
3812,2018-07-31,5.87,5.88,5.93,5.65,2997435.0
3813,2018-08-01,5.88,5.82,5.93,5.82,3078046.0
3814,2018-08-02,5.76,5.77,5.79,5.62,5082540.0
3815,2018-08-03,5.76,5.72,5.79,5.71,2774495.0
3816,2018-08-06,5.7,5.71,5.75,5.63,3172016.0
3817,2018-08-07,5.71,5.79,5.8,5.67,2950182.0
3818,2018-08-08,5.72,5.75,5.78,5.71,2286674.0
3819,2018-08-09,5.74,5.8,5.83,5.71,4901561.0
3820,2018-08-10,5.81,5.82,5.87,5.75,4252271.0
3821,2018-08-13,5.81,5.78,5.81,5.75,2696299.0
3822,2018-08-14,5.77,5.8,5.84,5.77,2859849.0
3823,2018-08-15,5.82,5.73,5.84,5.72,2403327.0
3824,2018-08-16,5.7,5.72,5.73,5.63,6164241.0
3825,2018-08-17,5.71,5.71,5.73,5.64,7381731.0
3826,2018-08-20,5.68,5.71,5.71,5.64,5751124.0
3827,2018-08-21,5.63,5.7,5.71,5.6,7611138.0
3828,2018-08-22,5.64,5.71,5.73,5.64,5035899.0
3829,2018-08-23,5.66,5.7,5.72,5.66,3597068.0
3830,2018-08-24,5.7,5.69,5.7,5.66,2878261.0
3831,2018-08-27,5.82,5.88,6.0,5.81,24594275.0
3832,2018-08-28,5.84,5.82,5.88,5.81,8797338.0
3833,2018-08-29,5.81,5.75,5.83,5.75,5591603.0
3834,2018-08-30,5.78,5.78,5.82,5.74,8424575.0
3835,2018-08-31,5.8,5.7,5.83,5.7,4853139.0
3836,2018-09-03,5.7,5.73,5.74,5.63,4802241.0
3837,2018-09-04,5.71,5.75,5.77,5.7,2142468.0
3838,2018-09-05,5.73,5.7,5.77,5.7,3188734.0
3839,2018-09-06,5.7,5.68,5.73,5.6,5197029.0
3840,2018-09-07,5.69,5.69,5.71,5.66,2300272.0
3841,2018-09-10,5.71,5.67,5.72,5.64,2805478.0
3842,2018-09-11,5.67,5.68,5.68,5.61,3075772.0
3843,2018-09-12,5.68,5.67,5.71,5.64,2823229.0
3844,2018-09-13,5.71,5.69,5.71,5.65,2807331.0
3845,2018-09-14,5.69,5.68,5.71,5.65,2085587.0
3846,2018-09-17,5.68,5.67,5.68,5.6,3266240.0
3847,2018-09-18,5.62,5.68,5.69,5.6,4063054.0
3848,2018-09-19,5.68,5.76,5.77,5.64,7988056.0
3849,2018-09-20,5.78,5.75,5.8,5.7,5208883.0
3850,2018-09-21,5.75,5.82,5.85,5.72,6247019.0
3851,2018-09-25,5.78,5.74,5.82,5.74,5678693.0
3852,2018-09-26,5.78,5.74,5.8,5.73,3005962.0
3853,2018-09-27,5.72,5.7,5.75,5.7,3698775.0
3854,2018-09-28,5.69,5.77,5.79,5.69,4077683.0
3855,2018-10-08,5.73,5.68,5.74,5.65,3843878.0
3856,2018-10-09,5.77,5.71,5.77,5.6,2262525.0
3857,2018-10-10,5.71,5.71,5.75,5.67,1615753.0
3858,2018-10-11,5.62,5.35,5.68,5.22,8777507.0
3859,2018-10-12,5.3,5.39,5.4,5.18,3436208.0
3860,2018-10-15,5.32,5.38,5.47,5.32,3601810.0
3861,2018-10-16,5.36,5.34,5.42,5.19,4013098.0
3862,2018-10-17,5.34,5.37,5.44,5.25,3245706.0
3863,2018-10-18,5.26,5.36,5.36,5.17,4902596.0
3864,2018-10-19,5.28,5.41,5.48,5.27,8120841.0
3865,2018-10-22,5.4,5.6,5.62,5.38,8971674.0
3866,2018-10-23,5.63,5.51,5.65,5.5,4061923.0
3867,2018-10-24,5.5,5.49,5.55,5.46,2531028.0
3868,2018-10-25,5.44,5.44,5.45,5.22,2359384.0
3869,2018-10-26,5.5,5.49,5.57,5.45,4465997.0
3870,2018-10-29,5.5,5.5,5.58,5.45,4522021.0
3871,2018-10-30,5.5,5.64,5.85,5.46,9626182.0
3872,2018-10-31,5.63,5.63,5.72,5.6,7023374.0
3873,2018-11-01,5.7,5.8,5.88,5.69,21574759.0
3874,2018-11-02,5.86,6.05,6.15,5.86,33015434.0
3875,2018-11-05,6.01,6.04,6.1,5.98,15403371.0
3876,2018-11-06,6.04,6.14,6.21,6.03,22238294.0
3877,2018-11-07,6.08,6.04,6.14,5.99,20835451.0
3878,2018-11-08,6.1,6.01,6.11,5.95,21206107.0
3879,2018-11-09,6.02,5.99,6.02,5.97,15228879.0
3880,2018-11-12,6.03,6.07,6.1,5.96,22616475.0
3881,2018-11-13,6.03,6.33,6.45,6.02,47271569.0
3882,2018-11-14,6.24,6.4,6.57,6.15,58562446.0
3883,2018-11-15,6.38,6.57,6.75,6.34,52831133.0
3884,2018-11-16,6.49,6.63,6.7,6.48,66113946.0
3885,2018-11-19,6.64,6.73,6.88,6.45,61370233.0
3886,2018-11-20,6.6,6.39,6.75,6.38,39246435.0
3887,2018-11-21,6.27,6.49,6.55,6.27,20420161.0
3888,2018-11-22,6.47,6.49,6.65,6.47,19908735.0
3889,2018-11-23,6.47,6.35,6.53,6.27,20620467.0
3890,2018-11-26,6.38,6.33,6.4,6.3,12556663.0
3891,2018-11-27,6.45,6.36,6.45,6.26,13162799.0
3892,2018-11-28,6.35,6.37,6.43,6.3,12249830.0
3893,2018-11-29,6.4,6.18,6.45,6.16,15404601.0
3894,2018-11-30,6.15,6.3,6.34,6.14,12299847.0
3895,2018-12-03,6.41,6.46,6.52,6.35,18144931.0
3896,2018-12-04,6.48,6.45,6.5,6.41,8282658.0
3897,2018-12-05,6.41,6.36,6.47,6.36,8733046.0
3898,2018-12-06,6.36,6.25,6.4,6.21,10317669.0
3899,2018-12-07,6.3,6.18,6.31,6.17,6498332.0
3900,2018-12-10,6.24,6.16,6.24,6.1,5078476.0
3901,2018-12-11,6.16,6.09,6.19,6.07,5247298.0
3902,2018-12-12,6.1,6.16,6.3,6.09,7203794.0
3903,2018-12-13,6.19,6.15,6.21,6.05,7640741.0
3904,2018-12-14,6.18,6.08,6.18,6.07,5032325.0
3905,2018-12-17,6.07,6.09,6.14,6.02,6084094.0
3906,2018-12-18,6.14,6.04,6.16,6.03,5756422.0
3907,2018-12-19,6.04,5.96,6.08,5.95,8044346.0
3908,2018-12-20,5.96,5.96,6.01,5.9,4921140.0
3909,2018-12-21,6.0,5.93,6.0,5.91,4724780.0
3910,2018-12-24,5.92,5.96,5.99,5.92,4683522.0
3911,2018-12-25,5.91,5.89,5.95,5.76,7068554.0
3912,2018-12-26,5.89,5.91,5.96,5.89,4463970.0
3913,2018-12-27,6.06,5.85,6.06,5.83,5451975.0
3914,2018-12-28,5.84,6.06,6.11,5.83,11309106.0
3915,2019-01-02,6.06,5.92,6.06,5.91,6208633.0
3916,2019-01-03,5.93,5.9,6.0,5.89,4618181.0
3917,2019-01-04,5.87,6.02,6.03,5.86,8757867.0
3918,2019-01-07,6.03,6.12,6.14,6.03,8836157.0
3919,2019-01-08,6.12,6.08,6.15,6.08,4658712.0
3920,2019-01-09,6.1,6.11,6.18,6.07,6640935.0
3921,2019-01-10,6.09,6.16,6.23,6.06,12388482.0
3922,2019-01-11,6.2,6.2,6.2,6.12,5384064.0
3923,2019-01-14,6.2,6.11,6.2,6.06,6286899.0
3924,2019-01-15,6.11,6.16,6.16,6.03,4632757.0
3925,2019-01-16,6.15,6.12,6.18,6.09,3605022.0
3926,2019-01-17,6.16,6.16,6.18,6.11,5081767.0
3927,2019-01-18,6.12,6.12,6.16,6.09,4494117.0
3928,2019-01-21,6.15,6.19,6.22,6.14,5968383.0
3929,2019-01-22,6.22,6.03,6.23,6.03,7981770.0
3930,2019-01-23,6.04,6.08,6.15,6.04,5097117.0
3931,2019-01-24,6.09,6.09,6.16,6.06,7050080.0
3932,2019-01-25,6.15,6.05,6.19,6.04,4039697.0
3933,2019-01-28,6.07,6.02,6.12,6.0,4836568.0
3934,2019-01-29,6.02,5.96,6.05,5.92,3914735.0
3935,2019-01-30,5.98,5.95,6.01,5.88,3089209.0
3936,2019-01-31,5.93,5.82,6.0,5.77,4917001.0
3937,2019-02-01,5.86,5.9,5.91,5.77,4523283.0
3938,2019-02-11,5.9,5.95,5.98,5.86,5897442.0
3939,2019-02-12,5.98,5.95,6.01,5.92,6815813.0
3940,2019-02-13,5.96,6.03,6.06,5.95,7271989.0
3941,2019-02-14,6.05,6.09,6.1,6.0,8296007.0
3942,2019-02-15,6.07,6.3,6.55,5.98,35698359.0
3943,2019-02-18,6.25,6.37,6.39,6.17,26177404.0
3944,2019-02-19,6.34,6.31,6.4,6.29,14981634.0
3945,2019-02-20,6.31,6.31,6.38,6.23,10958638.0
3946,2019-02-21,6.31,6.21,6.35,6.2,13397782.0
3947,2019-02-22,6.27,6.28,6.29,6.19,14811484.0
3948,2019-02-25,6.3,6.47,6.48,6.28,39305376.0
3949,2019-02-26,6.46,6.42,6.55,6.41,31170082.0
3950,2019-02-27,6.42,6.4,6.52,6.38,23885985.0
3951,2019-02-28,6.4,6.42,6.48,6.37,11670382.0
3952,2019-03-01,6.47,6.44,6.5,6.39,11077769.0
3953,2019-03-04,6.52,6.46,6.59,6.42,28180213.0
3954,2019-03-05,6.46,6.57,6.57,6.43,21004315.0
3955,2019-03-06,6.6,6.7,6.74,6.54,39153695.0
3956,2019-03-07,6.77,6.79,6.84,6.66,34769928.0
3957,2019-03-08,6.67,6.39,6.79,6.39,30888611.0
3958,2019-03-11,6.39,6.61,6.62,6.39,25586502.0
3959,2019-03-12,6.67,6.61,6.74,6.51,51660081.0
3960,2019-03-13,6.64,6.54,6.87,6.54,73568318.0
3961,2019-03-14,6.55,6.32,6.67,6.28,55253205.0
3962,2019-03-15,6.36,6.44,6.44,6.29,28622980.0
3963,2019-03-18,6.44,6.6,6.64,6.43,32611142.0
3964,2019-03-19,6.6,6.8,6.82,6.56,51284462.0
3965,2019-03-20,6.74,6.73,6.82,6.65,37056960.0
3966,2019-03-21,6.76,6.93,6.99,6.75,52413421.0
3967,2019-03-22,6.97,6.91,6.97,6.75,38349438.0
3968,2019-03-25,6.8,6.88,7.01,6.7,37320857.0
3969,2019-03-26,6.98,6.66,6.98,6.6,35227396.0
3970,2019-03-27,6.69,6.68,6.73,6.57,22380734.0
3971,2019-03-28,6.71,6.54,6.72,6.46,25220669.0
3972,2019-03-29,6.53,6.75,6.79,6.53,24339386.0
3973,2019-04-01,6.78,6.92,6.92,6.75,28990803.0
3974,2019-04-02,6.93,6.99,6.99,6.89,31479332.0
3975,2019-04-03,6.95,7.01,7.2,6.93,56529251.0
3976,2019-04-04,7.07,7.0,7.07,6.96,29998614.0
3977,2019-04-08,7.02,6.98,7.17,6.88,37520578.0
3978,2019-04-09,7.03,7.07,7.08,6.94,30592614.0
3979,2019-04-10,7.0,7.22,7.49,6.93,54545429.0
3980,2019-04-11,7.26,7.21,7.45,7.17,41727613.0
3981,2019-04-12,7.25,7.12,7.25,7.09,24117977.0
3982,2019-04-15,7.17,7.06,7.26,7.06,17459595.0
3983,2019-04-16,7.1,7.55,7.55,7.02,66037882.0
3984,2019-04-17,7.55,7.44,7.55,7.39,47152536.0
3985,2019-04-18,7.46,7.19,7.54,7.15,58155932.0
3986,2019-04-19,7.22,7.36,7.41,7.15,52530320.0
3987,2019-04-22,7.36,7.55,7.55,7.11,65915444.0
3988,2019-04-23,7.39,7.13,7.45,7.13,52606240.0
3989,2019-04-24,7.14,7.12,7.19,7.05,26564803.0
3990,2019-04-25,7.09,6.83,7.12,6.82,27396159.0
3991,2019-04-26,6.78,6.69,6.86,6.68,19106408.0
3992,2019-04-29,6.68,6.51,6.74,6.49,17525412.0
3993,2019-04-30,6.48,6.59,6.68,6.47,10365700.0
3994,2019-05-06,6.48,6.09,6.48,6.02,22750264.0
3995,2019-05-07,6.15,6.19,6.24,6.08,15064253.0
3996,2019-05-08,6.08,6.08,6.25,6.03,11932425.0
3997,2019-05-09,6.06,6.11,6.15,6.06,8228432.0
3998,2019-05-10,6.14,6.27,6.29,6.08,14044192.0
3999,2019-05-13,6.24,6.19,6.29,6.17,11673342.0
4000,2019-05-14,6.13,6.17,6.23,6.12,8089018.0
4001,2019-05-15,6.23,6.27,6.3,6.19,13258341.0
4002,2019-05-16,6.28,6.32,6.43,6.24,19670816.0
4003,2019-05-17,6.33,6.18,6.37,6.15,15247357.0
4004,2019-05-20,6.22,6.44,6.54,6.11,26588932.0
4005,2019-05-21,6.41,6.41,6.47,6.37,12418579.0
4006,2019-05-22,6.44,6.38,6.48,6.32,9580762.0
4007,2019-05-23,6.35,6.39,6.52,6.35,9277142.0
4008,2019-05-24,6.37,6.26,6.45,6.26,11126405.0
4009,2019-05-27,6.3,6.39,6.41,6.25,9158758.0
4010,2019-05-28,6.49,6.38,6.49,6.37,9329986.0
4011,2019-05-29,6.4,6.45,6.5,6.38,9109402.0
4012,2019-05-30,6.37,6.39,6.41,6.28,10068956.0
4013,2019-05-31,6.38,6.35,6.46,6.31,8180739.0
4014,2019-06-03,6.35,6.32,6.44,6.27,6259600.0
4015,2019-06-04,6.36,6.24,6.37,6.23,6202347.0
4016,2019-06-05,6.31,6.26,6.33,6.24,5026135.0
4017,2019-06-06,6.21,6.18,6.26,6.15,7255660.0
4018,2019-06-10,6.19,6.23,6.23,5.95,11844153.0
4019,2019-06-11,6.24,6.41,6.43,6.21,13708976.0
4020,2019-06-12,6.41,6.46,6.56,6.38,17777313.0
4021,2019-06-13,6.45,6.39,6.51,6.31,10305578.0
4022,2019-06-14,6.37,6.35,6.44,6.3,8285507.0
4023,2019-06-17,6.36,6.29,6.37,6.25,6157047.0
4024,2019-06-18,6.28,6.32,6.36,6.26,5808201.0
4025,2019-07-03,6.95,6.95,6.95,6.86,35896456.0
4026,2019-07-04,7.1,6.98,7.25,6.93,115638783.0
4027,2019-07-05,6.51,6.46,6.68,6.38,52485261.0
4028,2019-07-08,6.42,6.35,6.54,6.24,36726757.0
4029,2019-07-09,6.35,6.32,6.44,6.28,21369149.0
4030,2019-07-10,6.32,6.19,6.36,6.17,21598825.0
4031,2019-07-11,6.21,6.2,6.27,6.16,11629629.0
4032,2019-07-12,6.21,6.31,6.31,6.11,13327199.0
4033,2019-07-15,6.28,6.31,6.38,6.27,13732176.0
4034,2019-07-16,6.31,6.34,6.37,6.28,9792703.0
4035,2019-07-17,6.34,6.37,6.46,6.29,10464214.0
4036,2019-07-18,6.3,6.22,6.42,6.2,11555939.0
4037,2019-07-19,6.23,6.28,6.37,6.23,6716708.0
4038,2019-07-22,6.24,6.11,6.35,6.09,11623602.0
4039,2019-07-23,6.01,6.15,6.21,6.01,9565037.0
4040,2019-07-24,6.11,6.13,6.25,6.1,10147238.0
4041,2019-07-25,6.14,6.12,6.2,6.08,9636675.0
4042,2019-07-26,6.15,6.09,6.16,6.08,6727545.0
4043,2019-07-29,6.12,6.02,6.12,6.0,13458450.0
4044,2019-07-30,6.05,6.0,6.05,5.95,20424869.0
4045,2019-07-31,5.98,5.93,6.08,5.9,14090555.0
4046,2019-08-01,5.93,5.84,5.96,5.84,10225660.0
4047,2019-08-02,5.74,5.76,5.78,5.56,18563930.0
4048,2019-08-05,5.75,5.71,5.84,5.7,10869451.0
4049,2019-08-06,5.67,5.61,5.69,5.51,9719840.0
4050,2019-08-07,5.61,5.58,5.76,5.55,10861276.0
4051,2019-08-08,5.61,5.58,5.67,5.58,10187582.0
4052,2019-08-09,5.6,5.48,5.65,5.44,9795577.0
4053,2019-08-12,5.48,5.54,5.55,5.47,7729134.0
4054,2019-08-13,5.56,5.54,5.56,5.48,3635352.0
4055,2019-08-14,5.58,5.55,5.6,5.53,5581384.0
4056,2019-08-15,5.43,5.49,5.52,5.3,4960747.0
4057,2019-08-16,5.52,5.49,5.57,5.47,8789163.0
4058,2019-08-19,5.53,5.63,5.63,5.53,9443481.0
4059,2019-08-20,5.66,5.62,5.66,5.59,9144946.0
4060,2019-08-21,5.58,5.64,5.64,5.58,3867934.0
4061,2019-08-22,5.68,5.6,5.68,5.59,7813683.0
4062,2019-08-23,5.65,5.54,5.65,5.53,7076180.0
4063,2019-08-26,5.47,5.4,5.47,5.35,18687160.0
4064,2019-08-27,5.76,5.94,5.94,5.76,61769512.0
4065,2019-08-28,5.96,6.07,6.34,5.89,123648212.0
4066,2019-08-29,5.94,6.03,6.17,5.88,62924341.0
4067,2019-08-30,6.04,5.83,6.1,5.81,34774119.0
4068,2019-09-02,5.8,6.17,6.25,5.8,65381604.0
4069,2019-09-03,6.18,6.18,6.24,6.07,25569545.0
4070,2019-09-04,6.23,6.14,6.24,6.06,21182405.0
4071,2019-09-05,6.19,6.17,6.28,6.16,28581919.0
4072,2019-09-06,6.17,6.12,6.23,6.08,24589193.0
4073,2019-09-09,6.19,6.25,6.29,6.15,32178797.0
4074,2019-09-10,6.29,6.26,6.33,6.23,28101771.0
4075,2019-09-11,6.28,6.39,6.4,6.25,35915317.0
4076,2019-09-12,6.38,6.33,6.49,6.3,25496643.0
4077,2019-09-16,6.39,6.32,6.4,6.31,22060729.0
4078,2019-09-17,6.34,6.12,6.36,6.09,23399234.0
4079,2019-09-18,6.15,6.2,6.2,6.13,14049716.0
4080,2019-09-19,6.27,6.4,6.44,6.21,37333868.0
4081,2019-09-20,6.33,6.33,6.45,6.3,20012937.0
4082,2019-09-23,6.26,6.3,6.35,6.2,19429013.0
4083,2019-09-24,6.29,6.22,6.33,6.21,13131682.0
4084,2019-09-25,6.23,6.07,6.23,6.05,19111350.0
4085,2019-09-26,6.12,6.09,6.24,6.03,20722400.0
4086,2019-09-27,6.03,6.32,6.36,6.03,27822431.0
4087,2019-09-30,6.38,6.21,6.38,6.15,15987119.0
4088,2019-10-08,6.21,6.36,6.38,6.21,29897640.0
4089,2019-10-09,6.38,6.4,6.4,6.25,28101902.0
4090,2019-10-10,6.4,6.37,6.45,6.32,18031443.0
4091,2019-10-11,6.36,6.48,6.58,6.35,31917435.0
4092,2019-10-14,6.6,6.62,6.67,6.47,36308237.0
4093,2019-10-15,6.58,6.66,6.76,6.56,28069432.0
4094,2019-10-16,6.67,6.51,6.69,6.49,24536132.0
4095,2019-10-17,6.54,6.56,6.69,6.51,27100528.0
4096,2019-10-18,6.57,6.45,6.65,6.4,25559963.0
4097,2019-10-21,6.44,6.37,6.52,6.28,30191699.0
4098,2019-10-22,6.46,6.39,6.48,6.37,16968644.0
4099,2019-10-23,6.25,6.22,6.39,6.2,28147293.0
4100,2019-10-24,6.22,6.56,6.68,6.22,43439338.0
4101,2019-10-25,6.58,6.57,6.6,6.49,19599675.0
4102,2019-10-28,6.7,6.79,6.88,6.69,47516469.0
4103,2019-10-29,6.84,6.74,6.85,6.7,21078624.0
4104,2019-10-30,6.66,6.74,6.88,6.66,25189593.0
4105,2019-10-31,6.72,6.65,6.77,6.63,23115182.0
4106,2019-11-01,6.69,6.7,6.8,6.61,25474164.0
4107,2019-11-04,6.72,6.67,6.84,6.6,28906713.0
4108,2019-11-05,6.67,6.7,6.73,6.57,19574640.0
4109,2019-11-06,6.85,6.65,7.1,6.61,56935027.0
4110,2019-11-07,6.54,6.58,6.67,6.47,28382035.0
4111,2019-11-08,6.58,6.47,6.65,6.43,23167047.0
4112,2019-11-11,6.47,6.41,6.53,6.4,14759253.0
4113,2019-11-12,6.43,6.5,6.59,6.35,19330855.0
4114,2019-11-13,6.47,6.31,6.47,6.28,16658649.0
4115,2019-11-14,6.33,6.34,6.38,6.31,8630365.0
4116,2019-11-15,6.3,6.21,6.36,6.2,10547404.0
4117,2019-11-18,6.28,6.46,6.54,6.2,23037329.0
4118,2019-11-19,6.47,6.46,6.5,6.38,16263145.0
4119,2019-11-20,6.42,6.33,6.44,6.3,15541029.0
4120,2019-11-21,6.34,6.3,6.35,6.25,11606400.0
4121,2019-11-22,6.26,6.38,6.47,6.26,22905521.0
4122,2019-11-25,6.44,6.25,6.44,6.25,28202836.0
4123,2019-11-26,6.22,6.35,6.44,6.22,31798904.0
4124,2019-11-27,6.3,6.27,6.3,6.2,26603709.0
4125,2019-11-28,6.2,6.16,6.26,6.13,25161933.0
4126,2019-11-29,6.18,6.16,6.2,6.13,10786321.0
4127,2019-12-02,6.19,6.13,6.23,6.1,26105411.0
4128,2019-12-03,6.1,6.18,6.19,6.07,17852311.0
4129,2019-12-04,6.19,6.21,6.21,6.13,13223386.0
4130,2019-12-05,6.21,6.19,6.21,6.15,23898983.0
4131,2019-12-06,6.18,6.2,6.21,6.15,13633791.0
4132,2019-12-09,6.21,6.19,6.25,6.18,21241070.0
4133,2019-12-10,6.19,6.14,6.2,6.14,18988541.0
4134,2019-12-11,6.18,6.17,6.19,6.12,17055461.0
4135,2019-12-12,6.18,6.2,6.23,6.16,19529486.0
4136,2019-12-13,6.24,6.26,6.27,6.19,24973537.0
4137,2019-12-16,6.25,6.33,6.33,6.22,31998707.0
4138,2019-12-17,6.3,6.42,6.48,6.26,35354574.0
4139,2019-12-18,6.43,6.41,6.47,6.37,28957331.0
4140,2019-12-19,6.41,6.44,6.45,6.39,25939485.0
4141,2019-12-20,6.43,6.41,6.47,6.41,24874214.0
4142,2019-12-23,6.41,6.36,6.48,6.34,30170369.0
4143,2019-12-24,6.34,6.46,6.47,6.32,21705878.0
4144,2019-12-25,6.45,6.59,6.61,6.42,33748905.0
4145,2019-12-26,6.59,6.59,6.65,6.55,22182185.0
4146,2019-12-27,6.59,6.62,6.65,6.56,28830498.0
4147,2019-12-30,6.62,6.81,6.86,6.59,50147257.0
4148,2019-12-31,6.82,6.7,6.84,6.67,33556727.0
4149,2020-01-02,6.75,6.79,6.87,6.73,36890609.0
4150,2020-01-03,6.78,6.85,6.86,6.71,32772312.0
4151,2020-01-06,6.78,6.81,6.88,6.7,33570930.0
4152,2020-01-07,6.8,6.8,6.86,6.75,27268157.0
4153,2020-01-08,6.79,6.74,6.79,6.68,26471898.0
4154,2020-01-09,6.75,7.05,7.26,6.74,75127035.0
4155,2020-01-10,7.05,6.91,7.09,6.87,40249942.0
4156,2020-01-13,7.05,6.98,7.06,6.92,32475684.0
4157,2020-01-14,6.98,7.06,7.08,6.95,38825289.0
4158,2020-01-15,7.04,6.97,7.1,6.92,35726512.0
4159,2020-01-16,7.0,6.88,7.02,6.88,26841594.0
4160,2020-01-17,6.92,6.93,6.98,6.77,32907913.0
4161,2020-01-20,7.0,6.9,7.0,6.8,32904335.0
4162,2020-01-21,6.92,6.76,6.92,6.75,22536229.0
4163,2020-01-22,6.7,6.69,6.74,6.56,27133059.0
4164,2020-01-23,6.65,6.54,6.68,6.42,29029940.0
4165,2020-02-03,5.89,5.89,6.09,5.89,60564265.0
4166,2020-02-04,5.89,6.27,6.34,5.89,36799492.0
4167,2020-02-05,6.3,6.24,6.46,6.19,37336221.0
4168,2020-02-06,6.3,6.54,6.66,6.24,52923281.0
4169,2020-02-07,6.55,6.77,6.88,6.45,62382514.0
4170,2020-02-10,6.79,6.65,6.79,6.5,49099132.0
4171,2020-02-11,6.64,6.43,6.64,6.4,36523077.0
4172,2020-02-12,6.44,6.5,6.54,6.4,27353445.0
4173,2020-02-13,6.51,6.43,6.56,6.41,28313034.0
4174,2020-02-14,6.39,6.5,6.53,6.39,21755686.0
4175,2020-02-17,6.52,6.65,6.68,6.5,33967256.0
4176,2020-02-18,6.65,6.61,6.74,6.56,32249315.0
4177,2020-02-19,6.58,6.65,6.65,6.5,32550905.0
4178,2020-02-20,6.66,6.75,6.78,6.61,44836506.0
4179,2020-02-21,6.85,6.86,6.89,6.72,39011434.0
4180,2020-02-24,7.02,7.55,7.55,7.01,186929259.0
4181,2020-02-25,7.72,8.31,8.31,7.72,294484000.0
4182,2020-02-26,8.5,9.14,9.14,8.35,560931024.0
4183,2020-02-27,9.5,8.23,9.8,8.23,473313136.0
4184,2020-02-28,7.71,7.56,8.12,7.52,283692656.0
4185,2020-03-02,7.78,8.32,8.32,7.66,263829423.0
4186,2020-03-03,8.6,8.4,9.14,8.3,379469600.0
4187,2020-03-04,8.36,8.5,8.8,8.1,265324966.0
4188,2020-03-05,8.88,8.51,9.09,8.51,327928592.0
4189,2020-03-06,8.34,8.11,8.47,8.1,272847504.0
4190,2020-03-09,7.86,7.71,7.98,7.61,173954124.0
4191,2020-03-10,7.64,8.19,8.25,7.64,189314011.0
4192,2020-03-11,8.22,7.83,8.26,7.83,166917913.0
4193,2020-03-12,7.66,7.89,7.96,7.55,92928232.0
4194,2020-03-13,7.61,8.26,8.47,7.56,235646262.0
4195,2020-03-16,8.25,8.4,8.88,8.18,348651920.0
4196,2020-03-17,8.35,8.12,8.39,7.65,212761914.0
4197,2020-03-18,8.21,8.03,8.66,7.92,231593780.0
4198,2020-03-19,7.92,8.16,8.33,7.77,160271652.0
4199,2020-03-20,8.28,8.26,8.58,8.18,184070610.0
4200,2020-03-23,8.0,7.44,8.17,7.43,174104788.0
4201,2020-03-24,7.57,8.18,8.18,7.5,336856672.0
4202,2020-03-25,8.46,8.18,8.54,8.08,319028416.0
4203,2020-03-26,8.13,7.95,8.14,7.85,193824328.0
4204,2020-03-27,8.03,7.8,8.08,7.75,127718837.0
4205,2020-03-30,7.66,7.58,7.73,7.46,97919148.0
4206,2020-03-31,7.73,7.7,7.85,7.51,80882755.0
4207,2020-04-01,7.58,7.6,7.82,7.56,77362268.0
4208,2020-04-02,7.62,7.9,7.92,7.59,106895019.0
4209,2020-04-03,7.89,7.66,7.89,7.61,86758215.0
4210,2020-04-07,7.8,8.15,8.15,7.76,187832791.0
4211,2020-04-08,8.13,8.25,8.43,8.01,169042993.0
4212,2020-04-09,8.34,8.2,8.38,8.16,92353799.0
4213,2020-04-10,8.25,8.33,8.48,8.05,135619214.0
4214,2020-04-13,8.36,7.96,8.37,7.82,130350942.0
4215,2020-04-14,8.02,7.95,8.13,7.82,108663650.0
4216,2020-04-15,7.93,7.85,8.0,7.82,74113606.0
4217,2020-04-16,7.77,8.09,8.13,7.73,98284326.0
4218,2020-04-17,8.06,8.18,8.36,8.02,128616269.0
4219,2020-04-20,8.17,8.51,8.55,8.12,199603715.0
4220,2020-04-21,8.32,8.57,8.85,8.3,239082598.0
4221,2020-04-22,8.43,8.45,8.53,8.22,163295202.0
4222,2020-04-23,8.43,8.25,8.51,8.23,105260032.0
4223,2020-04-24,8.5,8.35,8.83,8.25,190710086.0
4224,2020-04-27,8.19,9.01,9.19,8.19,472333840.0
4225,2020-04-28,8.87,8.5,9.0,8.2,356020864.0
4226,2020-04-29,8.37,9.35,9.35,8.37,527329520.0
4227,2020-04-30,9.46,9.26,9.75,9.13,540116624.0
4228,2020-05-06,9.32,9.61,9.68,9.19,406778032.0
4229,2020-05-07,9.42,9.06,9.46,9.02,320551424.0
4230,2020-05-08,9.16,9.25,9.27,9.02,210538758.0
4231,2020-05-11,9.29,8.91,9.29,8.82,224962289.0
4232,2020-05-12,8.93,8.99,9.17,8.78,171276341.0
4233,2020-05-13,8.85,9.0,9.0,8.68,153282178.0
4234,2020-05-14,8.86,8.92,8.99,8.76,104639629.0
4235,2020-05-15,8.96,9.01,9.29,8.93,197224262.0
4236,2020-05-18,8.8,8.5,8.87,8.46,204141205.0
4237,2020-05-19,8.5,8.38,8.55,8.29,165316949.0
4238,2020-05-20,8.4,8.09,8.4,8.05,171128979.0
4239,2020-05-21,8.13,8.17,8.24,8.07,87031999.0
4240,2020-05-22,8.19,7.88,8.19,7.84,91840974.0
4241,2020-05-25,7.85,7.9,7.96,7.79,48236728.0
4242,2020-05-26,7.91,8.13,8.18,7.87,75289365.0
4243,2020-05-27,8.19,8.01,8.19,8.0,56859362.0
4244,2020-05-28,8.02,7.96,8.14,7.86,52933857.0
4245,2020-05-29,7.9,8.09,8.1,7.9,49699012.0
4246,2020-06-01,8.14,8.25,8.36,8.09,94399228.0
4247,2020-06-02,8.22,8.15,8.33,8.08,75510587.0
4248,2020-06-03,8.15,8.2,8.29,8.08,73757231.0
4249,2020-06-04,8.23,7.98,8.24,7.97,88129214.0
4250,2020-06-05,7.95,8.0,8.03,7.92,46462252.0
4251,2020-06-08,8.04,7.94,8.04,7.9,45063604.0
4252,2020-06-09,7.94,8.0,8.03,7.85,46473943.0
4253,2020-06-10,8.0,8.1,8.12,7.93,50118269.0
4254,2020-06-11,8.11,7.99,8.16,7.94,50006651.0
4255,2020-06-12,7.85,7.98,8.03,7.78,43133388.0
4256,2020-06-15,7.95,7.97,8.11,7.92,49645316.0
4257,2020-06-16,7.98,8.09,8.12,7.98,52424283.0
4258,2020-06-17,8.09,8.09,8.11,8.0,55265931.0
4259,2020-06-18,8.08,8.14,8.16,8.03,65712663.0
4260,2020-06-19,8.13,8.17,8.21,8.1,66786888.0
4261,2020-06-22,8.19,8.06,8.25,8.04,81094651.0
4262,2020-06-23,8.06,7.88,8.08,7.85,78300618.0
4263,2020-06-24,7.9,7.8,7.92,7.78,50666603.0
4264,2020-06-29,7.79,7.55,7.8,7.5,69575903.0
4265,2020-06-30,7.59,7.88,7.92,7.59,83572802.0
4266,2020-07-01,7.88,7.92,7.99,7.83,63647730.0
4267,2020-07-02,7.95,8.1,8.15,7.95,85747813.0
4268,2020-07-03,8.1,8.2,8.21,8.1,85925878.0
4269,2020-07-06,8.27,8.58,8.6,8.27,138956256.0
4270,2020-07-07,8.65,8.46,8.84,8.42,195427768.0
4271,2020-07-08,8.47,8.75,8.81,8.47,142837259.0
4272,2020-07-09,8.54,8.65,8.77,8.41,172428047.0
4273,2020-07-10,8.6,8.8,9.05,8.52,197739173.0
4274,2020-07-13,9.0,8.99,9.0,8.64,171952364.0
4275,2020-07-14,9.0,9.03,9.27,8.81,197487232.0
4276,2020-07-15,9.03,8.72,9.06,8.7,144134416.0
4277,2020-07-16,8.67,8.41,8.92,8.4,131185673.0
4278,2020-07-17,8.45,8.3,8.53,8.23,73584676.0
4279,2020-07-20,8.37,8.68,8.69,8.31,78054888.0
4280,2020-07-21,8.72,8.72,8.85,8.57,75374998.0
4281,2020-07-22,8.67,8.63,8.77,8.58,73095933.0
4282,2020-07-23,8.55,8.45,8.66,8.25,79367996.0
4283,2020-07-24,8.38,8.08,8.59,7.96,82661776.0
4284,2020-07-27,8.08,7.87,8.13,7.78,63884354.0
4285,2020-07-28,7.93,7.94,8.06,7.85,41188621.0
4286,2020-07-29,7.93,8.14,8.15,7.84,61721403.0
4287,2020-07-30,8.14,8.06,8.2,8.02,62907379.0
4288,2020-07-31,8.05,8.08,8.13,7.97,62504202.0
4289,2020-08-03,8.1,8.31,8.32,8.1,86138651.0
4290,2020-08-04,8.33,8.23,8.35,8.17,76719411.0
4291,2020-08-05,8.2,8.14,8.26,8.06,65405714.0
4292,2020-08-06,8.14,8.95,8.95,8.1,259823095.0
4293,2020-08-07,9.28,8.8,9.28,8.72,363218688.0
4294,2020-08-10,8.83,8.86,9.15,8.76,195480912.0
4295,2020-08-11,8.83,8.54,8.99,8.49,168527376.0
4296,2020-08-12,8.58,9.39,9.39,8.57,502476640.0
4297,2020-08-13,9.78,9.69,10.18,9.4,642123264.0
4298,2020-08-14,9.43,9.3,9.63,9.06,333656944.0
4299,2020-08-17,9.39,9.68,9.7,9.28,329539776.0
4300,2020-08-18,9.76,9.57,9.76,9.42,269293520.0
4301,2020-08-19,9.46,9.28,9.46,9.16,200205896.0
4302,2020-08-20,9.15,9.01,9.2,8.88,162854084.0
4303,2020-08-21,9.06,9.18,9.2,8.9,121248282.0
4304,2020-08-24,9.21,9.01,9.22,8.94,75136325.0
4305,2020-08-25,9.38,9.03,9.38,9.0,135493909.0
4306,2020-08-26,8.89,8.53,8.91,8.44,154993692.0
4307,2020-08-27,8.75,8.59,8.75,8.51,66873520.0
4308,2020-08-28,8.5,8.68,8.68,8.45,75306662.0
4309,2020-08-31,8.7,8.63,8.84,8.5,77108545.0
4310,2020-09-01,8.57,8.58,8.66,8.5,63969045.0
4311,2020-09-02,8.56,8.47,8.6,8.39,84201310.0
4312,2020-09-03,8.5,8.27,8.52,8.25,81284608.0
4313,2020-09-04,8.16,8.36,8.38,8.1,59144779.0
4314,2020-09-07,8.33,8.31,8.45,8.28,49541291.0
4315,2020-09-08,8.32,8.41,8.41,8.26,47776663.0
4316,2020-09-09,8.31,8.21,8.37,8.17,62384365.0
4317,2020-09-10,8.27,7.95,8.39,7.95,68469373.0
4318,2020-09-11,7.95,8.11,8.12,7.8,38481140.0
4319,2020-09-14,8.15,8.06,8.17,8.02,35886806.0
4320,2020-09-15,8.09,8.15,8.17,7.98,42834334.0
4321,2020-09-16,8.15,8.11,8.22,8.08,30573996.0
4322,2020-09-17,8.16,8.2,8.23,8.05,47002452.0
4323,2020-09-18,8.22,8.36,8.38,8.17,51362170.0
4324,2020-09-21,8.39,8.28,8.41,8.25,34627074.0
4325,2020-09-22,8.29,8.13,8.32,8.11,36656773.0
4326,2020-09-23,8.16,8.11,8.18,8.06,30154280.0
4327,2020-09-24,8.08,7.89,8.08,7.88,31422179.0
4328,2020-09-25,7.93,7.9,8.0,7.87,23616597.0
4329,2020-09-28,7.93,7.8,7.99,7.8,21251584.0
4330,2020-09-29,7.86,7.82,7.9,7.79,20359079.0
4331,2020-09-30,7.81,7.79,7.87,7.78,19780058.0
4332,2020-10-09,7.9,8.0,8.03,7.86,21377551.0
4333,2020-10-12,8.0,8.2,8.21,8.0,35517680.0
4334,2020-10-13,8.25,8.17,8.25,8.12,27437547.0
4335,2020-10-14,8.16,8.1,8.16,8.03,24056394.0
4336,2020-10-15,8.04,8.06,8.12,8.03,18345155.0
4337,2020-10-16,8.08,8.12,8.13,8.03,20577891.0
4338,2020-10-19,8.15,7.97,8.18,7.97,29430532.0
4339,2020-10-20,7.96,7.89,7.96,7.81,27074743.0
4340,2020-10-21,7.91,7.81,7.91,7.78,21040692.0
4341,2020-10-22,7.75,7.81,7.84,7.73,17722706.0
4342,2020-10-23,7.81,7.68,7.85,7.64,29047204.0
4343,2020-10-26,7.76,7.68,7.76,7.58,15751105.0
4344,2020-10-27,7.77,7.86,7.92,7.72,24029382.0
4345,2020-10-28,7.88,7.84,7.88,7.75,14085041.0
4346,2020-10-29,7.76,7.77,7.8,7.7,16009071.0
4347,2020-10-30,7.78,7.6,7.87,7.58,24377374.0
4348,2020-11-02,7.57,7.57,7.63,7.53,17897033.0
4349,2020-11-03,7.59,7.7,7.71,7.58,22599875.0
4350,2020-11-04,7.72,7.64,7.73,7.63,13857830.0
4351,2020-11-05,7.71,7.77,7.78,7.67,27064792.0
4352,2020-11-06,7.78,7.65,7.78,7.58,22058976.0
4353,2020-11-09,7.66,7.72,7.79,7.66,59489289.0
4354,2020-11-10,7.75,7.72,7.79,7.68,30734810.0
4355,2020-11-11,7.73,7.83,7.94,7.67,48509801.0
4356,2020-11-12,7.85,7.82,7.88,7.76,18888196.0
4357,2020-11-13,7.81,7.8,7.88,7.76,14538594.0
4358,2020-11-16,7.8,7.87,7.87,7.8,20275471.0
4359,2020-11-17,7.88,8.0,8.12,7.83,44194819.0
4360,2020-11-18,8.02,7.99,8.04,7.93,22543086.0
4361,2020-11-19,7.96,8.05,8.11,7.92,45672619.0
4362,2020-11-20,8.06,8.0,8.07,7.89,34467403.0
4363,2020-11-23,7.98,7.96,8.11,7.91,43240517.0
4364,2020-11-24,7.97,8.18,8.2,7.92,66583686.0
4365,2020-11-25,8.14,8.0,8.18,7.96,48745982.0
4366,2020-11-26,8.01,7.95,8.01,7.86,29825196.0
4367,2020-11-27,7.97,8.01,8.02,7.88,31181359.0
4368,2020-11-30,8.01,7.92,8.06,7.92,34169514.0
4369,2020-12-01,7.89,7.82,7.93,7.75,57742396.0
4370,2020-12-02,7.82,7.82,7.89,7.75,32309239.0
4371,2020-12-03,7.82,7.79,7.84,7.73,23916922.0
4372,2020-12-04,7.79,7.81,7.82,7.75,17815174.0
4373,2020-12-07,7.81,7.84,7.94,7.75,24880631.0
4374,2020-12-08,7.82,7.87,7.9,7.8,21018711.0
4375,2020-12-09,7.81,7.27,7.85,7.24,112999342.0
4376,2020-12-10,7.23,7.22,7.33,7.2,27077208.0
4377,2020-12-11,7.22,6.98,7.26,6.88,47052250.0
4378,2020-12-14,6.98,7.01,7.05,6.91,18604510.0
4379,2020-12-15,7.02,7.03,7.06,6.96,10613430.0
4380,2020-12-16,7.07,6.95,7.07,6.95,13256681.0
4381,2020-12-17,6.93,6.89,6.95,6.48,47415554.0
4382,2020-12-18,6.88,6.85,6.96,6.82,20307208.0
4383,2020-12-21,6.8,6.93,6.94,6.78,14560841.0
4384,2020-12-22,6.89,6.83,6.97,6.82,18103671.0
4385,2020-12-23,6.83,6.9,6.97,6.67,37098769.0
4386,2020-12-24,6.88,6.79,6.93,6.77,18272543.0
4387,2020-12-25,6.79,6.76,6.91,6.75,25390582.0
4388,2020-12-28,6.76,6.7,6.8,6.7,21347829.0
4389,2020-12-29,6.75,6.78,6.81,6.71,12559815.0
4390,2020-12-30,6.77,6.75,6.83,6.74,13972588.0
4391,2020-12-31,6.78,6.79,6.8,6.73,22448509.0
4392,2021-01-04,6.9,6.83,6.9,6.75,23962981.0
4393,2021-01-05,6.82,6.69,6.83,6.65,28726220.0
4394,2021-01-06,6.71,6.65,6.72,6.59,23580624.0
4395,2021-01-07,6.65,6.41,6.66,6.39,32510979.0
4396,2021-01-08,6.42,6.28,6.47,6.23,30169754.0
4397,2021-01-11,6.28,6.69,6.91,6.21,76059451.0
4398,2021-01-12,6.56,6.59,6.63,6.52,31292276.0
4399,2021-01-13,6.53,6.6,6.72,6.45,33510165.0
4400,2021-01-14,6.6,6.62,6.74,6.56,19083318.0
4401,2021-01-15,6.61,6.72,6.79,6.61,23497355.0
4402,2021-01-18,6.75,6.65,6.79,6.64,26294836.0
4403,2021-01-19,6.65,6.7,6.82,6.52,33409816.0
4404,2021-01-20,6.72,6.67,6.73,6.64,17952561.0
4405,2021-01-21,6.65,6.64,6.71,6.62,18026072.0
4406,2021-01-22,6.66,6.45,6.66,6.45,25937975.0
4407,2021-01-25,6.42,6.27,6.43,6.27,24140816.0
4408,2021-01-26,6.27,6.3,6.34,6.25,11152300.0
4409,2021-01-27,6.34,6.23,6.35,6.21,22362519.0
4410,2021-01-28,6.22,6.17,6.25,6.12,11849653.0
4411,2021-01-29,6.23,6.02,6.24,5.97,22207741.0
4412,2021-02-01,6.03,6.1,6.15,6.02,15309586.0
4413,2021-02-02,6.1,6.05,6.17,6.05,13165121.0
4414,2021-02-03,6.0,5.9,6.05,5.88,19379641.0
4415,2021-02-04,5.9,5.88,5.91,5.7,18350612.0
4416,2021-02-05,5.85,5.86,6.03,5.82,12711540.0
4417,2021-02-08,5.9,5.88,5.95,5.82,10743353.0
4418,2021-02-09,5.9,5.89,5.9,5.84,13561762.0
4419,2021-02-10,5.89,5.92,5.98,5.88,11047835.0
4420,2021-02-18,6.01,6.19,6.3,5.97,26413466.0
4421,2021-02-19,6.26,6.32,6.33,6.19,22682056.0
4422,2021-02-22,6.32,6.47,6.7,6.32,44970460.0
4423,2021-02-23,6.5,6.5,6.59,6.45,22971144.0
4424,2021-02-24,6.48,6.56,6.59,6.46,27244746.0
4425,2021-02-25,6.61,6.76,6.85,6.51,64872473.0
4426,2021-02-26,6.67,6.46,6.71,6.42,40292145.0
4427,2021-03-01,6.49,6.49,6.51,6.42,22594151.0
4428,2021-03-02,6.49,6.51,6.62,6.45,22159461.0
4429,2021-03-03,6.5,6.58,6.59,6.44,19424470.0
4430,2021-03-04,6.58,6.57,6.61,6.53,16937121.0
4431,2021-03-05,6.59,6.55,6.62,6.5,18156301.0
4432,2021-03-08,6.59,6.67,6.92,6.56,47291342.0
4433,2021-03-09,6.7,6.67,6.9,6.46,39597243.0
4434,2021-03-10,6.68,6.4,6.71,6.4,26952354.0
4435,2021-03-11,6.4,6.76,6.78,6.37,41452234.0
4436,2021-03-12,6.76,6.69,6.83,6.59,31228134.0
4437,2021-03-15,6.61,6.66,6.75,6.61,19073420.0
4438,2021-03-16,6.66,6.72,6.79,6.65,17589910.0
4439,2021-03-17,6.74,6.84,6.98,6.7,44318170.0
4440,2021-03-18,6.85,6.76,6.85,6.75,15972891.0
4441,2021-03-19,6.72,6.65,6.8,6.65,22579476.0
4442,2021-03-22,6.7,6.8,6.82,6.65,18986413.0
4443,2021-03-23,6.85,6.64,6.85,6.61,24060509.0
4444,2021-03-24,6.63,6.53,6.63,6.51,18441617.0
4445,2021-03-25,6.54,6.52,6.6,6.5,13678355.0
4446,2021-03-26,6.54,6.64,6.74,6.51,21938495.0
4447,2021-03-29,6.64,6.76,6.79,6.6,25445860.0
4448,2021-03-30,6.73,6.68,6.84,6.66,27284546.0
4449,2021-03-31,6.7,6.87,6.92,6.66,33129590.0
4450,2021-04-01,6.88,6.9,6.96,6.8,23870447.0
4451,2021-04-02,6.91,6.85,6.97,6.83,17673778.0
4452,2021-04-06,6.85,6.77,6.9,6.75,16126977.0
4453,2021-04-07,6.81,6.85,6.87,6.75,16849648.0
4454,2021-04-08,6.84,6.74,6.88,6.73,17292093.0
4455,2021-04-09,6.74,6.7,6.75,6.65,13255155.0
4456,2021-04-12,6.69,6.61,6.74,6.6,12851030.0
4457,2021-04-13,6.58,6.56,6.67,6.54,13194459.0
4458,2021-04-14,6.56,6.62,6.66,6.56,11874947.0
4459,2021-04-15,6.6,6.64,6.7,6.59,10406181.0
4460,2021-04-16,6.63,6.83,6.85,6.62,22047608.0
4461,2021-04-19,6.79,7.1,7.1,6.77,53442943.0
4462,2021-04-20,6.95,6.82,6.96,6.75,69803313.0
4463,2021-04-21,6.78,6.8,6.81,6.76,17135115.0
4464,2021-04-22,6.77,6.71,6.82,6.71,18244132.0
4465,2021-04-23,6.72,6.66,6.75,6.63,11770519.0
4466,2021-04-26,6.66,6.81,6.84,6.64,19390117.0
4467,2021-04-27,6.77,6.57,6.77,6.55,21483164.0
4468,2021-04-28,6.52,6.55,6.62,6.52,12368572.0
4469,2021-04-29,6.55,6.52,6.6,6.51,14258627.0
4470,2021-04-30,6.52,6.34,6.58,6.33,29864343.0
4471,2021-05-06,6.35,6.21,6.36,6.2,28472335.0
4472,2021-05-07,6.2,6.22,6.27,6.18,14254870.0
4473,2021-05-10,6.24,6.26,6.28,6.21,9745468.0
4474,2021-05-11,6.28,6.33,6.34,6.25,10664230.0
4475,2021-05-12,6.3,6.34,6.37,6.26,15661115.0
4476,2021-05-13,6.3,6.31,6.33,6.28,9097569.0
4477,2021-05-14,6.29,6.94,6.94,6.29,83254360.0
4478,2021-05-17,7.08,6.85,7.49,6.78,159545361.0
4479,2021-05-18,6.72,6.99,7.32,6.63,120391140.0
4480,2021-05-19,6.9,6.88,7.1,6.83,69492936.0
4481,2021-05-20,6.81,6.8,6.9,6.74,36047937.0
4482,2021-05-21,6.8,6.81,6.98,6.73,32663994.0
4483,2021-05-24,6.8,6.9,6.9,6.74,32207449.0
4484,2021-05-25,6.85,6.94,6.98,6.83,36003925.0
4485,2021-05-26,6.94,6.92,6.97,6.87,38927124.0
4486,2021-05-27,6.88,6.83,6.94,6.81,30687487.0
4487,2021-05-28,6.87,6.78,6.87,6.76,18271971.0
4488,2021-05-31,6.79,6.93,6.98,6.73,42035141.0
4489,2021-06-01,6.93,7.02,7.05,6.87,41275898.0
4490,2021-06-02,6.99,7.05,7.17,6.97,48071334.0
4491,2021-06-03,7.05,7.02,7.09,6.95,29214138.0
4492,2021-06-04,6.97,7.0,7.06,6.95,18184709.0
4493,2021-06-07,6.99,7.0,7.09,6.93,25022714.0
4494,2021-06-08,7.0,7.1,7.2,6.95,47398985.0
4495,2021-06-09,7.07,7.12,7.17,7.05,21310596.0
4496,2021-06-10,7.14,7.09,7.14,7.05,21208675.0
4497,2021-06-11,7.09,7.03,7.18,7.03,29611620.0
4498,2021-06-15,7.03,6.99,7.08,6.96,18712091.0
4499,2021-06-16,6.96,6.83,7.03,6.8,24717459.0
4500,2021-06-17,6.83,6.8,6.88,6.75,16282455.0
4501,2021-06-18,6.8,6.88,6.89,6.68,24326290.0
4502,2021-06-21,6.87,6.91,6.92,6.8,17467121.0
4503,2021-06-22,6.92,6.89,6.93,6.86,15506642.0
4504,2021-06-23,6.89,6.82,6.94,6.8,12835476.0
4505,2021-06-24,6.86,6.75,6.88,6.74,16492518.0
4506,2021-06-25,6.75,6.76,6.78,6.7,12910563.0
4507,2021-06-28,6.76,6.77,6.8,6.74,10904392.0
4508,2021-06-29,6.78,6.68,6.79,6.64,14208204.0
4509,2021-06-30,6.69,6.67,6.74,6.64,9554341.0
4510,2021-07-01,6.71,6.7,6.77,6.68,11444378.0
4511,2021-07-02,6.68,6.72,6.86,6.67,19651555.0
4512,2021-07-05,6.72,6.82,6.86,6.72,14250268.0
4513,2021-07-06,6.82,6.85,6.97,6.78,20237185.0
4514,2021-07-07,6.84,6.76,6.85,6.68,26784447.0
4515,2021-07-08,6.74,6.66,6.77,6.61,28032714.0
4516,2021-07-09,6.47,6.36,6.48,6.36,25561347.0
4517,2021-07-12,6.48,6.38,6.48,6.33,17704239.0
4518,2021-07-13,6.38,6.46,6.47,6.32,22229474.0
4519,2021-07-14,6.46,6.31,6.46,6.3,17591846.0
4520,2021-07-15,6.26,6.23,6.3,6.12,23361654.0
4521,2021-07-16,6.19,6.24,6.34,6.19,12079577.0
4522,2021-07-19,6.24,6.14,6.24,6.13,11317388.0
4523,2021-07-20,6.14,6.15,6.17,6.11,12293966.0
4524,2021-07-21,6.16,6.4,6.52,6.15,43768619.0
4525,2021-07-22,6.39,7.04,7.04,6.38,242160605.0
4526,2021-07-23,6.91,7.1,7.14,6.79,172458442.0
4527,2021-07-26,7.09,7.39,7.56,7.01,166652050.0
4528,2021-07-27,7.21,7.24,7.54,7.18,108462114.0
4529,2021-07-28,7.12,7.5,7.65,7.09,162376818.0
4530,2021-07-29,7.5,7.47,7.72,7.35,121454136.0
4531,2021-07-30,7.38,7.8,7.99,7.36,144112706.0
4532,2021-08-02,7.82,7.87,8.15,7.78,109184628.0
4533,2021-08-03,7.87,7.87,8.16,7.72,107669222.0
4534,2021-08-04,7.91,7.87,8.01,7.74,70771537.0
4535,2021-08-05,8.0,8.03,8.15,7.86,93427090.0
4536,2021-08-06,8.05,8.47,8.54,7.95,157966994.0
4537,2021-08-09,9.3,9.32,9.32,8.8,236209041.0
4538,2021-08-10,9.4,9.49,9.98,9.27,514695488.0
4539,2021-08-11,9.56,9.75,10.19,9.5,378236496.0
4540,2021-08-12,9.74,9.24,9.8,9.2,297397328.0
4541,2021-08-13,9.26,8.84,9.27,8.79,242390192.0
4542,2021-08-16,8.8,8.64,8.9,8.53,180894230.0
4543,2021-08-17,8.59,8.33,8.79,8.21,148321160.0
4544,2021-08-18,8.33,8.41,8.66,8.27,125788522.0
4545,2021-08-19,8.41,8.43,8.62,8.36,90555329.0
4546,2021-08-20,8.53,8.84,8.95,8.35,170749783.0
4547,2021-08-23,8.99,9.13,9.25,8.7,166819056.0
4548,2021-08-24,9.15,8.85,9.35,8.43,271577600.0
4549,2021-08-25,8.79,8.7,9.05,8.66,151329482.0
4550,2021-08-26,8.71,9.09,9.48,8.69,253625498.0
4551,2021-08-27,9.09,8.81,9.09,8.72,123605370.0
4552,2021-08-30,8.81,8.81,9.06,8.71,101733996.0
4553,2021-08-31,8.81,8.8,8.95,8.69,91297332.0
4554,2021-09-01,8.76,8.43,8.84,8.37,138180105.0
4555,2021-09-02,8.57,8.79,8.85,8.49,115101484.0
4556,2021-09-03,8.91,8.72,9.02,8.7,117828710.0
4557,2021-09-06,8.72,8.62,8.86,8.56,77380815.0
4558,2021-09-07,8.79,8.93,9.0,8.77,163404016.0
4559,2021-09-08,8.91,8.81,9.23,8.81,125926469.0
4560,2021-09-09,8.8,8.83,8.91,8.72,88854277.0
4561,2021-09-10,8.89,8.61,8.92,8.55,108830792.0
4562,2021-09-13,8.57,8.64,8.79,8.48,88093702.0
4563,2021-09-14,8.69,8.54,8.85,8.48,100245750.0
4564,2021-09-15,8.55,8.59,8.7,8.4,67443631.0
4565,2021-09-16,8.54,8.22,8.58,8.2,92802395.0
4566,2021-09-17,8.22,8.08,8.42,7.9,67603504.0
4567,2021-09-22,7.89,8.39,8.42,7.85,80398088.0
4568,2021-09-23,8.39,8.53,8.75,8.3,112000336.0
4569,2021-09-24,8.6,8.4,8.66,8.36,70197503.0
4570,2021-09-27,8.32,7.78,8.46,7.7,91908269.0
4571,2021-09-28,7.84,8.04,8.13,7.78,68883430.0
4572,2021-09-29,7.99,7.7,8.07,7.65,53624302.0
4573,2021-09-30,7.73,7.8,7.95,7.62,59980032.0
4574,2021-10-08,7.86,7.8,8.0,7.73,44191105.0
4575,2021-10-11,7.87,7.71,7.87,7.64,43768417.0
4576,2021-10-12,7.67,7.5,7.7,7.37,53712769.0
4577,2021-10-13,7.54,7.42,7.58,7.23,41157209.0
4578,2021-10-14,7.38,7.55,7.7,7.38,50263885.0
4579,2021-10-15,7.57,7.57,7.72,7.54,43568535.0
4580,2021-10-18,7.57,7.58,7.63,7.49,27236004.0
4581,2021-10-19,7.54,7.56,7.68,7.49,32567920.0
4582,2021-10-20,7.55,7.61,7.7,7.44,40050124.0
4583,2021-10-21,7.61,7.75,7.86,7.52,56934197.0
4584,2021-10-22,7.75,7.65,7.93,7.57,76390693.0
4585,2021-10-25,7.64,7.72,7.8,7.36,56126768.0
4586,2021-10-26,7.7,7.33,7.72,7.28,102527897.0
4587,2021-10-27,7.34,7.35,7.47,7.14,61972723.0
4588,2021-10-28,7.36,7.13,7.37,7.02,39608877.0
4589,2021-10-29,7.13,7.11,7.21,7.06,30699528.0
4590,2021-11-01,7.11,7.56,7.68,7.07,79765691.0
4591,2021-11-02,7.56,7.47,7.8,7.36,85542621.0
4592,2021-11-03,7.41,7.33,7.45,7.27,49265563.0
4593,2021-11-04,7.39,7.51,7.55,7.23,41197813.0
4594,2021-11-05,7.54,7.41,7.55,7.36,33089217.0
4595,2021-11-08,7.41,7.54,7.61,7.28,46525171.0
4596,2021-11-09,7.54,7.51,7.61,7.46,38909495.0
4597,2021-11-10,7.5,7.78,7.88,7.42,76806492.0
4598,2021-11-11,7.74,7.85,7.92,7.68,74256141.0
4599,2021-11-12,7.91,8.11,8.44,7.71,136756702.0
4600,2021-11-15,8.08,8.09,8.21,7.95,86048461.0
4601,2021-11-16,8.09,8.21,8.55,8.09,131107320.0
4602,2021-11-17,8.21,8.14,8.35,8.08,72391893.0
4603,2021-11-18,8.15,8.02,8.23,7.98,52113110.0
4604,2021-11-19,7.98,8.08,8.09,7.96,37838350.0
4605,2021-11-22,8.08,8.22,8.3,8.02,51009389.0
4606,2021-11-23,8.2,8.1,8.28,8.04,60279697.0
4607,2021-11-24,8.1,8.08,8.18,8.02,54493566.0
4608,2021-11-25,8.17,8.09,8.22,8.07,58431367.0
4609,2021-11-26,8.14,7.89,8.16,7.81,73459778.0
4610,2021-11-29,7.78,7.89,7.94,7.75,51229028.0
4611,2021-11-30,7.89,7.88,8.02,7.82,42737372.0
4612,2021-12-01,7.88,8.06,8.07,7.8,60538489.0
4613,2021-12-02,8.07,8.15,8.49,7.92,122167638.0
4614,2021-12-03,8.15,8.11,8.2,8.03,57561908.0
4615,2021-12-06,8.15,7.97,8.24,7.97,83609480.0
4616,2021-12-07,8.07,7.78,8.14,7.75,72853673.0
4617,2021-12-08,7.86,7.79,7.89,7.69,42758439.0
4618,2021-12-09,7.82,7.74,7.89,7.7,55871402.0
4619,2021-12-10,7.74,7.69,7.79,7.66,35443712.0
4620,2021-12-13,7.7,7.62,7.74,7.6,37213442.0
4621,2021-12-14,7.64,7.59,7.65,7.56,6422403.0
